750 40
00000+++000000000+0000+0+0+000000++0+000+0000+00000++000+0+00+0+0+00+0+00+0000000+0000000++00+0+0000+0000+0+000000+000+000++0+0000000+++0++00+0+0000++00++00+0+++000++00+++00+0000+00000000++000+00000+++0000+++0++0+0+00+000+0000+00++0000++0000+00+000+000000+0+00+++0+0000+0+0++0000+0+++000000+0+00++0000+00+++000+00000++0000++000000000000000000+0+0000+000++00+00++0+000000000000+0000++0++000000+0+++00+0000++0+0000000000000000000000+0000000+000+00+00000+0000+00+000+0+00000000+0000000+00000+++++00++00+00+0000++000+0+0+000000+0000000000++000+++000000+0000+00+000+000+000000+000000000000+00+00000+00+0+++0++00+0+00000000+000+000000+00+0++000+0+0000000+0000++000+000+++0000+00000000000000+0++0000+0000000000+0+0+0+0+000000+00+0+000000000+0000+++00+000+00
76 653283
24 216453
51 467564
38 300285
57 465316
99 979970
44 366896
29 238382
60 466190
100 956374
11 101111
77 734135
45 375029
94 1000000
50 474169
23 194370
53 480618
91 960613
69 521521
8 72410
91 1000000
57 420791
39 334861
67 482731
3 27610
8 70761
75 670203
45 354457
46 396829
3 28460
100 940194
65 558706
73 590477
33 282437
66 519676
66 560908
90 903229
57 445543
15 126674
56 501644
