930 35
000000+0+000+00+00000000+00+++00+000+00000+00000+0+00++000000000000++0000+0+++00000000+00+0++0000000000000000++0000+++0+0+0+00000+0000+000+00000000000000+00+000+0++0+0+000000+00000000000000+0+000+00000000000000+00+00+0000+0+++0+0+000000++0000+0000+++0+0000+0+000000000000000+0++000000+000000000+00000000000+0++++00+0+++000+000000000+0+0000+0000000+00000+++00+0+00000+0000+00000+00+0+000+000000+000000000++000000000000000+00000+0000+00+0++0000+000++000+0+00000+0000000++0++00++000000000++000000000000+00+00+++00000+000++0+000+00+00000000000000+0000+00+00000000000+00+000000+0+0000000000+0+0+0+0++0000+00+000+0000+000++++000+00++0000000++00000+00++++0+0+0+0+00000++000+00+0000+0+0++000+0000++++0000+000000000000000000+000+00000000+0000000000000+00+0+000++0+00+0+000++++000+000000+00++00+0+0000000000+000000+0+00+000+++000000+00+000++00++0000+0++0000+0+000000+00000000000+++000000+0000+000000000+0++00++0+000++000000000000+0++0000+0+
264 399716
224 341490
222 323002
48 55797
53 58149
206 286419
300 524341
96 104774
17 19381
188 259441
222 318466
172 223713
61 69412
57 61435
129 153853
49 52858
110 118480
25 29195
45 52026
130 163160
151 179235
65 71160
12 12820
300 554773
243 394480
141 177879
186 237776
30 33985
300 527270
137 179901
287 463975
192 284633
122 139780
181 251052
244 405665
