957 40
00000000000000000+0+00000000+000000000+000+000000+000+000000000000000000000+00000000000+0000000000000000000000000+00000000000+00000000000000000000+00000000000000000000+0000000000000+0000000000000++000000000+0+000000000000000000000000000000000000000000+00+000000+0000000000000000000000000000+0+00000000000000+00000000000++0000000000000+000+00+00000000+0000000000000000000000000+00000000+00000000+0000000000+0000+00+000000000000000++00000000+0000000000+00000000+000000+000000000000000000+000000+00000000+000000000+0+000000000000000+000000000000000000000000+0000000+00000000000000000000000000+00+000000000000+0000000+0+000+0+000000000000000000000000+0+00+0+000000+00+00+000000+0+000000000+0000000000000+000000+000+00000000000000000+0+0000000000000+00+00000000000000000000000000000000++0+00000000000000000000000000000000000000000000000000000000000000000+000000000000+00+000+0000+000000000000000000000000000000000000000000+000+0000000+0000000000000+000000000000+
59 65166
82 84544
56 65499
95 101126
97 94787
79 94887
47 53117
5 6757
89 87423
37 32843
51 61360
61 68433
54 62931
94 92840
45 48940
100 95195
92 95329
92 92708
4 5515
100 102167
17 19893
6 7411
99 94693
26 26327
63 68712
81 88650
26 25304
12 14665
11 12689
31 29283
48 57179
84 82337
96 99878
37 36022
1 1484
51 60603
40 40094
22 21932
18 19705
93 95953
