940 40
+++0++00++++00++++00+++00+0++00+++++000+0++0000+000+0++++000+0++0+0+0+++0++0+++++0+++0+++00+++000++00+00+0+++0+0+++++0++0++++000+0+0+0+++++0+0++++0+0+++0000+0++00+0+++0+0+++0++00+++0+++++++0+0+++0+00+0+++00+++++0++000+++000+++00++0+0++0+0++0+00+++++00+000000+0+++++00000+0+++++000+++0++++0+000++0+0+0++++++0+0+++0+++0+0+++0000+++00++00++++0++0000++++++000+++0+++00+++0+0+0++00+++0+++++0++++0+00+++++0+0++0+000++0++++++0+++00+++0+00++0+0+++0000++0+0++++++++0+++0+00++++++000+0+00+0+++++000++0+++00++0+0+++++++0++++0+++0++++++++++0++++00++0+0+0+00+0+++++0++++++++00000++0+++00000+000+0++++0++00+++0+++++++0000+0+00+++0+++000++00+00+++000+00++0+0+000000+0+++0+00+0+00++0++++++0++++++00++0+0+0+0+++0+++++++0++++00+++0+0+++0++0++00+000+++0++0+++++0+++0000000++00+0+++0+0+++0++0+++00++0+00++++++0+0++0+00+00+0+0+00+++++0+0+00++0++++++0++00+000+000+++0000+++000++00+++0000+00000++0+0++0++++000++++++00+++0+++++00++0+000++++++0+++0++00+0+++0++0+++0
244 214531
235 186660
262 267760
218 183633
228 179786
278 302180
335 425549
365 440476
362 447063
92 91714
400 428946
386 478160
265 283437
203 183218
294 338668
343 457160
332 380312
7 7279
80 77435
386 511191
361 476905
72 71970
144 131157
100 99532
106 97179
377 521235
129 115453
315 356754
181 169638
373 483037
121 117567
382 507771
46 45702
15 14974
300 326406
274 301270
345 435556
196 190076
400 451978
248 239920
