100 300
11 59
37 47
34 38
88 18
52 38
69 6
3 59
38 9
20 67
59 24
26 48
15 97
2 90
29 59
83 77
66 4
76 73
15 46
55 81
69 51
40 16
41 48
85 24
98 89
17 42
30 42
41 9
68 77
2 3
34 8
98 44
48 96
10 17
7 93
92 4
10 99
80 67
77 11
88 18
15 5
52 78
17 87
59 6
44 24
66 3
69 45
75 5
32 67
21 62
38 99
76 80
10 76
38 93
15 76
88 19
39 50
4 84
55 25
4 16
14 65
27 46
25 50
13 67
80 45
48 35
63 5
92 86
97 45
60 79
68 26
28 58
63 99
43 100
10 29
29 19
34 87
86 46
14 15
15 71
82 40
36 16
77 31
64 59
54 41
21 19
41 43
92 59
40 18
56 47
1 3
71 50
14 64
23 4
22 98
86 53
55 36
2 40
19 100
42 62
41 87
58 70
37 22
98 52
85 12
43 28
91 84
56 92
97 61
64 62
92 88
98 44
95 54
3 83
15 87
7 50
1 71
1 67
61 100
1 18
71 32
40 57
26 5
49 28
98 83
47 20
27 4
64 19
21 26
2 6
94 26
56 93
23 61
13 86
29 43
17 96
35 70
86 24
81 79
60 45
39 19
92 17
98 81
44 35
56 74
72 78
8 24
90 36
40 62
38 36
29 68
52 95
2 9
32 18
84 53
86 73
39 20
82 54
13 19
90 62
59 79
23 100
34 81
10 33
83 93
97 21
19 46
36 42
3 92
94 93
38 13
86 79
7 69
34 74
26 43
2 23
8 73
34 43
5 62
15 92
82 43
30 87
95 50
97 42
75 47
37 16
2 6
41 19
94 61
47 53
98 3
8 48
32 64
85 71
74 47
15 60
11 51
75 55
48 67
76 93
99 19
75 90
30 82
93 36
60 62
52 66
67 50
92 33
68 75
22 37
27 50
65 5
22 37
98 27
54 32
29 16
80 12
66 6
13 70
22 67
90 96
29 53
84 16
7 12
29 36
56 67
69 68
13 36
41 51
7 8
55 13
27 62
3 89
9 88
21 24
48 20
11 78
40 70
63 80
74 58
67 24
86 47
56 93
80 8
14 63
77 25
87 33
27 58
95 76
72 62
78 53
95 25
32 54
41 43
71 58
22 39
38 59
99 21
47 24
60 16
74 60
25 11
94 28
68 55
77 18
37 16
96 64
13 47
97 73
3 39
92 9
94 35
2 83
49 81
69 42
15 66
59 5
25 59
23 55
34 52
2 38
44 81
10 21
26 47
83 78
33 81
60 54
56 76
40 54
14 45
29 89
61 70
61 32
7 65
22 16
33 42
91 12
10 57
31 35
3 42
94 90
