100 239
79 95
23 83
70 85
35 70
43 64
35 41
8 91
60 13
60 73
87 45
57 85
43 64
82 92
98 55
35 62
59 90
83 97
54 11
16 100
39 78
25 7
53 95
17 28
49 7
94 48
3 24
31 12
57 53
46 63
48 6
35 93
46 50
60 30
69 32
94 46
83 73
51 50
87 86
72 9
79 34
21 3
58 16
86 68
2 92
84 95
2 98
23 10
86 70
82 14
63 69
43 16
9 82
5 84
71 76
15 7
40 60
72 39
88 34
65 56
92 26
87 4
23 81
73 90
15 55
44 16
61 69
66 76
9 83
61 55
65 22
99 85
53 74
47 35
2 34
63 33
75 24
18 59
34 77
76 73
72 66
47 42
87 8
36 48
20 71
89 27
72 5
55 62
72 88
9 56
92 59
29 36
3 60
59 34
57 48
38 91
35 99
47 71
32 33
66 55
50 66
81 20
55 62
17 59
48 30
28 17
12 67
87 43
88 28
56 59
64 31
97 43
28 96
87 11
88 95
92 30
47 26
79 85
14 31
15 23
80 36
77 16
41 45
51 59
23 39
83 92
23 18
44 67
1 67
93 59
75 10
2 13
37 5
29 49
5 65
54 39
83 35
79 100
5 62
89 95
36 57
21 38
14 84
80 96
47 96
87 38
86 70
61 60
70 96
21 30
81 50
97 99
94 18
81 42
19 39
6 60
56 44
31 7
59 99
20 24
39 26
56 42
15 31
40 5
61 2
47 74
66 100
61 59
86 91
54 47
88 8
62 13
75 74
12 25
23 96
51 83
47 62
53 43
37 18
87 48
94 84
68 27
81 4
92 96
1 84
9 70
88 43
20 90
37 38
46 87
44 4
79 62
5 67
88 75
23 49
52 98
72 46
93 30
30 22
41 57
34 10
72 39
93 26
94 76
63 31
96 45
50 30
87 21
54 87
19 96
57 27
92 75
60 8
97 99
82 85
51 4
40 30
99 28
18 52
5 70
72 94
30 95
42 27
18 99
59 31
56 86
51 61
83 17
88 51
5 16
47 53
61 76
52 31
30 68
50 60
87 35
47 35
20 100
32 76
63 96
