100 2000
1 41
28 40
26 99
29 69
14 47
91 99
43 12
22 17
35 50
6 39
63 13
71 93
70 86
95 92
53 86
6 86
14 25
74 57
73 76
51 61
2 84
20 62
18 54
8 54
49 42
87 66
1 92
93 62
56 80
56 38
66 93
86 39
56 25
18 9
87 85
95 15
44 46
30 25
21 96
5 25
38 68
40 39
68 46
41 9
2 83
77 57
34 77
85 39
71 83
88 60
68 79
65 22
14 56
94 4
64 20
95 15
67 3
76 71
58 19
67 50
36 8
30 62
90 92
49 11
37 100
53 40
22 82
85 94
30 81
55 20
36 66
44 7
10 25
37 25
10 93
12 72
56 77
78 66
3 46
91 31
27 83
40 8
8 66
2 80
54 69
98 41
48 58
12 17
95 32
58 68
45 78
98 79
86 9
13 88
69 57
94 37
37 41
48 58
47 4
70 34
45 75
67 82
70 100
48 41
18 4
35 62
2 15
35 79
16 39
37 74
70 85
16 47
15 58
29 54
24 65
58 17
36 57
96 1
97 41
21 80
88 66
78 98
1 8
43 4
36 9
49 11
10 4
37 39
40 10
97 28
56 82
30 46
67 85
33 82
64 96
88 46
98 100
64 35
18 23
95 72
41 9
89 86
85 86
52 32
36 57
97 54
43 42
92 25
73 72
16 51
48 81
84 34
85 96
29 58
12 62
10 61
88 50
83 69
56 15
72 60
59 57
87 50
43 49
72 20
97 46
27 92
56 64
91 39
37 93
78 99
73 83
98 34
35 42
6 65
48 13
67 92
1 46
80 76
38 58
13 99
29 68
10 9
18 66
64 81
44 75
94 62
48 44
73 24
31 99
56 65
84 19
3 11
14 84
72 82
45 15
16 96
47 54
30 93
64 17
91 94
48 21
52 100
22 66
90 41
12 71
55 76
48 52
18 72
22 86
7 62
80 84
22 80
33 74
7 39
44 83
38 34
35 38
65 4
13 66
47 12
29 76
41 59
65 17
98 32
29 57
16 47
46 93
6 56
95 69
48 16
54 42
73 36
31 25
76 11
30 100
1 42
24 37
93 46
2 92
6 41
56 19
52 57
31 46
91 80
80 10
21 100
40 8
76 62
63 75
36 83
6 49
67 31
63 5
86 25
53 71
14 19
18 85
10 93
5 21
98 82
37 57
67 48
15 100
67 86
21 50
88 69
85 62
1 26
27 50
87 23
30 82
31 100
48 4
97 4
91 50
51 93
28 17
49 19
73 93
29 84
6 1
78 53
11 82
70 52
63 25
90 23
28 2
7 60
63 10
36 100
67 90
64 21
60 62
5 86
13 83
52 54
5 76
55 99
48 6
70 32
70 7
89 36
33 38
64 37
21 92
35 2
52 62
3 65
29 17
27 2
13 79
84 58
36 83
44 36
28 61
5 53
37 52
51 67
97 45
40 71
18 22
18 82
62 19
45 74
8 61
50 59
91 33
33 84
35 98
22 54
37 10
40 69
87 90
35 2
85 54
8 9
89 54
48 34
27 42
44 71
22 92
11 66
79 59
49 77
55 89
14 58
40 74
48 20
95 52
54 74
29 66
47 50
96 98
18 59
47 17
87 37
37 35
80 59
49 54
78 8
44 17
35 49
66 54
37 60
100 25
31 25
16 48
55 38
6 66
2 1
52 77
73 68
28 52
29 72
98 54
5 41
44 15
94 15
48 41
43 75
33 58
55 98
40 99
43 12
58 32
1 39
56 26
73 4
10 61
78 9
33 81
12 81
51 4
53 82
78 13
4 57
52 34
2 46
95 40
63 89
41 66
94 61
31 38
22 10
30 45
55 68
93 23
38 75
60 61
48 61
90 80
27 38
44 62
51 79
13 25
30 26
95 46
30 26
22 13
58 69
67 53
89 86
31 23
88 100
94 78
98 12
14 55
5 3
78 81
35 45
87 1
71 99
43 16
29 42
29 11
28 86
87 89
29 25
97 11
100 69
65 69
21 75
94 34
16 3
65 83
43 77
45 22
39 19
53 8
55 69
37 9
36 11
80 20
78 72
31 15
10 77
56 50
91 76
28 33
2 66
14 47
51 64
51 74
44 92
47 65
67 91
34 19
44 28
35 50
64 12
3 35
15 66
27 59
71 25
24 72
47 90
11 75
30 37
10 59
65 77
98 10
73 22
15 59
53 12
15 41
94 49
5 10
22 50
56 54
13 60
88 46
13 61
97 37
76 71
11 9
6 86
44 8
98 62
68 23
24 20
96 65
56 81
35 72
33 46
47 92
42 61
89 54
65 12
6 98
18 92
16 3
75 69
100 77
95 15
30 78
70 80
65 34
79 50
81 54
98 46
70 69
36 83
79 23
22 7
43 28
46 17
52 99
55 11
63 21
96 4
85 36
2 1
28 49
11 34
44 94
11 61
55 17
97 3
13 99
33 52
86 74
93 61
4 34
87 92
52 34
55 24
29 78
5 10
67 11
72 20
6 45
9 93
70 45
96 15
89 82
52 57
40 60
67 81
22 40
28 54
15 57
53 39
55 85
3 54
85 79
84 83
32 69
45 92
29 53
84 82
30 44
12 88
27 28
35 61
6 83
71 23
14 73
77 62
29 94
48 81
51 12
56 53
31 39
16 8
52 93
63 20
4 72
18 3
2 92
97 40
3 99
56 86
45 11
1 100
28 92
85 98
37 26
18 61
47 7
21 46
55 24
33 75
28 90
35 98
56 18
22 8
26 74
86 39
21 94
18 94
65 81
94 53
66 68
85 96
94 36
28 52
86 72
83 34
28 46
21 76
30 42
4 9
66 34
65 100
73 41
79 34
31 62
93 25
43 100
3 72
56 76
39 17
36 90
14 50
5 88
7 82
53 65
73 81
29 26
11 46
30 58
97 87
96 80
22 40
30 34
33 81
47 61
16 25
75 83
13 34
18 94
49 79
85 74
51 65
81 57
33 79
92 72
35 40
67 53
3 90
70 13
11 25
80 82
95 50
43 60
97 44
48 53
80 82
63 3
15 100
15 10
13 75
11 25
30 2
30 65
1 54
85 90
81 19
21 10
29 40
40 50
65 38
63 38
63 43
84 61
21 49
64 38
1 15
37 20
73 62
43 24
67 31
29 61
24 93
8 92
56 44
72 99
24 52
21 11
29 88
63 61
44 15
33 4
6 93
65 32
43 88
2 45
6 33
28 61
11 99
56 37
95 71
84 88
76 25
5 41
5 88
26 100
19 61
15 69
18 4
21 77
45 65
83 34
55 31
86 17
98 12
74 60
15 83
55 13
80 32
96 50
7 80
87 38
67 34
78 20
28 73
42 77
56 83
40 79
13 32
28 99
51 96
3 13
8 50
80 69
27 49
65 84
31 45
95 4
89 7
96 90
100 60
87 66
5 33
33 71
11 93
78 84
48 32
1 41
10 71
90 81
24 78
21 94
27 67
95 88
29 9
91 75
40 12
28 99
24 65
73 94
47 42
3 31
49 25
94 57
13 62
94 92
73 78
37 46
78 33
2 65
27 17
52 71
91 69
90 8
58 20
95 93
16 56
55 44
73 26
7 38
30 22
97 3
81 93
14 21
15 88
38 62
14 73
31 59
46 59
34 20
79 62
91 10
60 69
78 7
66 99
65 100
5 56
6 40
31 49
51 28
48 62
80 59
80 100
67 100
63 43
97 21
71 26
94 46
47 22
1 83
78 12
21 35
2 83
93 99
35 62
89 34
15 59
52 26
70 17
55 3
45 36
33 80
16 30
22 69
41 54
87 42
98 68
66 4
72 46
67 26
88 23
73 81
86 34
30 35
94 40
63 39
5 41
94 31
33 80
91 49
43 1
18 79
27 22
2 17
21 92
53 38
67 13
2 20
44 52
21 33
35 17
3 94
97 79
30 68
1 66
91 87
33 54
11 9
1 83
12 20
91 54
94 42
4 71
87 17
37 46
90 13
91 86
40 77
72 69
51 49
29 31
47 69
53 74
76 17
1 61
89 82
24 54
35 42
16 68
86 9
88 79
70 19
53 10
80 34
78 93
28 22
21 15
8 38
21 81
31 42
48 13
66 93
49 66
13 23
80 17
64 36
100 59
66 17
36 42
63 85
67 3
32 77
5 33
18 15
14 88
11 10
54 23
85 68
3 77
58 99
78 90
28 80
15 41
44 42
4 75
27 53
56 11
67 90
94 50
79 69
56 4
66 59
63 7
81 74
14 23
47 53
43 69
3 26
64 86
95 41
48 42
60 69
94 71
76 74
43 11
18 90
66 69
87 7
21 66
53 19
39 11
16 90
66 68
95 44
5 35
23 61
18 44
30 29
68 19
75 34
5 62
97 2
10 100
51 72
56 90
14 96
43 91
21 4
48 41
78 9
5 21
27 22
52 19
51 64
4 62
84 83
2 10
78 4
80 88
81 59
76 60
85 2
40 82
98 54
4 66
91 82
71 19
80 61
38 77
5 99
97 12
94 81
27 11
51 97
3 24
55 64
40 79
29 46
94 32
18 33
86 66
48 15
56 44
30 60
39 61
44 9
30 95
28 36
9 50
6 50
28 73
16 17
16 50
100 32
98 39
86 58
70 44
91 73
43 82
17 23
67 48
82 23
96 53
26 93
66 23
31 52
53 10
92 61
48 71
18 72
20 57
4 8
83 17
52 59
7 41
11 60
28 32
15 12
52 19
51 58
55 83
14 7
5 83
14 73
53 72
29 9
94 80
13 4
39 69
24 45
45 26
90 92
95 77
95 56
13 76
55 74
45 57
43 99
5 72
53 39
74 25
37 32
48 58
80 39
43 12
74 99
79 93
16 56
16 50
18 42
53 26
76 61
50 61
56 39
65 74
38 58
27 13
67 44
44 3
12 72
80 39
16 69
38 50
98 72
30 56
67 95
11 4
51 31
98 39
36 7
64 58
46 61
27 24
34 61
15 71
63 41
47 91
2 40
3 62
84 8
78 77
35 82
63 72
95 44
14 53
62 19
70 31
18 59
2 57
29 4
74 34
47 33
67 2
80 52
64 34
22 34
39 8
3 10
96 62
70 96
51 21
27 96
13 57
14 90
45 78
95 12
86 59
85 11
74 57
70 73
53 26
48 40
5 56
85 38
43 25
62 99
66 54
13 25
85 4
77 17
43 23
35 4
51 12
94 88
46 69
55 82
78 88
67 37
91 11
12 25
85 92
81 23
67 97
12 38
21 17
3 1
48 96
58 17
11 38
38 26
22 19
80 11
18 88
54 46
97 2
28 81
30 38
85 53
6 85
27 99
90 41
45 36
22 79
43 29
33 12
31 82
6 99
94 38
2 92
43 68
37 1
56 44
67 74
11 92
64 84
65 88
83 69
36 92
90 4
11 41
95 42
14 31
21 33
8 99
14 45
65 92
3 50
3 98
63 39
87 75
78 11
22 50
48 76
56 20
56 37
20 69
63 14
89 40
48 7
51 58
20 69
18 35
65 39
95 1
8 41
67 83
5 17
72 61
16 58
65 93
97 64
94 57
45 61
49 52
79 62
28 46
12 66
51 99
48 19
71 82
36 20
64 68
51 88
29 25
96 69
81 46
24 50
83 32
35 68
41 42
1 34
63 88
14 25
11 9
63 37
3 24
47 44
43 28
2 38
62 57
100 99
5 84
73 36
81 79
87 42
84 62
85 19
67 75
3 8
18 12
30 66
97 99
81 25
30 85
63 2
6 52
35 86
56 100
28 39
30 89
63 22
15 93
6 87
97 19
96 46
39 12
94 77
52 72
92 100
36 60
64 15
24 31
65 99
96 12
35 22
94 60
43 48
93 25
44 59
3 40
21 71
56 75
1 26
91 3
3 39
11 74
10 93
21 73
56 65
21 24
43 86
8 46
97 33
44 72
7 41
89 19
70 92
67 9
70 31
47 70
29 19
77 20
21 34
43 51
49 74
36 88
96 2
55 88
7 9
95 24
73 31
43 54
86 13
72 83
14 79
75 17
58 26
24 81
4 99
64 71
94 88
87 84
95 52
1 77
21 61
15 32
69 19
16 32
64 83
16 30
44 85
41 17
47 53
40 72
27 13
27 63
87 89
6 25
49 69
91 28
41 46
14 10
63 60
58 19
68 25
39 10
63 59
45 12
30 76
40 66
44 62
21 4
21 99
6 70
17 77
39 82
86 77
3 82
49 39
47 19
73 68
45 82
29 25
26 34
89 52
7 77
65 58
97 49
86 32
16 15
75 82
5 15
26 99
16 88
89 81
15 98
88 9
95 31
13 99
63 48
97 17
5 7
64 72
85 96
27 6
7 75
16 17
73 54
63 79
6 39
80 60
55 42
18 36
14 7
22 59
36 32
56 80
36 100
35 62
65 25
28 62
10 17
37 1
73 72
16 53
67 32
51 49
1 57
49 52
18 32
9 58
64 32
85 71
83 20
1 84
43 55
91 13
43 74
35 100
18 50
35 71
22 50
63 11
73 78
19 62
70 57
35 93
63 23
13 76
14 78
31 24
50 77
44 21
3 24
52 72
95 5
29 82
48 57
15 40
97 64
51 75
21 59
20 77
22 77
41 99
17 77
36 49
54 99
3 42
40 42
43 93
29 90
63 68
65 69
18 13
51 75
38 58
39 88
45 41
70 82
53 4
80 59
28 40
52 88
70 84
51 93
84 82
100 74
5 86
33 8
71 46
45 79
36 8
71 26
89 61
53 8
51 23
67 48
27 28
70 92
4 69
27 23
96 12
96 74
14 35
35 26
30 38
75 59
33 17
11 4
80 34
16 6
36 7
33 49
30 24
64 98
50 17
1 61
21 38
89 40
6 13
65 25
39 41
2 74
6 57
24 1
56 50
34 59
29 12
37 41
94 92
20 25
6 57
16 15
18 70
64 34
63 23
44 28
18 69
27 22
45 39
34 61
84 81
40 79
56 59
27 42
49 13
9 32
35 71
100 34
12 50
81 68
1 65
56 73
98 58
95 54
2 19
33 54
80 71
79 77
30 24
44 20
29 40
11 69
18 33
83 69
16 48
21 77
35 34
72 54
36 98
91 15
37 84
43 59
10 32
3 75
6 34
36 32
7 68
67 1
87 54
91 84
26 61
13 57
63 7
49 88
55 39
71 50
97 34
5 4
53 13
14 71
78 68
45 8
55 33
2 49
6 70
24 26
27 55
28 79
18 1
49 98
51 32
27 100
86 46
98 19
37 74
16 56
16 92
44 26
3 40
97 26
95 65
13 32
6 97
36 9
40 11
89 34
1 20
66 58
21 4
22 39
40 26
65 79
27 100
86 76
55 80
87 41
3 37
44 98
29 42
83 32
87 23
7 41
49 42
3 81
56 1
3 22
82 62
11 74
70 72
76 46
24 19
47 29
50 93
6 68
51 61
80 75
9 71
51 50
30 26
58 23
94 60
8 50
14 58
43 14
18 44
29 50
41 54
46 23
53 90
15 75
18 20
15 88
40 68
28 26
30 61
10 71
87 69
51 91
48 88
15 34
39 75
89 38
45 42
2 20
28 7
44 87
16 96
89 81
79 82
24 81
85 76
14 24
3 100
49 83
68 50
30 84
2 32
40 9
2 38
87 90
44 7
2 8
54 99
1 88
16 43
53 80
52 77
87 52
13 9
56 4
41 57
95 77
37 80
70 35
80 52
52 58
85 40
15 50
44 75
24 78
40 62
6 98
44 96
18 39
49 74
6 10
92 32
26 100
67 53
27 10
29 8
87 50
24 71
36 20
43 85
21 71
30 85
82 20
49 74
14 82
26 69
87 10
48 75
47 18
28 50
43 68
26 34
84 71
67 26
46 62
33 25
23 60
67 98
73 46
43 3
86 57
1 33
49 58
65 39
43 97
91 78
95 21
22 34
86 57
45 71
47 19
84 68
17 69
35 60
97 29
73 74
63 9
7 52
67 62
94 32
14 2
65 25
51 41
32 59
58 9
45 22
45 39
73 34
56 88
71 99
40 17
63 52
3 60
73 71
75 46
29 91
5 62
63 17
67 89
25 99
52 61
44 85
44 77
63 65
91 59
73 22
81 83
16 26
79 60
48 31
15 68
63 12
81 32
51 91
44 87
74 60
84 60
64 19
55 8
43 52
97 36
70 10
49 39
67 46
21 68
7 81
80 7
13 62
14 36
9 82
37 8
13 42
22 74
78 60
56 32
75 93
43 94
7 26
66 82
70 53
95 96
21 52
56 64
64 87
87 12
31 69
18 21
65 100
21 42
52 34
29 19
22 57
58 26
37 46
21 72
39 40
39 74
71 61
76 81
37 15
68 100
45 72
81 82
15 52
27 58
36 60
73 85
27 2
37 58
47 28
58 25
63 89
64 94
81 93
49 81
97 90
94 12
30 41
7 80
63 25
66 23
10 54
84 25
87 25
56 40
49 23
73 66
47 44
3 65
93 77
18 96
6 54
28 11
41 57
73 45
6 79
77 19
92 17
21 28
71 75
95 100
30 54
19 59
63 26
48 56
94 50
91 9
11 34
13 52
67 99
66 26
65 50
36 7
78 59
30 79
76 79
49 50
36 40
5 65
56 17
73 13
92 34
27 98
28 94
4 23
96 8
65 7
6 18
4 57
11 26
29 87
21 17
8 50
84 32
33 62
50 42
29 19
29 25
36 83
55 98
37 50
91 75
86 34
42 23
91 9
55 40
2 93
13 71
31 8
70 76
84 62
14 83
15 52
6 2
80 66
90 57
40 74
89 52
87 45
88 54
35 45
51 82
4 19
47 54
24 39
70 69
67 70
18 12
16 20
56 44
97 81
14 35
2 60
10 9
86 99
1 25
6 35
14 98
12 54
64 85
30 87
83 99
30 96
89 32
7 20
30 92
89 49
63 95
63 18
33 8
43 12
67 78
73 35
2 81
95 74
7 20
91 90
18 37
1 88
51 56
6 34
76 74
12 25
52 4
93 77
29 32
7 11
68 74
44 45
47 52
33 93
24 26
89 96
55 53
45 25
62 19
40 12
10 76
70 28
87 69
2 53
15 81
