100 239
78 44
73 47
64 56
45 78
95 70
76 91
62 85
75 27
48 14
38 59
13 90
71 56
50 54
15 63
52 57
48 56
85 8
42 27
71 69
26 71
82 87
66 65
24 75
3 53
34 29
46 31
40 79
59 26
79 8
61 49
72 92
4 36
8 88
67 24
54 51
44 93
52 14
57 5
79 62
2 87
35 33
46 37
21 11
62 49
40 9
10 76
83 11
17 54
10 63
96 48
45 29
100 82
25 58
31 93
96 28
18 95
33 58
43 46
21 2
98 66
41 76
76 42
39 80
39 18
61 99
23 55
5 20
64 11
8 90
56 74
63 84
83 51
59 86
71 98
56 87
65 32
68 56
30 76
95 34
9 13
36 60
16 67
79 36
26 20
35 76
94 39
78 9
27 82
95 18
74 93
68 50
17 5
37 23
82 25
19 100
93 62
74 33
42 13
50 81
53 31
57 51
56 38
29 25
3 52
89 75
94 39
33 69
83 22
81 21
97 92
68 48
85 17
79 25
72 29
42 58
88 49
37 19
6 80
91 1
94 54
51 99
79 52
69 18
71 5
44 68
89 40
88 97
5 64
19 62
77 61
15 62
53 63
53 56
60 29
30 52
7 16
56 52
75 57
33 66
65 58
88 48
25 88
13 6
99 22
27 92
30 61
71 86
43 44
95 9
85 10
100 37
77 99
43 16
32 84
19 78
23 69
84 18
23 12
67 83
39 43
97 82
5 90
50 17
31 44
71 93
1 3
45 60
66 95
15 93
99 73
63 13
82 8
22 3
52 49
64 81
25 11
91 19
79 17
31 36
68 1
100 95
76 47
98 72
59 30
39 8
28 71
38 27
56 28
3 2
33 91
6 97
83 44
32 12
30 16
31 23
80 33
15 72
34 39
79 69
73 64
47 2
73 33
57 70
35 64
43 80
39 88
82 74
65 92
8 89
37 73
8 49
70 43
65 51
47 35
99 89
47 87
33 39
89 23
70 88
83 35
71 75
94 50
75 1
51 37
72 98
80 79
59 84
11 29
41 45
59 21
50 25
57 4
33 10
69 22
45 42
33 95
73 42
52 11
47 96
