298 297
1 4
2 4
3 4
4 7
5 7
6 7
7 10
8 10
9 10
10 13
11 13
12 13
13 16
14 16
15 16
16 19
17 19
18 19
19 22
20 22
21 22
22 25
23 25
24 25
25 28
26 28
27 28
28 31
29 31
30 31
31 34
32 34
33 34
34 37
35 37
36 37
37 40
38 40
39 40
40 43
41 43
42 43
43 46
44 46
45 46
46 49
47 49
48 49
49 52
50 52
51 52
52 55
53 55
54 55
55 58
56 58
57 58
58 61
59 61
60 61
61 64
62 64
63 64
64 67
65 67
66 67
67 70
68 70
69 70
70 73
71 73
72 73
73 76
74 76
75 76
76 79
77 79
78 79
79 82
80 82
81 82
82 85
83 85
84 85
85 88
86 88
87 88
88 91
89 91
90 91
91 94
92 94
93 94
94 97
95 97
96 97
97 100
98 100
99 100
100 103
101 103
102 103
103 106
104 106
105 106
106 109
107 109
108 109
109 112
110 112
111 112
112 115
113 115
114 115
115 118
116 118
117 118
118 121
119 121
120 121
121 124
122 124
123 124
124 127
125 127
126 127
127 130
128 130
129 130
130 133
131 133
132 133
133 136
134 136
135 136
136 139
137 139
138 139
139 142
140 142
141 142
142 145
143 145
144 145
145 148
146 148
147 148
148 151
149 151
150 151
151 154
152 154
153 154
154 157
155 157
156 157
157 160
158 160
159 160
160 163
161 163
162 163
163 166
164 166
165 166
166 169
167 169
168 169
169 172
170 172
171 172
172 175
173 175
174 175
175 178
176 178
177 178
178 181
179 181
180 181
181 184
182 184
183 184
184 187
185 187
186 187
187 190
188 190
189 190
190 193
191 193
192 193
193 196
194 196
195 196
196 199
197 199
198 199
199 202
200 202
201 202
202 205
203 205
204 205
205 208
206 208
207 208
208 211
209 211
210 211
211 214
212 214
213 214
214 217
215 217
216 217
217 220
218 220
219 220
220 223
221 223
222 223
223 226
224 226
225 226
226 229
227 229
228 229
229 232
230 232
231 232
232 235
233 235
234 235
235 238
236 238
237 238
238 241
239 241
240 241
241 244
242 244
243 244
244 247
245 247
246 247
247 250
248 250
249 250
250 253
251 253
252 253
253 256
254 256
255 256
256 259
257 259
258 259
259 262
260 262
261 262
262 265
263 265
264 265
265 268
266 268
267 268
268 271
269 271
270 271
271 274
272 274
273 274
274 277
275 277
276 277
277 280
278 280
279 280
280 283
281 283
282 283
283 286
284 286
285 286
286 289
287 289
288 289
289 292
290 292
291 292
292 295
293 295
294 295
295 298
296 298
297 298
