300 447
270 232
187 149
12 177
182 140
17 298
96 280
51 237
55 149
162 51
291 108
171 46
242 88
71 22
259 298
40 288
207 63
92 298
160 15
125 147
137 276
261 280
265 80
114 245
136 208
170 104
3 135
198 10
126 208
83 49
217 264
262 243
190 234
216 10
71 58
258 260
110 290
87 211
192 231
195 41
204 159
244 228
39 101
175 218
230 169
145 287
229 129
70 231
105 283
239 6
234 35
263 114
276 253
260 267
238 271
146 273
267 282
297 254
115 193
23 57
32 275
76 245
97 102
242 85
81 265
230 132
111 9
75 179
140 58
166 160
169 131
292 228
60 149
290 176
215 179
20 142
170 164
254 39
210 181
196 299
15 247
274 285
131 49
261 251
205 18
99 29
4 265
104 164
18 45
189 118
98 176
199 120
30 204
38 214
27 197
282 132
295 183
279 179
214 46
250 58
57 174
49 41
227 129
284 248
75 92
190 54
103 216
36 232
7 68
300 39
248 74
67 177
268 28
278 5
23 285
222 268
117 202
180 189
246 140
294 253
272 172
153 48
249 197
287 221
219 142
166 15
266 157
219 20
60 160
240 221
154 25
144 14
119 138
52 238
116 74
1 248
86 10
299 212
107 231
292 244
84 272
113 102
163 161
251 25
291 182
148 212
105 237
21 133
168 271
130 156
100 264
61 213
108 182
61 218
269 252
155 42
77 275
209 267
3 6
141 14
46 244
90 269
127 260
188 202
66 213
24 15
223 290
139 68
88 85
90 181
45 167
158 214
10 126
122 51
186 155
224 132
28 293
13 108
63 238
116 82
228 254
32 1
5 67
95 35
150 42
208 256
73 299
221 239
240 287
180 118
243 102
64 288
232 144
165 41
47 235
146 223
246 182
262 178
54 234
14 197
273 223
159 202
101 265
245 147
96 143
24 247
257 288
16 73
202 273
34 228
82 5
150 155
47 193
99 42
21 121
127 157
258 267
98 290
81 101
152 156
69 46
8 252
300 101
213 218
153 25
285 57
8 269
197 235
41 143
19 68
12 158
89 108
58 22
181 269
76 114
27 235
43 114
225 45
247 16
86 126
132 169
162 212
226 142
298 133
252 70
35 220
109 211
271 268
288 128
78 6
183 9
296 37
280 251
168 238
25 48
165 143
118 157
281 45
186 22
124 204
80 63
121 264
149 160
191 252
30 159
192 227
200 59
229 227
167 87
206 1
196 73
211 44
255 40
177 158
48 37
270 164
255 147
142 103
178 243
4 80
172 145
179 92
33 221
115 20
218 7
123 256
9 279
72 16
106 44
95 234
212 51
206 248
11 253
122 237
274 129
112 145
31 293
209 282
173 48
151 104
62 57
297 39
241 87
203 16
250 140
220 120
154 251
94 293
59 138
62 174
224 282
124 174
112 287
286 44
38 158
94 28
19 7
33 239
53 276
294 276
26 67
97 88
72 73
55 187
78 239
56 220
120 189
259 133
69 244
130 77
226 103
107 70
184 50
17 92
241 167
295 9
194 169
34 254
139 272
134 208
277 268
83 131
266 118
210 50
65 156
151 85
201 82
237 283
2 220
156 77
85 104
199 189
236 205
79 176
201 5
22 155
207 80
52 63
283 213
281 18
42 29
191 70
293 89
175 7
253 183
231 227
222 271
188 159
257 40
2 35
6 135
44 59
102 88
275 1
284 74
143 280
233 77
217 121
233 275
173 37
111 279
36 144
26 177
11 183
136 126
29 205
134 256
43 263
161 178
109 87
133 121
129 285
235 193
84 172
157 260
289 128
264 54
289 187
91 18
123 137
110 223
91 205
171 214
185 103
194 131
193 20
256 137
198 216
141 144
296 263
163 178
185 216
53 137
93 145
68 272
64 128
195 49
203 247
128 187
277 28
125 245
236 29
74 82
66 283
138 161
225 167
119 161
215 279
31 89
278 67
184 135
200 138
249 14
117 273
286 211
50 181
174 204
100 54
56 120
106 59
135 50
147 40
113 243
164 232
37 263
148 299
93 172
13 89
