300 447
271 78
264 109
205 90
9 144
18 286
139 110
174 188
84 191
111 181
22 296
174 143
279 299
241 139
288 58
40 298
135 201
209 27
39 206
44 246
2 294
159 15
77 295
117 105
244 196
276 240
22 228
79 106
26 200
211 57
5 292
296 67
291 274
97 105
71 257
168 187
44 130
18 51
141 231
117 93
84 259
278 159
171 75
166 234
63 136
245 94
159 198
60 206
107 4
20 58
40 28
149 209
142 1
279 199
262 182
250 87
145 231
19 233
98 149
234 284
288 20
140 13
9 255
148 156
277 35
236 119
119 285
49 127
111 273
271 114
71 185
165 167
26 74
207 24
183 280
31 229
270 138
1 21
166 118
46 212
95 232
149 55
86 260
269 205
27 168
276 120
70 92
240 66
176 67
282 276
64 204
57 87
278 29
277 270
38 248
281 71
211 113
294 134
183 48
222 125
156 171
250 161
93 202
293 147
207 82
142 208
95 256
240 56
291 17
270 255
8 130
190 178
11 155
78 114
73 262
234 118
283 111
163 33
140 244
89 280
158 2
265 88
11 38
160 10
236 154
103 292
239 164
296 176
220 222
221 45
74 213
158 14
5 175
133 124
278 230
103 224
192 295
269 162
63 137
220 125
66 56
137 226
266 72
222 170
149 128
24 290
93 158
26 253
123 6
5 103
203 60
108 53
19 256
115 136
33 140
165 112
43 76
248 278
236 258
260 79
17 184
98 59
61 174
16 53
271 30
160 83
37 186
41 258
34 126
89 211
44 267
156 75
40 32
69 21
79 59
272 146
103 132
74 253
133 12
139 223
124 150
203 4
254 100
297 135
299 300
65 94
73 85
8 44
117 202
104 82
163 42
156 169
41 204
66 297
17 241
38 289
170 268
74 96
238 232
132 224
43 88
221 235
148 191
245 8
297 50
33 13
247 219
23 54
182 81
210 183
198 160
176 215
238 95
123 116
96 164
54 175
69 18
264 61
57 113
46 25
39 99
137 277
34 37
70 104
247 32
240 217
63 226
265 43
277 138
141 123
133 150
158 252
276 217
266 249
31 238
171 129
298 28
250 254
115 63
283 157
269 90
17 274
176 36
171 31
263 76
61 62
266 81
246 122
182 151
298 162
247 40
192 77
77 265
124 272
86 242
37 152
71 193
281 273
24 102
104 207
237 189
111 281
137 35
37 126
210 196
2 252
19 251
57 250
192 216
190 107
160 70
168 219
245 68
11 275
49 121
221 291
222 177
47 157
227 25
211 7
142 284
248 29
188 271
198 15
239 194
123 73
54 197
293 179
115 189
31 129
20 195
291 45
254 161
263 225
241 223
209 128
265 153
188 30
233 251
141 116
66 91
97 243
1 69
112 97
22 180
124 146
97 117
294 16
34 195
24 163
36 215
145 80
119 288
60 214
47 101
46 227
241 184
96 213
183 89
159 230
209 218
96 239
64 144
170 65
198 83
9 64
127 145
179 133
78 11
60 39
8 68
27 218
47 283
77 153
205 293
193 257
33 42
237 115
23 197
296 180
65 268
254 220
297 91
98 55
270 9
27 187
299 228
262 151
234 142
43 263
182 266
16 108
49 3
112 243
23 122
69 51
135 50
281 185
18 264
108 46
174 62
135 237
170 177
112 167
179 147
293 131
237 201
78 155
264 286
262 85
205 131
207 290
127 80
260 106
272 166
36 282
227 259
95 19
188 143
73 6
72 199
279 300
119 154
288 285
282 52
152 47
2 134
79 98
233 26
263 165
86 99
84 148
145 141
165 225
163 102
39 86
64 41
246 23
41 236
132 221
210 48
193 192
152 101
298 269
61 109
38 275
65 245
244 210
107 203
127 3
104 92
89 7
72 249
20 34
93 14
107 178
54 5
36 52
108 212
272 172
220 100
70 10
244 287
238 229
148 169
193 216
179 12
1 208
190 194
16 261
132 235
203 214
248 289
227 84
233 200
294 261
140 287
260 242
72 279
282 120
299 22
139 173
283 181
168 247
246 267
166 172
152 186
239 190
