300 5790
190 170
82 142
239 223
212 246
176 186
90 51
40 224
136 4
107 77
63 148
47 19
84 205
220 91
213 34
57 150
151 262
44 211
137 40
152 219
149 164
102 49
13 288
166 179
286 291
292 184
223 145
268 9
117 248
27 141
298 288
194 220
169 35
208 9
159 32
270 207
200 277
176 231
246 54
182 39
85 292
201 233
64 278
118 41
146 86
261 91
299 271
133 48
117 99
273 232
40 34
249 206
67 266
194 118
218 197
253 208
16 94
113 52
100 3
138 56
238 151
171 45
113 158
272 45
87 124
185 21
31 134
192 109
166 26
26 252
250 136
193 106
273 145
300 42
115 99
282 20
287 219
147 234
37 289
222 134
145 38
299 12
278 60
21 90
227 149
205 77
251 163
108 103
199 46
54 88
158 275
218 28
182 84
32 35
110 238
77 164
64 156
45 192
239 105
75 162
25 257
269 18
37 50
152 32
199 294
143 101
1 230
296 65
83 43
250 127
264 242
282 281
66 121
117 78
28 251
75 114
249 283
156 38
188 129
157 299
114 265
80 74
246 21
113 14
29 144
77 7
165 168
282 295
80 260
93 153
295 163
233 10
138 108
4 229
4 129
99 15
104 25
116 150
63 222
185 54
167 191
161 201
234 142
4 231
269 118
261 232
55 247
225 89
51 258
36 46
123 67
244 61
105 49
8 87
223 236
219 42
47 46
251 208
278 2
25 234
45 73
164 52
91 139
142 103
158 62
109 263
134 269
54 284
18 170
166 193
134 23
182 200
16 193
200 121
154 200
124 66
124 237
60 53
116 17
283 194
88 300
206 128
173 74
113 164
148 206
197 140
100 200
210 37
171 161
197 296
282 253
109 1
84 111
13 111
237 164
252 47
96 204
97 7
158 277
68 149
179 199
249 245
268 20
24 217
42 211
129 229
102 230
22 5
278 232
230 131
288 100
122 255
177 187
72 21
92 285
241 120
193 199
186 195
240 219
67 75
108 136
246 116
170 67
63 262
14 3
39 19
294 112
75 179
51 279
218 253
85 120
276 240
198 145
288 97
115 210
271 62
119 121
297 102
280 55
265 47
62 241
138 25
132 190
2 167
286 61
78 269
290 251
218 231
133 53
37 239
85 159
112 244
27 297
269 105
207 197
258 5
206 37
98 247
2 183
159 137
289 10
279 280
156 145
206 263
28 281
158 149
179 285
204 169
82 234
276 152
12 43
101 180
102 172
243 258
48 71
102 232
147 196
254 168
136 290
134 283
53 139
130 186
39 111
177 106
111 97
196 234
229 197
252 124
73 37
164 96
295 20
96 150
17 90
159 86
264 26
94 199
228 106
28 282
78 221
25 98
210 99
170 266
188 24
25 34
243 25
44 86
222 99
273 67
22 108
214 61
235 188
224 143
76 32
47 119
127 180
85 51
216 120
20 181
97 205
239 64
90 104
134 128
220 232
108 218
50 58
97 121
114 71
105 273
116 260
48 166
227 271
2 193
260 255
221 236
8 286
220 2
224 29
111 135
250 224
157 164
252 294
26 6
21 122
253 140
163 65
204 219
219 82
241 17
104 196
148 233
49 183
231 195
185 52
101 81
41 53
244 209
213 98
49 91
8 259
280 235
289 269
11 294
122 260
254 268
190 145
77 113
96 57
134 141
196 5
269 132
169 147
284 225
152 292
39 84
245 10
245 239
266 177
141 172
256 202
286 182
86 250
67 193
205 209
119 291
273 41
45 148
123 183
116 70
210 78
39 244
220 131
54 150
165 208
55 129
137 138
143 29
293 161
186 281
242 199
61 299
172 232
58 156
191 112
11 124
188 253
133 75
226 82
267 165
103 129
272 210
199 112
57 88
135 83
202 178
283 269
61 149
105 38
129 127
222 79
219 243
217 181
15 37
119 209
268 208
4 267
23 223
125 123
138 280
278 264
257 103
170 174
151 222
215 267
194 223
38 174
60 266
121 135
198 278
134 206
227 246
30 88
253 144
61 84
257 160
299 246
279 56
285 291
104 258
286 87
29 197
261 273
241 80
111 113
197 281
209 52
201 27
180 165
78 10
2 48
98 176
8 66
51 147
94 36
122 240
229 274
244 111
64 230
124 154
126 295
17 74
99 245
123 75
278 41
100 227
268 217
128 236
71 11
64 236
183 167
91 26
12 21
234 257
89 25
124 291
211 235
108 160
111 157
179 11
115 31
252 154
65 20
204 155
58 220
276 74
188 231
86 40
21 74
159 93
298 46
264 266
281 217
62 54
297 190
101 217
52 116
228 8
218 143
91 16
87 294
221 194
266 6
213 250
276 90
1 223
272 151
23 102
199 286
146 196
297 18
18 49
104 137
109 297
110 249
121 149
43 17
266 75
172 125
221 156
32 137
130 28
53 187
96 276
92 19
39 66
109 239
133 242
83 241
253 274
25 160
258 25
178 223
57 155
132 105
261 145
44 25
255 184
135 43
70 120
154 214
164 135
115 256
77 12
298 39
49 232
252 46
126 24
60 174
232 48
216 152
257 176
80 57
211 250
3 173
128 198
127 28
193 114
293 78
183 94
183 187
180 203
22 270
71 294
56 103
246 17
173 57
98 224
150 219
39 157
40 215
265 46
124 288
131 67
56 55
47 84
254 20
14 173
132 194
45 249
139 187
167 285
258 89
117 148
216 155
29 195
41 16
197 208
56 224
252 39
26 69
231 24
19 100
91 167
188 229
256 263
1 220
292 32
284 240
14 275
45 134
271 122
141 64
209 83
21 155
92 13
209 12
85 44
59 146
149 54
26 11
285 298
18 220
205 227
80 90
294 119
201 289
286 112
252 119
261 264
10 105
119 200
267 203
255 287
292 42
64 170
243 213
299 173
205 299
159 35
80 284
45 202
3 83
107 157
120 59
183 139
289 128
153 130
248 27
159 56
214 97
55 29
49 53
70 260
94 265
198 49
7 185
182 66
18 60
272 222
117 73
3 241
202 27
219 146
138 196
222 248
54 240
54 85
178 64
86 137
278 38
86 196
143 207
142 55
5 33
274 20
203 20
193 191
42 142
201 10
171 99
105 230
225 292
221 105
97 227
297 170
230 145
254 296
242 36
164 7
248 249
172 91
109 23
68 277
13 154
248 15
100 77
255 219
78 37
13 107
21 116
174 75
23 230
24 274
73 210
210 283
170 145
232 139
41 166
98 160
77 149
134 178
19 107
124 119
53 94
298 66
58 273
187 46
245 236
13 68
187 191
38 53
126 254
35 93
154 291
287 146
196 211
41 133
222 210
280 136
120 300
173 276
236 189
261 131
2 94
6 228
136 28
94 106
132 156
228 69
22 103
137 56
294 84
46 107
62 276
153 126
54 122
221 18
283 239
75 187
154 288
142 247
190 189
119 84
4 188
189 133
247 231
257 22
10 223
187 112
235 4
244 107
112 259
18 125
227 209
97 158
276 225
232 2
179 8
1 156
10 221
194 190
174 193
15 289
285 214
190 236
66 244
125 41
201 128
170 133
60 242
178 230
35 22
46 200
2 266
184 258
291 212
27 132
71 187
219 258
260 287
276 150
234 235
71 69
284 287
13 259
199 13
252 182
256 37
231 207
89 279
62 260
160 130
121 164
124 111
6 286
189 67
166 69
247 267
190 18
160 270
264 166
34 160
6 11
161 206
14 62
116 80
50 178
285 87
125 170
291 68
167 36
142 22
74 51
124 46
152 146
107 209
51 219
25 93
48 75
31 256
123 94
50 190
57 152
135 173
11 154
4 130
198 220
69 47
88 51
198 91
137 34
216 284
159 234
184 213
187 298
3 216
216 204
216 17
171 248
32 234
297 1
36 13
137 22
47 214
210 202
255 226
203 208
16 179
290 267
265 112
153 188
247 24
93 108
164 275
25 142
73 206
74 85
79 10
209 299
52 216
209 185
131 166
242 106
287 104
269 128
286 298
173 284
283 10
226 42
96 116
235 247
161 134
173 80
22 98
220 174
137 196
248 31
252 8
233 109
300 104
45 248
138 34
94 179
233 206
93 235
183 193
191 298
200 212
204 225
279 196
97 149
136 215
225 44
150 76
229 195
236 18
174 53
226 93
209 158
204 260
59 213
33 270
80 287
156 264
267 282
288 157
175 210
59 104
24 268
226 44
222 192
289 23
38 26
202 15
280 257
253 165
213 211
47 182
152 159
74 226
78 263
40 136
89 22
192 249
249 99
63 161
251 217
89 196
277 52
169 159
27 289
105 18
145 67
187 106
164 14
94 167
219 32
178 156
200 72
117 210
87 112
243 86
202 233
159 196
79 221
252 259
170 123
278 133
157 121
279 138
77 185
99 134
197 81
31 109
292 89
102 60
70 219
145 123
196 34
162 8
160 143
99 201
264 67
30 57
270 127
212 52
273 49
201 283
194 156
10 18
44 82
42 25
65 140
131 174
206 79
72 116
188 282
293 210
178 297
51 42
132 118
27 64
162 199
162 285
205 121
38 264
195 168
174 139
86 108
259 84
19 291
170 189
134 132
261 174
40 98
103 229
15 50
236 261
204 255
289 297
266 162
5 55
132 223
129 197
250 218
67 26
182 157
146 280
223 131
64 172
256 50
2 162
150 225
8 294
278 189
61 227
264 48
84 107
174 183
105 189
68 164
258 40
278 91
128 102
57 260
229 296
20 208
88 225
258 280
44 213
17 155
224 188
166 6
93 142
138 257
10 297
139 36
161 79
192 79
30 17
51 146
285 154
64 198
290 144
61 157
193 187
90 184
23 105
101 296
120 155
110 99
238 192
70 284
67 162
244 288
255 152
11 119
23 141
218 282
212 72
16 53
159 25
51 86
282 168
130 254
290 186
229 251
114 92
277 185
186 208
10 194
288 149
92 46
188 28
141 58
247 207
91 48
256 201
227 164
202 245
271 276
253 295
81 9
241 204
265 286
8 214
245 23
226 146
50 102
93 55
115 15
149 3
58 105
74 300
29 282
179 193
5 160
200 205
62 116
54 216
229 163
151 201
142 224
258 22
214 227
242 6
222 73
233 269
38 183
100 121
75 183
192 27
22 33
24 197
286 294
58 131
236 220
215 129
227 52
245 58
125 261
179 167
260 243
283 64
221 125
153 215
131 266
2 75
13 46
83 122
52 54
79 1
18 264
172 41
109 221
157 77
236 102
70 51
279 108
114 106
121 185
132 1
66 100
286 214
44 32
142 34
137 33
104 89
260 226
186 268
134 289
154 157
291 100
286 19
100 277
198 264
57 74
43 88
91 242
12 173
295 181
12 116
107 121
14 72
43 80
21 120
66 205
277 173
69 298
169 137
90 225
235 176
55 270
161 239
68 158
94 139
155 287
93 257
109 223
87 119
18 189
146 93
109 245
164 12
113 7
87 298
211 224
102 156
63 45
79 239
231 295
185 246
44 56
210 263
134 245
139 162
271 116
231 253
45 79
283 297
174 16
126 186
170 131
243 146
187 285
82 108
255 51
74 225
41 266
258 56
126 281
112 154
156 170
289 64
270 188
42 280
87 46
10 23
64 220
236 118
237 135
261 278
7 72
76 82
173 54
294 154
80 240
37 141
47 154
92 298
153 290
38 266
120 104
152 35
86 34
224 176
101 282
211 22
204 120
275 122
51 89
87 259
254 253
72 62
201 50
229 186
55 224
194 273
80 276
292 104
29 24
89 40
91 179
113 43
273 131
103 24
158 135
15 109
185 80
283 58
231 101
242 139
237 158
102 261
206 289
102 38
33 250
98 143
235 218
106 298
60 133
239 18
156 125
77 275
265 92
79 23
156 60
97 12
88 155
179 187
33 103
234 34
129 126
282 208
293 249
182 244
251 81
121 275
13 182
160 28
135 14
269 10
18 261
157 135
118 261
211 40
176 130
287 226
224 129
12 83
16 139
102 145
107 135
59 243
191 46
294 182
193 265
162 167
78 178
62 30
232 75
62 122
85 225
164 72
155 169
35 258
263 1
196 235
111 68
277 241
41 177
157 72
60 48
76 59
117 134
76 44
101 65
143 267
3 277
172 60
114 8
162 286
151 78
143 282
194 198
287 169
225 35
298 182
93 33
229 281
148 249
129 24
276 292
149 12
94 242
257 4
79 132
296 140
225 104
12 276
268 65
119 205
62 88
180 281
212 12
83 116
255 225
147 142
61 111
216 80
53 162
31 249
35 257
21 17
166 252
245 50
238 248
293 45
280 270
114 187
176 188
243 93
175 249
184 82
22 136
71 199
171 293
104 234
246 57
119 61
151 248
192 134
153 136
31 233
130 231
56 34
294 237
17 85
267 274
173 70
82 213
24 296
66 157
10 102
266 48
59 82
226 159
297 58
286 124
5 34
16 166
171 115
121 271
100 205
45 201
163 165
226 137
183 265
285 47
72 241
106 47
186 251
143 281
79 245
85 226
281 165
285 66
108 235
197 251
244 205
154 237
6 114
195 81
256 134
285 182
197 144
203 268
56 142
24 207
184 169
30 120
132 198
166 36
19 111
23 198
261 2
191 61
210 201
13 214
294 214
53 166
254 140
80 70
129 143
48 193
182 68
106 182
178 1
114 199
179 87
33 218
158 185
159 147
230 172
38 123
96 80
235 215
42 234
242 265
251 140
205 271
154 68
278 123
285 13
46 19
227 277
10 178
231 217
18 278
46 100
218 130
237 68
5 218
272 262
73 256
229 101
94 177
47 244
258 93
82 93
235 55
51 35
51 226
28 290
26 228
280 153
137 257
32 280
187 182
256 10
122 152
218 29
222 233
228 191
22 34
294 46
274 140
5 176
206 221
220 123
287 159
277 116
144 217
117 15
156 220
209 3
117 233
42 82
5 95
280 33
80 255
219 35
122 300
266 71
282 274
36 187
4 101
280 40
144 168
251 20
50 236
286 46
264 2
224 136
26 94
51 169
25 250
21 70
233 50
182 19
257 5
72 275
232 266
220 264
3 43
205 158
108 95
127 144
200 227
204 51
170 38
111 212
290 180
76 196
50 105
265 13
249 269
63 99
239 23
199 298
155 226
99 269
200 14
196 40
155 44
263 58
102 125
185 88
236 38
241 276
72 57
16 242
292 44
275 17
296 9
103 188
96 85
169 59
213 142
192 99
44 234
223 230
6 191
156 41
98 127
246 70
62 204
243 42
263 128
39 107
148 256
222 148
215 180
147 250
103 247
134 263
70 150
187 286
55 4
259 119
281 251
198 60
148 245
169 44
273 60
240 287
96 21
231 144
95 129
228 92
5 188
290 195
61 113
28 144
201 15
246 216
287 51
129 186
285 286
116 216
216 276
80 17
248 37
288 227
152 287
298 111
148 109
167 106
69 252
14 52
245 1
176 28
128 118
259 157
77 14
293 99
55 160
11 92
265 298
55 176
113 149
103 4
287 44
89 137
105 278
263 223
277 246
39 97
279 250
154 97
202 134
5 215
31 245
47 259
14 43
270 143
65 165
232 177
149 62
238 115
175 293
260 85
173 21
254 195
120 159
229 253
201 263
294 39
160 224
200 157
271 70
136 207
104 56
292 147
186 163
72 276
6 87
259 68
255 292
185 62
98 235
193 8
290 295
239 172
126 231
84 149
188 101
214 111
80 225
59 35
183 177
95 290
69 285
110 171
54 204
43 216
120 243
115 202
185 12
146 138
20 168
245 132
130 127
266 94
84 237
32 86
132 58
97 52
171 78
109 50
146 211
178 23
84 288
233 27
179 114
23 18
7 54
202 289
103 28
23 156
107 200
86 280
192 201
29 267
23 194
151 31
199 69
61 100
293 262
144 251
88 90
263 141
218 267
167 87
36 8
96 17
53 114
245 64
15 263
78 27
176 207
94 92
12 57
121 12
264 94
253 20
191 294
220 278
95 153
225 243
193 69
190 102
197 20
33 136
6 294
286 191
23 172
199 265
212 185
18 172
211 33
49 26
258 82
145 75
52 246
62 17
35 89
131 49
243 44
91 166
71 8
192 263
24 229
234 5
284 255
119 19
273 53
230 123
300 146
129 101
195 65
143 231
186 65
261 189
138 98
177 228
45 31
263 239
67 16
212 149
275 30
29 126
233 221
239 132
154 119
80 122
264 183
66 111
107 113
199 124
160 126
114 252
141 125
79 269
283 245
142 160
16 36
98 129
266 166
55 103
89 138
153 218
264 133
129 203
205 14
211 247
211 270
144 295
261 60
29 254
189 183
153 29
71 286
158 43
25 211
272 249
110 192
32 142
21 216
68 157
266 199
272 99
292 300
225 159
252 87
112 119
144 165
209 149
162 191
47 107
204 292
70 122
215 126
273 2
221 172
188 130
288 7
139 265
116 88
7 271
143 229
209 212
174 94
216 150
110 45
230 198
262 210
31 27
264 232
192 210
203 281
204 85
192 256
171 249
260 300
94 252
245 141
189 41
41 242
243 279
288 205
273 266
78 283
169 76
209 72
207 274
34 95
282 296
244 237
190 278
75 6
89 93
225 169
6 8
58 198
156 232
97 185
202 37
105 125
88 150
153 103
244 97
167 8
300 76
198 131
68 205
267 186
232 162
239 178
292 258
194 125
157 7
135 241
52 80
215 229
24 295
299 212
191 154
283 132
158 164
107 164
122 155
184 86
216 85
203 251
249 37
31 37
1 261
271 241
225 146
108 247
82 211
92 87
116 57
233 297
147 40
263 221
207 268
125 131
199 11
40 55
134 109
64 58
187 265
153 127
149 7
239 198
120 152
280 5
143 254
215 290
11 106
8 13
129 253
79 141
105 60
131 16
112 61
82 257
191 39
138 55
284 90
92 182
147 33
272 238
61 237
8 46
263 105
51 44
100 72
113 72
115 73
191 288
198 261
6 124
151 256
260 225
36 87
257 136
205 113
111 107
173 204
86 22
199 87
250 235
64 190
185 57
245 128
67 94
215 231
180 65
136 24
235 224
76 138
183 69
7 277
141 156
66 237
127 203
204 152
72 52
145 131
172 131
269 178
85 184
163 168
269 64
154 205
19 77
95 136
191 13
71 124
119 66
30 21
240 104
225 82
130 197
154 227
132 220
293 201
284 260
186 203
149 43
253 281
170 278
170 53
281 295
46 182
219 89
56 270
126 253
185 241
169 258
211 136
90 44
3 52
243 196
240 226
177 285
1 18
27 221
218 126
50 297
5 136
221 58
248 73
58 125
57 240
75 167
226 89
205 72
262 202
87 244
253 251
75 166
180 186
138 235
236 145
76 146
187 8
200 299
261 38
144 65
102 189
233 132
41 232
119 68
149 14
291 157
4 186
40 33
22 215
180 20
92 286
101 295
48 242
60 264
8 285
202 206
132 64
144 81
106 285
63 201
16 162
139 167
27 245
166 177
98 153
194 58
46 68
16 75
228 114
6 106
40 108
173 43
289 223
152 104
286 13
79 37
177 199
176 267
292 35
202 10
116 240
169 104
161 128
269 236
244 77
248 99
92 294
73 202
40 270
20 140
93 250
216 88
113 185
244 157
172 145
239 141
258 234
123 166
109 190
104 279
32 147
145 41
269 141
74 155
144 140
182 288
96 216
234 211
271 173
180 197
179 92
251 165
292 82
180 282
256 233
14 21
264 139
99 283
125 91
50 10
105 220
213 33
158 173
210 109
256 161
288 77
299 52
140 181
200 113
199 191
206 239
125 2
48 199
269 223
38 48
43 260
105 145
130 195
179 6
103 290
146 137
104 82
294 66
297 230
238 293
62 150
224 130
277 12
232 183
264 174
17 225
230 232
240 225
208 181
201 269
28 186
118 125
296 208
298 244
56 5
262 31
4 28
176 101
28 229
175 31
146 279
75 36
218 101
248 256
175 238
229 295
198 41
286 244
135 275
243 89
123 266
162 187
142 153
48 187
95 127
206 10
91 162
289 194
108 224
18 230
192 37
80 155
289 221
184 44
123 133
103 130
233 289
230 41
291 237
52 271
239 221
223 278
75 94
245 190
95 29
275 88
130 229
74 240
30 240
133 162
236 273
165 181
8 182
270 24
146 258
267 197
295 165
173 30
96 74
273 16
107 3
281 9
182 100
236 230
109 178
266 183
151 15
19 121
34 98
47 39
183 199
147 211
211 280
239 230
66 209
22 153
86 213
37 109
220 145
251 65
194 170
21 260
22 176
191 124
276 260
33 235
245 194
159 138
228 199
89 147
253 65
293 202
235 270
74 260
93 34
189 266
60 2
284 292
231 268
40 22
150 120
142 211
111 149
279 213
267 81
76 258
197 268
2 6
284 120
82 196
116 155
97 72
198 189
201 37
118 230
158 72
150 155
71 265
267 251
175 171
290 282
291 288
78 239
156 67
268 165
233 37
151 233
254 281
54 70
129 180
188 126
34 153
210 289
83 276
220 49
128 239
290 207
17 122
182 61
239 236
141 297
290 101
153 176
171 151
259 107
74 76
197 163
110 210
35 279
141 198
196 93
155 184
46 291
150 184
7 30
98 95
300 44
85 155
11 47
224 126
150 240
254 197
299 164
117 151
129 282
237 121
43 150
111 14
172 261
159 89
88 292
85 59
280 95
67 166
257 247
61 121
200 158
60 183
38 94
108 98
94 71
77 72
15 27
189 91
233 79
130 207
241 240
36 199
247 229
17 204
266 179
25 5
289 239
66 288
281 274
293 31
224 290
180 195
92 66
267 65
133 16
134 50
215 186
54 241
277 57
221 64
42 147
246 241
30 276
275 116
10 230
241 85
244 200
2 139
155 104
41 179
177 69
54 17
219 226
23 236
119 111
162 87
230 189
259 288
15 283
149 277
212 271
92 8
272 192
205 212
205 164
38 91
259 214
27 263
94 69
180 268
5 270
162 69
128 190
270 136
152 225
213 93
27 239
262 148
134 10
134 233
18 123
117 262
227 299
1 105
111 100
2 166
196 142
253 217
106 13
182 214
120 51
196 33
267 254
43 276
73 27
279 40
288 209
169 138
272 148
61 107
52 275
66 97
41 91
48 6
44 42
290 268
91 2
178 198
30 260
69 92
218 186
215 28
130 143
16 71
68 227
254 274
244 212
78 79
156 278
291 209
213 196
44 196
159 82
223 125
70 255
50 118
101 267
7 14
200 209
27 194
192 15
84 227
92 191
173 116
300 279
161 78
56 211
166 94
134 239
189 53
82 86
98 188
193 92
193 286
228 285
92 154
27 10
165 140
209 275
293 192
204 59
295 268
187 13
75 265
95 143
21 204
155 159
202 23
142 270
107 158
142 235
173 122
72 271
61 205
39 200
239 297
88 122
176 4
49 266
54 276
182 291
84 113
12 17
271 80
292 146
269 190
138 250
25 95
158 12
21 240
208 140
24 101
39 237
63 192
180 163
178 18
17 287
120 184
12 246
76 35
127 186
111 164
150 90
46 259
172 156
108 176
172 273
83 173
298 214
297 223
21 255
64 261
19 244
33 129
160 290
226 138
103 143
64 145
213 138
250 176
238 45
36 191
245 269
125 67
211 98
91 183
74 184
107 299
103 231
93 95
148 263
271 17
42 258
276 122
279 33
188 180
298 112
290 24
57 255
118 156
220 189
130 267
149 173
127 229
138 95
99 50
167 228
72 43
133 266
171 31
228 294
238 171
97 77
211 160
13 19
20 9
299 277
297 236
277 62
215 188
83 62
94 187
87 84
281 168
3 72
127 207
23 297
116 74
272 115
141 190
249 289
244 113
257 33
51 104
91 174
195 296
215 207
235 126
174 162
183 242
211 34
62 43
280 22
255 44
167 298
210 79
92 39
12 275
43 241
213 25
214 244
74 152
13 66
46 119
110 293
111 77
1 236
183 166
130 290
209 277
298 84
191 119
262 99
241 70
292 159
290 217
169 82
195 181
279 86
93 40
66 68
82 25
167 286
276 300
116 90
73 148
159 213
103 29
243 226
58 170
185 43
138 93
180 251
6 187
128 105
112 111
14 54
212 277
78 15
193 11
118 49
120 226
198 273
272 63
223 18
202 79
50 1
23 125
197 217
171 73
179 252
203 163
175 262
195 9
21 88
35 234
39 68
227 185
279 34
288 107
210 233
224 270
246 43
277 80
154 121
128 132
215 218
53 6
222 27
117 222
148 201
53 177
216 287
42 89
212 3
266 36
97 3
136 129
107 7
190 105
90 300
26 71
195 268
91 75
177 167
32 25
28 24
37 128
265 154
290 253
268 163
58 18
156 49
164 62
42 138
203 296
196 25
83 54
219 59
288 212
147 108
128 297
256 289
114 294
169 213
232 67
160 103
251 274
58 261
35 86
6 167
42 93
29 180
25 40
1 194
14 83
137 25
247 28
157 185
5 4
57 204
254 81
47 111
59 86
84 121
54 80
113 62
285 112
291 299
83 216
298 259
106 119
280 108
155 51
1 102
1 125
234 250
156 123
145 133
183 228
89 213
243 137
2 242
217 65
104 138
122 90
243 104
114 191
52 21
296 163
299 83
12 70
26 177
37 283
237 227
229 268
32 89
251 9
163 181
157 113
192 206
244 227
154 100
153 247
265 285
52 241
17 150
76 137
121 212
281 65
125 264
206 283
158 83
164 43
237 7
12 54
229 282
1 198
263 64
162 92
283 1
100 135
209 271
139 8
299 113
141 118
55 188
282 195
172 170
275 83
178 141
46 214
3 246
126 203
144 208
245 223
281 181
224 218
110 73
80 85
77 173
194 102
62 74
14 96
265 191
123 48
72 173
166 167
59 196
131 232
105 102
191 84
27 128
238 222
171 117
196 153
207 267
84 200
191 291
212 43
259 205
292 169
157 209
22 4
146 56
211 153
166 187
39 100
253 203
184 147
279 211
53 26
74 120
207 281
44 138
212 7
79 50
12 216
122 219
272 73
32 138
122 169
150 169
194 261
124 61
209 246
205 277
14 246
133 94
97 164
45 78
212 14
125 278
28 254
102 278
88 152
237 205
62 57
217 81
204 76
142 280
237 100
222 201
131 183
37 1
288 164
152 258
127 253
98 136
105 156
161 109
177 265
7 3
7 21
300 184
94 6
176 290
171 202
186 282
223 102
201 239
37 194
50 223
227 12
69 106
252 286
189 16
279 137
225 32
231 267
116 152
188 207
274 163
161 233
44 142
68 121
214 100
93 211
19 157
195 144
33 108
263 50
186 254
260 90
43 96
17 219
180 81
291 61
100 299
7 96
261 133
78 233
88 255
18 198
249 27
219 279
113 135
224 28
110 115
133 177
47 61
136 176
194 64
127 24
1 190
115 78
147 138
23 64
262 73
248 210
183 26
66 107
239 194
118 60
148 78
52 43
87 191
180 274
128 23
60 123
229 180
21 284
136 229
35 280
32 42
213 108
228 252
139 179
213 280
234 108
214 84
234 22
184 32
194 18
189 49
237 107
209 135
125 273
237 77
92 112
40 153
95 188
106 191
92 119
191 214
133 166
147 257
150 284
278 49
201 78
135 30
36 285
92 214
173 88
49 177
247 215
97 277
157 149
274 165
184 137
279 257
241 260
206 178
170 41
50 128
194 230
108 34
141 261
106 124
254 208
257 153
134 79
221 141
256 27
57 120
246 96
300 51
70 74
77 135
148 283
267 268
214 77
175 192
14 277
73 79
153 28
216 255
194 278
202 269
139 106
276 155
214 209
136 188
7 275
238 256
234 40
242 187
4 180
288 299
266 114
41 174
32 196
1 273
79 283
45 15
101 268
221 223
199 106
169 86
250 188
152 243
265 259
149 72
24 254
273 264
43 240
100 164
73 109
22 250
146 147
110 63
234 33
214 291
99 109
200 97
26 114
55 95
124 259
97 299
112 46
119 214
114 298
118 170
121 158
58 102
207 180
17 284
166 162
269 58
293 151
144 163
5 108
24 186
2 53
257 224
121 3
51 184
298 19
137 250
142 95
74 287
177 71
270 4
104 93
222 15
201 134
216 74
32 82
102 123
207 295
282 165
280 250
142 40
46 237
92 259
146 35
64 105
40 235
11 298
114 87
211 103
271 21
139 11
132 18
76 279
259 100
77 52
21 57
297 118
34 215
85 300
61 97
85 243
34 130
124 214
272 256
1 58
141 223
8 244
117 31
53 167
276 255
248 161
247 126
230 170
52 70
24 267
86 25
217 208
275 246
15 10
212 173
161 15
8 19
274 9
271 83
59 44
214 288
259 291
103 126
95 247
127 231
69 8
85 152
28 253
247 143
120 76
16 6
49 41
298 237
236 170
15 134
49 264
139 71
190 118
185 83
244 299
128 178
147 86
224 231
164 277
234 55
25 33
120 287
277 275
198 172
160 188
216 122
75 228
197 168
146 213
4 143
86 142
130 101
93 22
153 270
126 101
8 39
186 295
217 20
89 33
256 78
62 70
280 98
102 198
109 58
199 47
257 55
84 68
15 239
5 98
250 215
58 278
242 162
270 176
81 20
33 34
35 147
130 29
43 204
187 124
250 160
3 62
3 80
105 123
266 228
214 107
240 76
25 235
296 81
207 144
236 125
297 125
219 159
193 162
115 134
184 59
88 17
60 49
285 191
235 153
176 143
38 49
174 26
228 187
27 23
183 6
170 16
42 257
26 36
22 188
80 120
257 270
205 52
62 21
26 265
182 111
12 62
53 266
158 14
66 84
204 240
222 37
262 161
211 95
257 250
264 16
190 125
96 54
79 263
112 84
56 160
299 275
210 269
82 33
34 218
89 211
49 166
126 28
300 89
4 207
227 113
200 3
164 30
270 130
58 190
23 118
55 28
285 119
276 204
298 47
278 131
62 216
184 104
17 260
155 35
84 157
165 20
71 92
223 190
90 287
287 89
249 263
176 180
263 297
76 243
210 27
277 96
172 264
77 246
179 286
7 62
213 40
97 135
253 296
155 152
99 78
106 112
125 174
51 159
91 177
251 268
155 300
19 288
263 10
144 9
265 11
31 148
233 128
30 70
237 113
69 286
92 47
131 133
218 127
76 213
106 214
100 157
2 179
127 290
118 189
199 252
284 152
104 159
223 170
26 179
231 282
193 228
98 4
242 228
278 53
17 152
177 6
23 261
172 220
68 299
275 70
272 248
146 89
145 278
69 46
141 1
32 56
223 105
10 132
264 91
45 256
161 263
86 5
286 154
98 270
149 83
254 251
33 160
279 234
253 163
61 200
223 220
283 128
74 243
188 218
76 147
138 22
190 38
114 286
252 191
48 69
282 81
261 49
86 234
93 280
99 289
121 72
170 2
178 102
108 4
52 83
42 35
46 111
42 40
99 37
160 127
169 146
262 201
1 172
164 54
26 167
190 220
71 87
135 116
139 286
156 189
121 7
192 283
129 231
3 275
88 287
28 197
60 91
246 173
167 69
37 64
274 81
106 154
139 199
237 200
232 179
118 102
47 66
66 61
77 271
212 83
152 184
248 78
90 32
240 120
59 137
184 76
268 81
179 162
241 216
248 283
246 80
180 296
56 95
73 249
126 207
270 129
112 68
267 253
80 88
195 251
193 167
189 264
233 178
74 169
106 87
275 62
84 164
137 211
283 109
6 36
57 85
279 142
77 277
149 30
142 108
99 206
178 194
240 159
243 138
192 161
143 186
64 18
272 117
249 78
29 281
49 242
73 134
46 66
173 62
201 206
184 42
278 183
54 260
84 212
242 11
262 248
231 203
276 284
164 246
217 9
251 296
249 161
267 195
142 257
240 300
259 97
97 212
117 161
153 224
45 99
84 100
38 2
97 14
34 103
273 38
45 206
87 214
276 120
26 242
225 300
205 149
252 285
175 256
275 96
61 68
295 274
189 48
287 292
160 218
297 105
171 262
55 127
67 174
294 244
145 2
282 268
260 240
241 284
275 150
224 4
6 199
154 66
123 2
135 54
151 210
44 93
246 122
59 42
252 112
131 75
56 108
249 109
11 182
70 287
103 127
171 210
53 228
157 158
127 101
87 66
86 93
299 185
273 170
150 204
183 114
234 98
257 40
222 161
160 136
240 51
32 279
131 2
128 141
293 248
289 118
296 168
137 234
48 162
290 197
233 245
49 123
86 211
217 274
237 212
36 92
187 87
67 167
39 205
171 148
254 163
41 2
226 279
124 39
100 97
34 129
29 207
275 173
90 243
295 168
282 144
177 8
103 215
95 126
34 176
162 36
190 198
293 117
122 74
209 164
80 204
275 80
168 9
7 12
251 181
64 125
31 78
131 123
205 135
123 16
107 212
198 38
33 215
48 167
145 266
14 241
28 195
249 79
152 300
42 86
38 60
220 53
221 132
174 166
158 271
275 241
200 149
275 276
253 9
161 37
204 243
258 147
175 63
2 114
7 135
275 57
253 195
265 87
60 232
130 126
57 17
96 284
212 62
153 4
212 158
300 159
112 100
176 215
15 269
285 19
127 197
269 194
101 163
126 290
121 52
187 199
105 261
107 68
113 96
215 254
287 225
33 4
38 232
293 148
169 279
295 9
5 103
291 77
272 171
167 294
37 23
210 245
196 98
289 141
133 2
267 281
54 57
10 236
115 151
174 242
46 288
13 61
142 33
226 234
100 113
74 90
110 151
195 208
228 298
109 132
30 116
124 112
76 104
27 58
288 111
63 31
191 244
259 66
283 178
71 112
218 207
167 114
62 96
122 184
127 267
273 174
136 126
6 92
255 159
93 224
98 29
112 66
162 228
225 76
62 284
243 159
168 140
141 230
81 181
101 203
250 129
211 108
133 6
282 217
203 81
104 35
300 147
51 243
41 67
270 29
43 70
11 39
239 1
89 56
262 249
57 284
270 215
162 106
138 5
117 201
298 291
254 144
30 74
257 34
255 76
4 127
90 59
16 167
155 243
67 183
160 247
227 3
258 211
287 258
245 263
116 255
175 99
135 21
68 77
120 44
28 268
213 257
72 185
210 15
23 1
93 5
70 85
69 182
106 8
102 273
135 246
122 292
14 271
90 226
155 32
70 292
135 185
39 288
241 122
270 103
231 254
142 250
160 29
31 99
264 53
107 205
40 103
118 123
240 292
197 65
160 215
178 58
190 230
109 128
154 244
39 61
270 218
11 252
25 56
101 144
180 295
230 264
99 256
236 172
22 235
135 52
110 272
238 73
52 173
203 140
63 293
55 136
90 42
187 92
35 213
150 85
24 195
99 27
38 41
123 232
128 223
37 269
11 191
77 3
90 169
73 161
192 233
76 42
258 142
22 160
127 254
204 184
272 293
126 144
215 24
189 75
58 145
32 213
21 85
173 96
224 24
13 244
117 249
21 276
55 126
37 245
120 32
81 65
45 161
200 185
133 174
249 256
280 247
238 99
193 285
207 282
143 24
266 193
86 138
175 248
266 187
131 53
294 19
11 259
179 106
35 82
72 80
291 97
242 114
90 292
247 101
111 227
27 283
122 120
74 59
113 3
139 69
137 98
42 56
96 241
136 180
65 9
223 118
23 132
248 192
66 214
100 14
255 59
139 6
299 158
96 122
33 98
2 71
184 226
48 26
258 138
257 235
230 273
147 25
60 16
275 54
213 5
119 100
63 249
271 30
277 271
284 76
219 184
201 79
62 80
215 143
118 278
189 60
160 231
170 48
131 91
167 265
35 40
40 247
120 169
101 281
121 299
132 172
138 234
59 32
223 189
299 72
259 121
65 181
44 258
136 29
200 77
38 133
179 265
100 7
26 199
163 208
29 290
164 3
19 84
132 297
239 102
268 181
177 179
229 144
281 163
126 251
26 106
83 96
235 160
204 74
278 266
180 217
35 56
195 274
165 9
203 295
103 176
234 95
252 106
113 12
123 174
13 119
214 200
280 176
193 36
279 22
185 30
43 116
115 161
148 202
169 42
228 36
148 79
24 251
227 7
108 55
136 130
242 252
240 90
196 108
188 29
159 142
295 81
238 249
69 112
30 204
241 90
172 49
116 284
68 100
36 47
149 246
204 300
135 12
184 146
162 252
79 178
194 172
117 202
88 74
164 83
241 88
37 297
115 45
55 143
93 234
295 217
34 55
233 263
214 68
146 142
149 271
124 244
175 45
177 193
46 84
248 233
270 290
183 11
184 35
228 11
53 183
153 231
114 285
57 225
68 209
76 89
297 198
14 185
84 158
297 194
45 210
205 185
207 195
163 140
223 38
141 105
278 174
170 232
63 73
81 163
275 21
271 275
199 182
257 95
11 87
103 218
119 237
8 154
190 172
77 62
161 283
217 165
219 86
143 290
149 96
35 138
10 118
219 44
175 115
287 76
10 58
70 155
69 294
287 35
140 9
186 20
224 103
94 193
254 165
284 169
135 72
46 61
242 167
249 201
221 230
233 141
199 39
2 228
79 27
137 5
284 155
108 153
269 221
151 202
29 101
257 98
227 135
109 194
47 237
127 143
73 192
167 124
99 79
75 193
37 221
248 148
79 297
176 229
24 144
68 212
288 237
55 215
293 15
101 195
38 16
169 89
195 217
34 136
226 213
173 17
183 179
162 294
189 123
250 98
124 298
185 271
37 27
225 219
3 116
211 5
202 109
31 201
178 105
3 30
262 79
254 217
13 39
32 93
138 40
150 152
153 143
151 99
287 32
170 264
235 127
186 81
261 123
115 222
260 104
156 91
229 203
255 243
231 229
7 52
130 253
94 228
241 57
210 249
214 19
6 252
46 39
176 218
155 225
34 270
189 174
236 278
152 42
147 5
78 206
247 136
38 166
155 76
147 213
17 255
232 16
45 222
164 271
70 240
220 133
269 239
64 102
61 288
42 196
22 247
69 265
202 50
222 31
242 193
195 20
16 228
174 6
19 205
26 139
210 134
216 57
53 242
87 61
104 213
290 229
193 252
292 51
150 255
125 189
36 294
27 50
291 113
226 32
287 42
133 91
120 90
111 205
35 25
104 42
33 188
282 163
161 50
99 233
299 135
175 151
22 224
268 296
126 282
250 34
155 59
100 158
271 54
196 280
283 23
75 71
74 219
88 85
182 97
297 172
19 200
91 6
195 165
82 22
194 236
180 254
178 118
214 205
136 127
241 21
34 127
234 160
148 37
27 1
8 119
67 2
120 219
202 263
291 200
47 112
152 226
248 202
1 170
232 166
125 145
220 38
254 65
292 219
115 201
255 300
137 142
119 97
58 236
271 96
121 277
86 33
2 177
241 150
214 157
48 183
262 78
282 254
167 92
157 52
57 70
232 53
65 168
56 257
114 36
66 227
174 228
250 270
298 154
45 233
49 174
26 193
132 102
261 16
203 217
203 274
85 287
270 231
149 185
101 197
85 255
186 197
183 36
113 83
166 71
267 217
19 299
15 178
40 176
72 54
265 124
163 9
53 36
235 143
230 156
150 292
177 36
79 128
15 79
156 131
28 207
259 237
50 132
192 245
110 148
18 145
264 177
286 259
212 164
57 276
265 39
109 141
119 107
213 56
67 179
87 39
292 243
129 290
191 66
185 173
71 298
13 100
163 20
230 125
297 156
70 225
265 252
27 109
50 141
151 206
1 64
37 10
147 93
77 212
135 62
300 219
256 283
76 86
295 140
143 144
67 6
178 172
257 108
299 77
291 121
293 73
198 156
156 174
291 158
178 190
148 210
112 19
227 72
34 224
218 24
299 14
129 28
36 112
114 11
87 13
239 190
169 226
236 105
232 94
19 212
38 67
30 255
144 268
182 259
15 141
158 3
105 118
48 114
58 189
274 208
291 107
238 262
206 141
198 170
106 259
48 228
219 169
259 111
130 180
168 181
262 256
158 54
73 283
19 227
222 78
30 216
40 95
260 219
246 284
3 54
31 161
275 43
204 90
28 295
183 162
296 20
75 139
171 222
199 92
121 113
115 148
290 281
174 114
300 169
56 235
258 196
276 88
43 74
84 77
46 157
197 295
187 47
298 61
89 5
131 189
57 287
28 180
277 30
138 33
232 242
129 267
63 210
227 14
251 168
256 15
188 290
213 137
52 96
130 203
284 51
240 184
31 15
232 193
203 65
260 59
242 71
166 11
274 168
125 49
286 47
217 296
300 258
193 71
60 166
56 33
76 159
300 243
123 41
209 77
263 190
146 257
103 101
121 209
83 80
47 288
206 269
133 67
161 245
285 124
166 139
147 137
167 71
184 89
202 239
17 292
57 122
229 254
71 106
24 281
177 162
221 297
268 168
234 56
203 168
226 25
177 252
39 259
149 52
15 206
240 243
125 38
171 192
297 273
145 53
123 139
115 249
242 179
61 77
249 134
213 234
118 18
169 243
103 136
72 96
253 168
177 92
270 247
115 262
291 84
69 13
284 300
276 85
212 135
83 284
91 67
214 237
215 130
78 128
109 10
16 266
250 153
41 139
157 97
131 60
22 95
187 11
123 264
138 211
64 131
228 265
118 131
157 227
68 7
128 194
88 284
82 280
7 246
238 78
61 212
50 221
282 197
246 30
166 242
35 142
271 246
50 18
18 273
177 11
267 163
120 255
153 129
273 133
259 200
85 76
279 5
5 153
239 58
288 158
60 75
23 190
54 30
118 38
281 20
144 20
178 236
207 296
158 96
67 139
265 294
256 109
233 239
90 152
95 224
135 277
166 265
11 286
198 123
85 169
238 161
14 30
285 46
90 146
160 4
31 192
221 1
248 79
145 174
187 252
270 229
86 56
269 1
188 186
266 242
202 283
283 221
198 125
125 60
295 65
267 144
8 47
75 177
16 183
131 41
26 162
154 111
151 45
6 71
223 198
189 38
162 265
282 251
278 48
17 300
227 275
81 140
106 66
262 134
83 21
75 69
247 130
30 85
195 163
2 26
174 266
189 26
36 252
246 150
253 197
156 133
260 184
88 120
73 201
228 47
11 112
176 29
223 156
234 153
141 194
3 185
203 9
119 157
94 114
137 108
290 231
244 121
69 124
200 164
296 165
95 160
19 61
148 134
207 203
122 225
7 173
112 182
250 103
166 228
36 124
195 140
185 96
196 56
207 101
190 60
28 203
79 109
52 62
8 124
169 32
179 69
67 228
106 39
289 50
151 134
33 224
36 286
159 279
89 257
280 103
291 111
182 237
171 256
81 208
31 202
59 279
174 177
265 182
255 146
8 298
83 30
66 299
41 183
191 182
137 93
126 267
37 263
39 291
224 207
12 80
269 297
264 179
99 161
63 151
35 196
262 37
15 23
23 58
263 194
127 29
247 29
199 285
54 21
43 122
250 4
204 287
63 248
227 158
99 10
93 160
16 48
158 7
89 234
11 46
50 239
75 199
81 168
47 68
70 204
46 154
18 41
120 225
41 94
249 15
98 215
193 6
243 82
259 244
201 245
126 229
48 139
296 181
286 119
237 149
156 261
184 243
179 71
117 45
104 147
241 74
123 177
77 83
59 25
264 75
101 251
24 203
194 145
240 152
243 32
148 15
48 177
152 51
59 89
137 235
161 27
262 206
191 19
238 117
253 81
111 121
262 233
230 38
27 269
34 247
71 47
28 267
132 125
206 109
42 279
112 288
235 95
105 198
102 41
122 204
170 60
151 249
29 295
108 250
289 236
245 178
155 146
221 118
113 173
35 137
122 287
232 133
127 282
49 67
298 119
19 68
294 259
280 160
72 30
256 245
246 83
276 70
285 39
294 47
95 130
199 8
107 14
49 133
54 74
145 91
109 64
289 132
89 280
160 24
188 254
102 131
87 291
172 123
14 216
161 10
214 121
230 133
72 246
121 14
230 220
76 226
216 240
101 254
141 132
260 76
300 226
228 124
152 44
55 218
74 292
19 237
280 34
119 244
221 198
214 299
143 197
4 218
144 181
182 154
78 109
135 3
4 126
73 99
98 218
219 147
27 178
110 248
247 127
277 216
220 170
95 4
174 167
229 267
75 242
192 148
111 200
226 196
246 62
191 259
95 176
245 289
80 152
202 221
88 70
45 262
151 148
185 116
30 80
236 156
100 212
294 298
218 254
229 217
36 11
203 181
95 215
96 88
270 28
283 141
12 96
152 59
166 199
52 57
236 49
211 257
44 147
115 248
132 273
24 282
266 26
150 74
221 190
4 29
52 276
167 199
265 106
195 281
12 241
218 180
124 13
25 153
86 98
292 76
186 217
131 48
177 114
157 277
287 59
274 296
1 145
255 155
291 205
173 241
67 242
119 227
13 112
117 256
145 48
244 100
66 200
110 31
21 80
175 117
56 22
219 76
87 47
166 114
180 144
185 275
196 95
6 265
83 204
59 147
274 181
85 90
273 278
104 146
66 291
186 165
102 220
294 291
52 12
220 16
281 81
111 209
128 64
134 37
218 290
70 90
167 187
75 26
240 169
133 26
109 289
253 268
149 135
255 32
235 103
175 148
203 144
56 250
146 42
124 84
67 53
284 74
136 218
31 206
186 144
50 194
91 53
54 120
52 88
72 83
83 57
217 168
216 260
295 296
151 192
298 107
51 82
277 72
32 211
173 216
35 211
187 294
284 184
197 203
118 273
60 67
176 24
258 213
143 203
48 36
38 75
156 273
42 137
155 42
33 55
188 267
8 112
83 17
283 223
88 204
200 7
138 142
108 270
231 197
213 22
90 155
49 94
17 51
190 156
15 245
247 188
188 143
100 209
151 73
255 90
250 95
83 70
267 296
21 150
235 130
261 220
114 124
116 276
247 290
277 43
68 14
255 104
134 221
284 219
127 195
15 128
11 8
94 11
207 81
122 150
69 11
215 127
4 282
104 32
244 68
167 11
252 66
136 231
206 132
276 287
252 298
233 283
283 263
90 76
195 295
70 300
51 59
18 156
51 32
191 47
78 50
111 299
16 114
34 188
148 161
113 246
260 51
78 245
39 154
263 289
89 82
176 129
53 75
128 1
61 158
143 126
31 283
196 250
10 128
78 134
164 185
277 83
271 43
29 231
263 23
197 195
154 19
185 216
244 291
188 127
51 76
256 79
174 48
106 294
207 217
206 245
73 15
63 256
134 27
254 295
177 139
59 138
157 212
119 288
95 103
112 237
48 94
222 249
269 50
215 101
63 171
223 261
284 85
141 102
34 143
186 274
226 35
197 9
273 189
49 2
82 279
161 289
267 180
219 213
222 256
222 206
157 3
104 44
99 202
184 159
40 4
63 238
216 90
238 210
236 131
270 126
139 228
231 251
3 96
164 241
231 180
256 269
44 279
43 54
63 115
284 204
143 195
299 7
137 55
247 129
232 174
141 220
221 23
36 265
110 175
53 48
192 78
259 154
88 240
227 77
36 298
115 192
230 60
85 219
104 86
288 200
105 172
132 261
226 147
196 257
93 56
234 270
24 180
157 205
108 129
133 193
291 227
190 131
170 49
86 257
248 134
130 282
116 122
83 150
266 139
232 91
248 201
88 260
112 214
7 43
283 50
160 129
228 87
249 50
40 250
49 16
79 289
129 130
263 178
1 118
46 244
282 65
178 132
103 207
122 284
286 39
44 137
278 16
29 229
154 84
247 218
258 279
290 203
277 54
96 260
218 229
41 75
239 118
4 215
189 166
25 55
207 186
175 272
58 230
67 177
259 61
219 104
146 234
234 280
231 281
48 179
234 224
217 140
77 158
107 97
278 67
279 25
238 31
53 179
106 286
109 269
7 241
122 51
147 280
252 92
33 176
139 193
59 226
12 271
260 152
84 97
297 261
11 285
106 46
72 216
43 21
44 35
203 195
147 56
160 176
299 3
122 85
141 18
205 12
113 277
11 13
293 222
258 257
131 264
110 262
159 44
18 102
207 251
56 98
10 1
292 226
300 82
206 23
260 169
89 142
4 24
197 181
180 253
50 64
108 130
212 275
100 149
260 292
268 274
49 75
47 291
33 153
279 93
71 285
85 104
207 229
82 147
101 186
83 88
19 97
132 236
30 150
16 177
227 212
290 254
97 113
171 201
266 167
152 169
113 275
287 300
271 57
258 86
3 271
300 59
235 29
241 116
126 195
284 59
261 67
176 127
118 198
259 19
123 26
231 186
230 49
136 101
287 184
32 258
230 278
196 22
260 155
189 232
55 130
57 292
250 55
28 101
294 13
56 280
82 56
129 254
128 18
157 14
249 233
5 235
293 115
242 92
285 294
25 22
174 179
112 39
129 29
17 184
128 230
63 117
19 209
128 221
294 124
69 259
206 27
5 250
145 232
142 98
24 253
22 55
205 7
118 220
237 209
115 117
29 186
210 206
192 202
98 55
240 155
10 190
102 170
6 285
57 90
8 191
261 41
255 169
94 162
228 286
44 89
98 103
82 5
37 132
98 130
175 73
73 233
84 299
59 258
274 65
90 159
225 184
243 147
226 258
111 7
130 24
6 69
42 213
87 19
271 216
161 202
30 122
111 158
99 263
132 230
64 118
89 86
229 81
152 76
142 5
164 173
238 201
213 235
240 85
73 78
201 202
264 193
101 253
193 87
118 145
153 160
225 258
16 26
39 214
209 113
276 17
70 17
220 60
289 105
246 276
158 52
17 240
128 58
197 165
28 231
126 180
112 107
297 64
196 55
10 64
175 222
150 51
201 178
74 255
237 97
230 261
141 236
209 14
121 77
114 47
146 25
61 209
107 149
108 215
110 222
33 95
71 13
30 284
155 292
272 31
110 117
292 59
107 100
285 259
194 105
261 170
203 165
220 41
91 94
15 233
144 296
144 281
146 82
53 71
150 300
13 291
43 284
263 132
79 194
34 4
144 274
186 253
29 28
300 35
125 232
112 291
263 236
151 161
25 280
242 8
68 3
200 135
244 84
289 190
224 247
92 124
95 218
220 67
125 220
294 288
96 30
145 60
50 23
225 51
80 150
225 59
39 119
7 83
281 140
82 40
176 126
249 202
148 27
68 200
267 295
263 269
207 254
87 182
295 251
245 221
182 107
135 271
170 91
162 6
172 67
212 113
72 12
288 121
162 11
31 210
281 208
47 13
139 92
216 70
44 146
126 197
69 39
240 59
225 226
43 30
143 253
18 38
127 126
123 242
162 71
58 118
228 71
68 135
2 16
133 139
167 252
289 178
210 161
3 21
208 168
198 133
226 86
236 60
124 47
66 19
37 178
280 224
189 2
256 206
124 19
150 287
159 42
190 261
211 55
82 138
209 7
70 152
237 299
154 61
258 137
137 280
112 200
278 75
240 255
31 79
32 146
87 154
260 120
206 50
231 274
64 223
287 243
190 273
162 114
246 88
136 143
173 150
226 104
250 247
125 133
143 28
179 36
56 153
58 172
206 297
41 26
12 30
117 192
158 246
52 30
273 91
78 289
182 119
40 160
238 148
294 61
123 91
10 239
133 179
139 285
25 108
123 53
13 84
148 289
101 274
133 183
265 8
282 203
237 111
233 23
33 247
206 1
300 32
218 129
40 5
179 228
210 256
247 4
159 146
113 271
150 260
68 113
121 227
254 203
185 276
5 224
53 193
116 204
145 264
293 256
207 253
223 172
268 140
34 235
4 290
223 273
96 70
198 232
237 157
67 48
273 123
135 96
271 88
281 296
172 133
36 106
131 38
60 41
116 85
283 289
221 102
17 120
281 268
124 182
224 127
59 159
275 216
129 207
41 48
245 297
114 69
114 13
102 264
106 92
186 296
224 215
289 58
299 149
43 57
139 114
58 223
95 28
262 192
250 130
155 219
235 136
248 206
161 269
18 131
14 12
55 153
14 116
217 163
29 203
178 221
116 120
3 12
68 97
71 252
65 208
297 220
105 170
243 35
295 208
147 22
256 128
285 244
172 189
241 255
10 141
26 187
91 193
288 68
69 87
272 161
262 15
148 99
84 209
172 278
298 13
13 237
9 181
36 69
201 109
64 273
172 38
174 2
277 21
145 49
49 48
215 282
154 107
222 202
90 219
108 188
71 36
247 176
12 88
107 227
82 137
71 191
118 172
242 177
289 1
286 66
225 42
120 292
41 264
97 209
232 26
54 116
149 275
81 165
269 23
56 40
262 222
143 180
236 198
242 69
78 202
183 71
95 270
187 69
60 94
91 266
288 113
202 128
30 241
197 274
15 221
235 129
220 273
136 267
29 253
96 240
105 131
145 16
69 191
145 189
215 29
93 98
159 258
147 279
184 279
139 252
5 247
252 13
60 26
73 31
205 3
