300 894
296 188
213 233
18 225
288 210
294 94
99 110
171 266
24 103
84 103
262 206
167 154
150 109
255 76
257 160
62 154
66 286
58 25
50 257
232 55
45 144
297 52
136 295
15 122
268 201
81 68
294 226
63 33
271 282
279 168
95 232
153 177
140 56
252 211
207 82
5 17
266 185
36 282
122 229
185 287
87 4
154 28
255 10
292 18
274 95
69 254
25 26
159 117
48 215
202 258
232 172
198 20
83 234
186 99
117 215
230 24
36 200
295 78
206 17
149 272
160 249
285 132
51 137
74 157
216 155
235 195
49 141
34 147
38 241
77 52
30 274
289 273
114 107
215 145
173 129
269 242
115 153
190 169
68 277
242 57
213 110
3 246
245 21
187 296
196 61
57 187
136 78
173 60
84 175
270 159
245 186
232 79
234 158
145 81
88 222
134 178
91 96
4 89
163 279
20 248
300 160
44 275
133 52
252 184
209 97
62 256
150 149
84 292
177 108
227 156
271 181
144 54
13 158
259 252
237 113
265 69
62 167
32 199
214 14
266 286
149 221
137 142
204 193
50 160
132 135
267 274
133 297
248 146
290 263
107 9
143 65
110 294
185 273
161 44
190 270
122 70
147 33
207 51
152 30
9 237
285 135
14 82
53 123
46 268
298 45
176 210
263 112
151 291
2 140
162 170
92 197
211 231
282 299
176 288
87 80
100 202
118 245
128 207
105 136
254 234
262 17
31 150
30 35
102 92
69 253
60 8
298 174
21 67
146 66
221 272
290 3
154 93
120 32
155 224
18 86
44 144
250 26
119 155
65 122
26 203
89 271
161 298
199 207
61 236
220 279
184 31
280 196
185 289
199 128
50 300
12 46
149 109
38 262
31 221
105 59
208 108
19 152
261 97
270 48
11 84
66 29
141 260
223 200
186 213
262 1
37 132
233 110
292 138
297 243
148 47
278 28
11 24
212 208
200 282
85 264
245 67
271 200
243 219
171 286
90 107
57 279
139 9
197 189
231 149
181 299
192 119
181 183
175 138
101 139
170 283
231 150
72 125
47 16
51 82
156 169
300 249
249 284
222 73
70 118
242 220
299 183
63 115
137 2
166 288
143 122
137 244
172 58
260 253
111 252
121 12
64 49
95 79
73 179
236 173
153 208
59 78
97 248
148 143
35 232
238 6
286 29
229 118
67 99
293 164
3 263
13 62
35 274
257 300
260 254
159 215
240 39
106 190
70 71
21 27
167 93
280 238
106 124
88 73
240 11
286 289
210 147
46 201
158 256
128 14
113 211
43 152
93 28
279 296
246 98
273 235
108 32
146 171
4 80
153 212
163 168
60 87
191 242
249 222
278 251
228 231
73 49
75 41
201 126
43 218
81 277
116 240
217 226
168 296
196 238
247 255
17 148
180 26
42 245
287 74
114 139
123 121
123 12
144 105
221 109
175 292
251 10
210 34
264 197
217 133
108 293
147 153
169 125
178 238
183 41
23 97
219 124
158 62
82 142
178 196
66 266
52 227
269 220
228 31
103 292
86 204
54 295
5 206
61 173
29 287
152 267
85 92
25 203
67 27
144 275
243 165
125 117
139 237
133 77
220 57
229 245
218 152
290 189
132 202
52 165
246 104
19 30
193 50
236 129
18 138
209 20
183 22
227 219
293 32
116 230
244 216
12 130
124 72
139 107
79 58
89 223
298 44
218 30
53 121
82 2
174 144
174 45
29 289
223 271
140 192
294 217
83 13
59 295
91 188
236 60
16 143
165 227
252 228
49 265
157 281
266 29
21 186
73 265
92 264
135 151
30 267
35 95
132 100
98 276
187 91
45 105
188 90
56 216
103 18
162 68
207 14
164 199
1 16
112 276
114 9
46 130
141 253
76 174
32 128
225 204
108 120
208 293
57 168
226 94
146 266
81 170
218 267
52 243
74 205
26 38
88 64
238 61
233 217
268 126
131 269
200 299
289 287
170 277
240 230
124 169
113 259
208 120
6 236
44 45
154 278
116 7
34 33
155 178
230 11
76 161
128 214
127 290
151 258
211 184
194 131
160 88
165 106
111 113
235 281
275 54
250 38
265 260
282 181
293 120
212 108
34 63
184 231
283 23
177 208
190 72
198 248
277 261
237 259
169 72
284 222
258 269
299 75
91 101
2 244
215 81
140 216
257 249
130 182
47 65
145 170
59 37
94 77
216 192
198 146
151 194
194 291
24 175
134 280
28 247
92 127
193 300
113 252
111 259
280 61
251 247
12 268
179 265
291 131
197 290
112 176
201 182
83 158
1 148
43 19
248 171
142 244
183 239
127 197
20 146
28 251
7 39
296 96
15 70
142 140
226 133
121 268
186 27
258 291
79 172
279 187
117 162
209 198
214 207
102 264
223 36
158 167
115 177
283 209
17 1
36 271
42 67
231 31
67 186
187 96
241 206
254 83
55 58
77 297
195 92
210 63
7 230
45 275
27 233
178 280
63 147
75 183
8 87
150 221
122 71
173 8
16 15
82 137
127 189
221 43
275 136
163 57
58 180
102 127
138 86
272 19
29 185
274 232
75 22
115 212
202 194
37 285
276 176
120 164
300 284
22 239
22 41
107 111
101 114
13 256
58 250
167 278
129 87
260 83
56 119
157 195
90 139
136 59
206 1
126 40
104 276
69 260
156 190
112 98
3 104
5 262
49 69
220 163
119 134
26 241
191 163
250 203
225 193
64 179
162 81
99 213
159 48
175 18
203 241
70 229
215 162
10 76
189 246
239 123
95 55
31 149
129 60
188 101
120 199
211 228
226 77
64 73
182 40
270 125
288 63
147 115
155 134
38 5
204 50
229 42
254 13
197 3
79 180
33 115
55 172
27 213
96 188
274 55
203 5
77 243
23 209
104 98
56 192
160 284
61 6
27 99
284 64
134 196
16 65
174 44
204 257
19 218
60 4
241 5
71 118
255 161
192 224
105 54
22 53
227 106
213 294
54 136
295 37
164 128
94 297
287 205
131 242
246 112
219 156
247 10
238 236
47 143
179 49
199 214
90 114
51 142
277 23
261 209
130 126
168 187
288 34
9 111
135 100
291 269
86 193
189 3
65 15
11 103
39 24
104 112
78 37
25 250
249 88
295 285
253 234
291 191
168 91
166 210
171 66
244 140
165 219
272 218
130 201
89 36
289 74
222 179
181 75
107 237
283 261
54 59
205 157
6 129
55 79
264 290
125 159
281 85
273 74
148 16
196 6
258 131
263 104
6 173
281 102
179 141
281 195
224 134
68 283
41 239
32 164
143 15
72 270
101 90
97 198
176 166
131 191
273 205
48 145
110 217
98 176
253 254
15 71
297 165
205 281
86 50
277 283
39 84
9 113
234 62
188 114
256 167
264 127
248 66
233 294
10 161
243 227
287 273
117 145
201 40
224 178
124 190
265 141
109 19
100 151
247 76
80 223
119 224
180 250
71 229
23 261
172 180
80 89
202 151
41 53
228 150
172 25
53 12
103 175
256 154
78 285
123 46
33 212
87 89
85 102
96 90
37 135
118 21
267 95
237 111
276 288
239 53
200 181
278 93
296 91
129 8
214 51
33 153
253 83
99 233
267 35
222 64
14 51
212 177
145 162
71 42
161 174
109 272
269 191
17 47
96 101
76 298
72 159
48 117
41 123
68 23
282 75
205 235
65 70
195 85
216 119
268 130
272 43
93 247
1 47
180 25
106 156
242 163
98 166
166 34
191 220
14 137
206 148
8 4
194 258
156 124
93 251
78 132
286 185
138 204
100 194
219 106
42 21
121 46
275 105
28 255
225 86
135 202
138 225
141 69
8 80
217 94
230 39
192 155
177 293
203 38
157 85
224 280
193 257
263 246
244 56
184 228
118 42
292 225
39 11
110 226
10 298
285 100
241 262
235 157
284 88
169 270
4 223
74 235
2 56
170 68
152 35
251 255
109 43
234 13
239 121
20 171
256 278
97 20
126 182
94 133
125 48
80 36
299 22
259 184
195 102
189 263
164 214
261 198
7 240
276 166
259 211
142 2
24 84
