300 300
194 10
171 226
201 172
191 45
124 116
265 184
174 158
289 216
33 84
209 176
132 19
107 223
180 117
161 16
41 214
251 143
219 120
77 185
121 237
21 97
162 26
103 297
105 60
99 62
155 111
25 271
294 139
100 256
211 293
284 34
236 103
253 282
14 286
27 239
223 279
243 187
91 217
197 209
85 262
278 287
272 259
169 253
49 108
76 128
30 113
19 171
125 242
292 134
24 58
266 288
264 191
214 35
293 230
245 248
273 205
196 200
11 245
8 112
50 249
1 109
290 250
241 291
29 212
75 148
96 235
108 138
185 107
98 6
233 147
137 67
63 166
109 153
101 150
148 96
188 70
257 263
178 142
210 13
215 74
164 31
159 122
287 15
283 93
202 90
83 69
54 281
267 54
154 178
291 133
172 261
78 47
119 208
163 154
47 44
120 14
88 82
74 292
42 57
86 189
28 167
94 22
62 81
256 132
37 99
70 283
57 254
250 129
149 183
226 65
205 177
58 8
44 168
66 37
56 41
6 91
68 285
114 156
189 294
15 77
136 127
134 269
235 146
177 115
165 275
69 126
144 260
93 225
193 273
218 290
227 157
220 55
157 224
16 2
170 118
160 38
128 234
212 46
106 89
228 300
52 272
158 5
82 71
286 131
151 28
22 161
279 160
84 266
249 42
89 145
118 52
274 36
32 1
268 3
135 66
3 68
244 7
255 280
184 12
282 95
139 165
90 29
179 98
262 40
221 210
46 27
31 11
150 39
260 193
116 64
129 83
258 236
130 220
87 170
270 219
67 114
111 105
12 125
127 247
192 9
20 61
234 257
115 229
204 155
167 18
203 49
217 87
198 252
225 192
102 246
17 296
72 173
263 201
208 17
269 159
40 76
281 163
35 270
297 101
60 25
39 215
168 267
43 78
131 204
288 20
138 119
176 278
229 289
242 130
195 24
5 56
300 63
299 264
232 174
141 276
200 195
152 196
143 32
222 30
207 241
239 233
112 144
190 135
146 265
295 179
277 59
61 151
285 207
110 222
92 169
213 51
79 86
104 88
59 124
175 221
147 299
51 203
252 213
298 206
276 92
122 21
224 258
2 43
64 33
230 298
123 23
80 218
181 238
248 79
296 274
246 75
153 199
237 227
247 180
38 104
45 244
280 190
13 232
65 140
166 181
240 4
173 149
238 251
259 102
117 48
182 136
53 141
206 94
142 268
140 50
71 121
231 243
34 194
81 186
183 277
254 137
9 85
199 188
97 284
55 231
113 255
145 182
216 73
275 175
26 198
261 110
187 228
36 211
18 162
95 80
10 123
23 152
73 240
133 295
48 164
186 197
271 202
126 106
7 72
156 53
4 100
