300 597
192 103
8 144
190 38
185 94
41 274
146 152
124 66
289 87
69 33
135 138
53 40
34 100
147 297
259 123
252 216
218 97
81 134
83 91
151 125
262 54
268 174
201 85
87 224
234 80
226 19
55 165
141 220
186 245
65 206
19 42
35 107
5 84
275 254
160 4
59 195
281 71
10 98
175 236
29 142
295 113
299 67
27 123
192 197
251 272
72 129
200 173
249 212
28 270
293 274
84 192
215 186
177 242
51 267
127 292
11 211
282 220
22 181
67 281
16 206
160 20
258 160
296 5
292 76
89 7
219 266
58 3
277 210
263 156
119 55
54 248
240 61
120 218
198 127
296 172
120 97
158 235
181 277
227 46
148 146
77 189
138 162
292 122
84 197
91 60
265 139
206 287
75 221
14 86
189 117
150 293
297 263
71 149
233 154
183 143
212 99
236 290
235 134
254 154
149 184
21 96
94 125
172 84
194 181
47 229
245 2
154 203
80 205
101 136
218 200
63 186
216 144
212 117
9 203
86 209
269 21
85 269
128 141
1 223
105 263
30 256
39 102
102 193
285 161
222 89
73 105
76 176
279 276
298 17
56 72
235 81
143 92
291 171
144 85
183 43
137 253
276 179
252 8
19 166
55 247
263 121
62 38
104 226
182 1
193 266
131 193
38 239
264 240
167 90
130 60
267 15
158 81
257 12
196 292
300 272
155 65
295 178
132 109
165 282
83 130
12 285
199 254
189 212
211 79
96 142
221 57
70 175
153 10
31 101
103 32
57 48
34 30
185 151
45 275
282 141
272 234
45 199
104 19
229 194
75 57
154 9
272 271
140 242
247 165
90 294
76 116
36 87
294 299
112 115
143 53
152 23
17 101
142 49
243 106
262 28
21 29
22 277
153 56
298 31
42 56
229 22
54 270
26 249
79 260
15 58
24 58
27 36
250 218
13 46
136 52
256 207
257 232
245 14
32 6
268 239
79 208
26 77
59 295
197 103
231 70
6 61
177 180
155 108
293 41
132 187
181 210
29 96
246 152
25 183
286 241
164 150
23 163
285 159
216 201
208 31
28 54
108 16
144 201
100 256
261 222
133 44
25 43
152 78
109 187
53 257
93 243
38 268
106 279
260 208
14 209
30 207
37 160
232 126
7 168
125 177
52 252
221 48
210 120
224 59
116 135
46 167
6 240
173 94
200 185
225 11
3 83
41 64
206 82
110 55
201 269
210 250
190 62
2 86
61 26
114 132
273 195
179 155
146 246
178 164
148 246
174 261
44 147
85 217
98 251
98 129
124 228
12 126
35 170
269 217
44 73
243 168
202 68
260 298
91 130
72 98
280 255
271 80
106 284
242 180
56 10
58 83
141 202
220 202
66 112
102 131
63 245
33 255
176 135
242 225
111 283
228 95
108 65
110 119
231 230
40 232
287 114
46 237
68 131
217 21
96 49
151 140
180 225
195 113
222 93
213 253
115 258
161 159
52 214
10 72
163 110
162 25
215 63
39 68
211 204
48 244
100 30
237 294
40 257
5 172
121 157
290 104
195 295
107 33
16 82
118 211
73 147
191 52
291 213
297 156
112 18
184 241
251 300
187 35
61 77
188 290
145 132
134 227
270 148
204 260
82 145
259 27
264 6
118 204
165 128
114 109
71 74
253 238
67 278
226 166
3 91
169 35
125 140
131 219
150 41
101 191
149 286
284 179
247 128
213 137
197 32
207 51
121 262
203 235
20 45
250 120
74 286
274 190
162 183
137 238
156 157
159 228
145 114
178 150
105 297
276 155
223 231
278 281
240 26
50 278
65 16
224 273
288 47
136 214
267 24
1 231
88 171
287 145
4 45
228 66
66 95
37 4
166 42
238 215
246 78
168 106
274 64
179 108
253 215
117 99
203 158
99 182
198 196
244 196
207 265
174 222
248 148
64 62
223 230
157 262
256 265
209 34
214 252
142 111
107 69
32 264
97 173
169 170
128 282
294 50
234 205
48 198
138 25
13 167
116 176
113 178
273 59
209 100
205 291
126 161
64 190
68 102
187 169
249 189
284 276
92 40
191 136
171 213
60 75
9 158
62 268
4 20
18 258
139 267
49 111
7 243
93 7
20 199
170 107
275 233
89 93
248 146
87 273
82 287
81 227
288 229
99 1
172 192
237 90
8 216
254 233
236 104
122 116
80 88
140 177
33 280
255 47
134 13
299 50
50 67
266 27
77 249
277 250
220 39
289 224
199 275
161 124
280 288
258 37
51 139
11 118
204 79
164 293
239 174
278 71
130 75
227 13
123 36
186 2
230 175
196 127
2 14
97 200
157 28
175 188
78 163
283 296
244 198
286 184
233 9
119 247
95 112
18 37
202 39
156 121
283 5
290 226
271 234
129 251
133 73
36 289
127 122
219 259
176 138
255 288
170 69
42 153
103 264
123 289
31 17
115 18
17 191
232 12
193 219
43 143
205 88
261 89
126 285
194 22
117 182
74 149
188 236
173 185
47 194
95 115
265 51
266 259
182 223
279 284
135 162
166 153
168 279
217 29
238 63
49 283
43 92
270 248
139 15
167 237
122 76
129 300
230 70
15 24
300 271
208 298
94 151
78 23
159 124
239 261
109 169
163 119
214 8
281 74
171 137
111 296
180 11
92 53
90 299
57 244
60 221
69 280
113 164
24 3
88 291
70 188
225 118
23 110
86 34
147 105
