300 299
120 166
300 246
232 251
84 197
133 148
22 248
277 135
257 82
63 187
260 168
195 256
171 33
18 278
199 156
67 165
61 228
71 88
93 254
132 285
92 103
46 69
248 245
185 250
115 76
298 157
172 208
42 12
182 142
233 194
278 179
279 5
272 128
77 198
146 284
210 90
105 178
205 74
299 50
160 137
270 209
85 260
58 86
138 9
12 81
196 117
297 274
286 106
128 186
53 114
231 20
72 237
169 40
21 107
32 163
165 224
284 232
150 42
80 19
45 63
62 64
294 266
198 8
76 170
96 67
280 36
228 49
23 255
239 84
37 105
296 96
106 58
190 292
49 28
102 37
83 222
287 101
51 79
283 62
218 140
229 290
70 2
276 275
161 7
26 109
191 13
89 169
217 60
247 195
15 217
10 211
136 45
157 201
202 6
38 4
168 231
143 112
121 131
269 204
174 225
52 119
215 11
245 243
212 130
290 87
104 43
8 55
48 151
95 24
119 221
267 22
246 289
249 73
275 279
234 134
131 199
292 234
209 83
285 233
124 288
156 47
100 272
187 147
220 61
142 213
107 267
206 202
236 299
164 144
225 93
186 283
213 150
167 16
193 68
9 172
184 115
178 238
34 32
97 146
110 181
68 158
211 26
99 174
27 108
200 241
25 215
24 138
265 269
6 95
153 132
204 113
266 205
134 206
219 218
139 125
118 53
56 189
75 188
194 268
282 244
4 159
183 17
226 23
73 25
91 236
82 41
64 92
28 136
255 298
39 141
250 152
86 291
148 280
60 39
259 175
240 30
203 162
264 200
98 100
145 80
173 77
224 223
20 14
135 210
170 129
179 99
254 219
41 143
14 102
263 35
258 182
116 185
17 154
123 97
291 155
189 242
103 160
87 265
152 1
127 273
3 89
293 214
201 277
11 51
158 91
222 66
140 239
59 133
130 258
125 72
262 184
108 21
227 263
50 29
81 57
111 167
221 257
180 259
242 120
79 54
57 31
31 139
154 164
251 282
144 271
122 126
117 153
162 94
141 293
44 287
192 70
7 212
90 193
109 247
55 253
35 121
2 216
126 176
159 15
244 235
253 252
216 300
238 270
36 296
281 98
243 276
69 264
16 230
30 104
288 46
295 192
188 295
223 27
147 110
5 297
78 38
208 44
74 18
241 149
256 229
54 75
268 177
151 262
101 65
155 173
271 281
113 240
137 59
47 78
29 220
181 203
19 191
114 123
273 56
43 145
129 171
94 286
88 227
166 180
235 127
261 116
214 196
112 71
163 111
177 161
197 226
65 183
1 122
40 207
274 85
149 3
175 190
237 34
230 261
66 294
207 52
176 10
13 48
33 249
289 118
