17 9
80 97 35 69 45 86 37 100 18 67 7 10 27 98 43 73 52
5 61 66 50 6 2 41 82 49 90 81 87 19 72 78 2 26
39 3 45 89 20 12 66 91 64 62 7 53 73 51 73 49 124
70 26 19 89 76 93 18 34 57 50 89 86 145 74 51 39 87
24 16 57 12 42 77 40 37 91 94 3 72 17 73 10 155 57
79 9 6 70 85 63 80 4 109 100 22 76 73 24 14 88 29
46 93 63 43 25 69 69 17 54 57 99 77 76 36 12 54 24
22 12 76 12 4 93 71 42 58 13 97 75 44 33 25 18 67
30 44 40 79 28 80 47 37 52 65 57 79 91 18 11 16 87
14 93 59 82 85 74 85 40 34 33 2 7 100 5 74 62 26
2 77 128 90 33 6 75 81 70 95 94 60 119 86 89 96 79
112 88 96 16 57 74 96 77 28 65 19 182 35 94 42 52 4
72 62 50 58 34 50 8 34 34 52 55 22 97 13 11 78 22
19 50 37 9 47 153 25 9 79 25 100 148 9 20 69 97 50
3 35 88 49 75 97 85 16 9 78 100 62 93 61 13 74 63
75 64 55 29 101 66 75 81 70 33 102 88 55 46 26 30 34
55 33 3 78 61 85 25 94 62 22 130 42 49 99 33 32 40
