20 13
767860 56667 92126 729071 365641 190260 450962 177082 142349 305765 112265 339300 271105 84857 917718 197008 60063 489312 495635 286349
376119 230535 494197 62267 19439 347892 244876 298253 280732 463377 294026 309521 375165 80002 300202 29361 253370 483043 139412 226509
623371 368869 382156 463403 203962 60862 364168 296137 365167 468022 211713 404418 78276 274127 144506 119800 85826 4895 8726 138690
659084 122353 465638 429306 214257 470305 220631 144776 105703 408208 230495 163619 397479 280702 85451 390361 159220 467381 260161 420896
185447 221832 489378 133082 320055 498837 105192 190128 466162 262309 323271 76601 271203 211688 489837 414546 336428 33756 34243 129124
413707 193221 494443 367394 114934 134899 784713 104994 169119 4309 224008 190165 179183 28852 111541 413983 348834 37308 194737 269612
333004 27504 208594 208424 459221 194453 455136 275264 295541 110356 449525 470759 302713 403606 129213 415726 240572 40198 125463 131945
187598 324819 192785 321841 451664 487274 210479 270492 187477 85823 313956 152103 329667 379461 76950 272492 303759 205169 223166 11915
446340 325242 100005 228933 449916 109275 3976 111035 47364 231727 17301 208051 390524 55828 188043 307251 131700 330344 134109 486244
393744 193358 693006 238715 274721 144571 100933 147071 17395 70954 418776 562824 449560 257018 418781 158518 214173 442300 87847 28392
249016 428224 285567 405545 214297 22518 127579 113660 335054 72673 468917 346610 39402 348340 369510 24754 23775 340437 227563 101394
93795 454845 5348 431643 209103 424789 207695 334408 173498 292473 37137 957953 208548 208303 325247 498711 47227 354799 471899 167717
247665 316617 477553 137725 439664 63449 446718 392249 119869 54980 406877 264472 400694 230007 319297 272072 389107 451244 170135 162878
88519 140070 432327 359322 428574 216625 222386 128262 188862 213253 194450 374869 301000 467906 343102 710 25013 898980 494606 817319
236141 349872 316660 355110 327086 302850 193887 78785 882488 411889 155529 356431 289983 41014 436948 68785 26318 286252 233826 478591
357176 302565 114450 86251 309061 53603 34757 171352 181119 268892 145247 386173 426386 227959 448614 421475 439950 124204 159298 424418
166787 340968 190299 4008 285731 450694 435838 427313 232803 159958 94264 457231 438521 168345 941090 476911 936431 171505 46657 427726
118934 768655 146899 364700 8029 89500 174157 38150 498043 125902 204820 432219 432290 56421 449467 259248 443203 212544 208479 263159
32343 51506 449415 308477 357506 434286 294628 433477 162066 281981 215888 270863 60863 115748 349808 177461 766240 87725 99300 369890
422311 126149 194834 256443 194355 228724 387909 391191 456370 44440 401169 475463 334704 297634 116813 80234 266782 314035 346481 473556
