30 28
49268 171241 119981 73710 108191 141654 226738 98642 188634 196599 122960 247945 293103 217573 203464 193036 213187 127112 275634 167900 63539 524194 25389 222934 74882 183638 90803 192177 156920 35245
139559 203201 126302 142321 113593 68116 250372 13911 272203 205146 40845 288696 28558 421322 69211 120133 77715 144890 213909 242659 145568 27334 94063 43306 250796 251442 266515 263862 123519 270559
239123 107135 232583 165803 545590 96293 67401 190744 119528 292229 289156 122605 88006 42615 252631 53505 91063 437317 238063 149481 9004 104468 52266 30638 85084 81208 180239 206794 49637 171928
111057 196865 178670 236085 181435 213600 86103 278070 168021 99581 297500 183922 186782 39801 141107 406160 190799 291053 3652 122615 186473 87398 69840 153102 439784 274843 148200 251954 65391 128340
150059 244476 68306 288016 129263 34329 186378 239263 290640 161728 149695 302991 22544 143949 93986 49406 90785 57494 289458 109378 84632 143878 74425 128277 241722 186627 209958 285714 157966 132840
173834 270978 230781 197825 89943 244259 138581 141709 175811 69604 224929 136315 14083 276870 37810 231885 45968 97980 63289 212887 179460 243627 28777 143040 98365 108714 224665 133567 52793 57283
504221 62438 251953 81689 204287 176378 203151 437532 25505 59437 131148 231110 253491 117645 234156 57948 29345 180775 149761 482000 220800 4237 284002 69165 223324 174298 120684 15051 223121 268155
201525 278334 167831 243487 17909 163639 52787 54316 234474 249476 61520 281764 124831 86057 216581 175362 3592 267528 10323 247675 214498 113051 133190 178752 170965 52374 274161 277688 150579 141192
277172 196936 48568 219768 245015 221548 361096 126408 140675 279716 253061 229778 203814 17978 293534 247095 10292 130211 239113 23018 98964 214433 119048 257007 594536 213508 194333 172365 185230 261771
167829 28754 169216 68895 264663 250118 268697 105591 245524 266123 85601 379417 111182 15767 157568 168560 69155 139889 286195 279755 40094 140650 297723 85391 233492 283453 203263 224463 288427 110214
117781 292544 111929 127811 52934 38650 261866 69078 211341 156214 246330 123137 226904 235824 70455 328228 154420 84065 13227 259664 286937 44499 18873 191654 79891 355654 281334 128672 25521 269686
25349 113845 510874 37854 46260 42716 22119 17327 6130 289883 231672 205998 65412 5258 262918 69130 158155 227026 541014 201308 41852 261321 7014 534213 82793 10687 297239 11375 190750 218468
37928 149054 49367 62729 138732 449744 51432 40623 292722 111239 181982 9905 283704 271192 115228 235568 40724 78764 188222 258157 46603 13301 108964 168858 1736 199029 218128 331026 289940 28352
265569 169375 215827 111250 242429 278388 167094 248715 241293 215922 76490 200322 46146 40444 289974 231029 177993 154334 189756 271279 95560 91568 227832 47268 24256 268210 119101 230609 255595 29263
155357 181502 223292 165244 99423 202173 45700 18423 35944 483783 44041 66071 171293 118039 222956 193704 95396 57128 203518 173671 297744 182855 272543 294940 227985 145203 209184 160174 108171 149485
6 223305 187890 73369 235112 186776 275790 30142 115660 538807 289741 114698 64112 475882 111918 235319 376722 73299 112163 36846 95340 149903 129184 117300 74556 221426 283210 116903 26875 114587
68477 249938 251161 211569 204779 67210 274783 160965 217381 91437 86992 24949 234864 183493 207754 86981 221297 57380 159652 246885 269188 110695 280431 225808 253374 272821 60727 129640 191920 180095
88481 322371 266839 47671 35790 76366 589021 244178 260194 135295 168608 298725 35521 62845 1672 6420 254743 24746 2359 289381 156100 255827 208535 219066 286417 148958 234657 178350 226579 279275
145846 2519 32935 261589 14399 253987 149558 200145 134610 10621 234192 159532 435781 207458 198036 122457 105881 62366 13786 198960 182480 289794 127874 126295 165384 163341 147274 157807 36103 176622
64913 77578 29557 244939 214136 285900 504310 276131 132608 178096 19167 23150 122890 57494 287155 97960 64102 52347 87911 182277 222023 197828 277059 280679 113881 96284 250983 123862 478105 155712
126397 526641 151487 136082 104854 40533 276791 44028 93293 270765 255221 293497 289085 23002 164601 10667 23298 58916 134347 8752 139842 223084 215870 134463 157707 130161 228976 73065 69401 227143
236166 75642 93615 256830 167282 257814 210011 113987 150158 80574 246036 251736 49248 234635 61821 11451 86678 281519 235361 246183 208265 333525 220580 143866 34643 74022 64503 8316 77471 251969
185320 147688 186951 206789 20933 5920 4772 4229 107744 248409 74737 269543 199981 142744 101226 236928 259425 166261 66126 148827 263156 283771 285661 111026 123871 70309 255355 11090 189983 73058
198346 213051 187855 95410 85683 251134 268049 12487 7389 381573 128700 183894 164653 108312 181573 169355 8821 22478 92019 42433 6618 44077 115997 26929 48841 102954 512284 98017 262202 112742
161750 103000 17301 387629 160714 82046 24965 297780 152962 100898 146076 80135 182022 128218 57588 95785 429516 17499 408883 20366 63040 202522 221233 265851 72752 291816 118338 42306 195508 218075
86520 234466 246653 256813 3881 86881 4726 224192 150919 282575 83334 56707 167003 153576 127082 258126 278602 2608 91806 17282 29233 90902 217459 299211 36682 146451 52407 228800 48231 298442
161106 186559 229363 104263 125765 161267 87318 61378 122058 198639 508858 19814 122957 283039 213022 721 23075 290043 167499 171162 81267 55152 281623 9184 28486 127510 262287 107204 157688 42342
265901 188103 215797 13373 210752 262351 264700 279 257287 506590 76724 72653 901 125659 248267 497987 45132 230421 59487 102280 196956 50629 271190 505635 283514 26140 137326 68080 145796 282840
117503 24769 44681 206220 107380 209270 381825 234707 190983 3277 68455 173576 262854 260980 145211 54647 245176 34838 114835 261715 16291 93103 110311 254864 171040 177086 150590 109384 217336 91108
109845 40403 128648 130306 201529 145005 293853 443334 68554 9222 202342 154349 85082 9482 133238 217743 146069 103533 114347 85072 170577 292758 166666 44202 24720 291233 92384 209456 192159 142824
