7448
0 0 0 0 0 0 1 2 2 3 4 5 7 7 8 7 7 5 4 3 
0 0 0 0 0 1 2 2 3 4 5 6 7 8 9 8 7 6 5 4 
0 0 0 0 1 2 2 3 4 5 6 7 8 9 9 9 8 7 6 5 
0 0 0 0 1 2 3 4 5 6 7 8 9 9 0 9 9 8 7 6 
0 0 0 0 1 1 2 3 4 5 6 7 8 9 9 9 8 7 6 5 
0 0 0 0 0 1 2 2 3 4 5 6 7 8 9 8 7 6 5 4 
0 0 0 0 0 0 1 2 2 3 4 5 6 7 8 7 6 5 4 3 
0 0 0 0 0 0 0 1 2 3 4 5 6 7 7 6 5 4 3 2 
0 0 0 0 0 0 1 2 3 4 5 6 7 8 7 6 5 4 3 2 
0 0 0 0 0 1 2 3 4 5 6 7 8 9 8 7 6 5 4 3 
0 0 0 0 1 2 3 4 5 6 7 8 9 9 9 8 7 6 5 4 
0 0 0 1 2 3 4 5 6 7 8 9 9 9 9 9 8 7 6 5 
0 0 1 2 2 3 4 5 7 7 8 9 9 0 9 9 9 8 7 6 
0 0 0 1 2 2 3 4 5 7 7 8 9 9 9 9 7 7 6 5 
0 0 0 0 1 2 2 3 4 5 7 7 8 9 8 7 7 6 5 4 
0 0 0 0 0 1 2 2 3 4 5 7 7 8 7 7 6 4 3 3 
0 0 0 0 0 0 1 2 2 3 4 5 7 7 7 6 4 3 3 2 
0 0 0 0 0 0 0 1 2 2 3 4 6 7 6 4 3 3 2 1 
0 0 0 0 0 0 0 0 1 2 3 3 4 6 4 3 3 2 1 0 
0 0 0 0 0 0 0 0 0 1 2 3 3 4 3 3 2 1 0 0 
