1000 4973
598 145
602 755
2 98
383 385
263 159
387 347
471 44
100 206
392 761
196 909
461 676
227 32
889 674
359 913
516 808
681 428
931 315
407 848
384 711
467 929
528 11
797 385
683 889
815 451
491 889
426 276
158 177
158 22
52 294
111 350
8 362
56 528
112 19
516 444
968 163
158 674
474 893
33 942
637 285
354 621
726 206
331 105
277 984
913 444
392 720
569 963
903 444
429 58
104 81
435 59
24 954
450 893
56 771
689 251
274 746
303 48
502 726
980 751
19 229
568 801
145 227
797 928
714 479
159 137
328 69
409 987
967 103
612 587
597 611
463 639
59 650
743 486
771 606
520 18
919 987
247 101
670 159
846 665
463 380
913 409
614 265
270 731
348 364
362 718
163 615
991 503
117 887
435 541
384 987
849 72
244 791
866 278
911 101
948 528
751 50
951 452
321 187
674 310
900 236
297 590
371 326
591 968
126 968
671 916
698 161
683 941
475 137
117 948
848 606
201 467
296 887
467 506
472 856
968 74
239 216
265 816
913 948
464 673
808 903
606 771
32 868
909 91
992 450
683 771
797 229
665 714
820 672
445 948
614 676
529 430
428 283
152 60
433 301
816 795
607 288
117 310
107 501
678 380
498 606
340 803
383 381
69 331
217 505
479 11
619 570
363 491
427 407
42 615
217 158
959 709
975 760
936 285
846 889
803 301
251 994
491 987
445 117
582 722
393 75
416 343
656 307
21 62
586 922
611 428
759 739
633 10
409 919
986 866
865 625
939 663
92 994
207 218
461 740
266 475
16 723
113 516
856 855
681 611
868 909
707 556
470 874
920 859
836 969
57 952
163 500
771 363
810 89
789 451
325 610
333 149
614 859
741 647
991 720
181 251
137 301
306 425
842 741
816 887
475 751
816 217
808 714
671 244
508 333
197 336
929 151
670 50
796 260
813 709
818 889
580 508
249 207
61 183
25 478
664 296
820 818
916 426
370 664
370 445
714 919
77 403
928 687
384 714
85 612
296 614
620 331
687 105
490 462
516 771
208 17
991 47
495 611
227 974
714 846
155 770
52 137
582 503
329 544
913 384
830 990
330 491
818 11
80 527
851 670
159 266
534 211
958 481
105 797
932 670
980 855
216 541
188 628
313 865
897 402
80 813
714 848
171 22
931 69
834 649
987 816
676 384
694 158
388 234
557 218
303 831
532 454
109 164
866 930
528 846
541 593
428 670
22 491
444 648
177 384
73 525
18 737
932 878
495 878
306 402
986 930
676 11
723 73
12 333
879 936
265 614
103 271
587 645
353 787
642 689
430 410
288 887
359 606
137 428
818 445
940 380
468 968
702 235
560 81
18 654
846 407
920 225
472 980
383 687
789 336
855 283
314 618
656 706
627 824
384 171
127 175
877 572
866 266
56 370
941 444
980 611
126 591
511 479
769 656
454 549
553 331
257 561
255 8
82 945
957 199
339 833
606 948
158 913
240 99
151 24
642 742
648 694
23 796
479 359
712 250
495 472
889 672
560 692
101 142
103 218
808 740
753 579
456 341
614 288
808 113
100 532
587 389
22 887
169 603
445 288
409 359
612 487
932 980
306 5
409 816
10 402
333 500
790 455
798 997
976 34
525 636
990 761
461 22
572 722
263 294
272 568
225 516
500 933
296 113
711 113
721 905
726 209
214 900
83 35
177 672
490 548
977 687
594 456
370 820
818 491
178 830
935 971
478 357
714 407
307 582
11 808
674 445
710 342
536 196
47 2
435 203
491 818
203 194
919 948
625 720
856 930
288 407
99 402
206 99
962 709
340 670
308 122
389 57
171 330
723 713
313 342
889 171
660 650
392 710
968 362
461 171
543 297
98 625
594 678
795 491
70 366
414 95
856 301
536 250
683 498
402 742
390 917
607 859
56 848
848 816
359 683
204 171
331 383
501 854
328 977
717 843
941 711
525 865
535 962
942 33
309 571
563 139
336 990
911 81
193 404
608 925
978 343
991 244
606 859
491 158
330 683
154 92
331 620
124 933
22 818
147 135
278 930
304 392
349 341
142 911
500 742
445 56
283 986
373 616
933 615
203 609
687 289
525 713
131 395
27 686
34 940
698 654
557 164
444 505
595 160
158 479
974 773
98 734
949 181
479 498
520 654
711 808
978 394
711 225
157 999
594 349
45 660
137 670
783 897
64 933
909 762
56 407
987 714
714 672
672 889
665 445
456 594
11 528
911 544
903 363
977 383
866 803
257 415
217 11
856 495
825 84
109 112
22 674
330 711
209 462
161 60
56 614
742 813
214 73
347 601
469 581
672 22
203 588
526 501
351 635
362 5
219 337
390 111
695 917
528 158
229 797
719 468
846 113
281 780
56 359
841 524
425 10
819 622
526 842
491 310
689 640
139 839
710 802
949 494
158 498
170 476
846 409
614 498
315 383
463 912
431 696
813 42
340 751
721 45
98 713
548 362
658 906
253 973
674 913
541 450
359 711
225 445
607 808
487 482
414 73
249 350
257 506
844 897
614 505
224 469
689 209
364 343
254 378
903 158
212 14
468 591
217 665
820 674
995 815
795 919
638 287
425 548
407 987
179 186
548 100
117 363
848 177
991 386
830 426
465 950
444 479
143 584
370 903
294 428
384 407
999 458
304 386
444 816
855 670
204 771
909 308
288 516
529 986
897 80
842 314
626 541
518 575
92 306
171 491
556 805
723 789
711 296
261 641
315 229
582 995
725 116
699 828
930 856
472 410
865 636
694 296
749 970
873 870
686 403
566 822
683 714
225 848
495 137
729 210
113 848
232 659
668 824
593 992
511 889
276 791
718 5
800 861
333 996
283 878
101 91
530 1
994 454
920 117
557 964
20 95
205 425
842 24
363 407
479 913
171 11
445 919
204 407
732 922
444 887
306 240
525 47
244 656
554 807
330 407
711 171
903 407
383 69
932 278
353 824
331 553
988 190
433 137
648 664
684 92
932 751
310 674
664 363
689 933
933 42
265 158
529 263
229 69
876 3
913 771
154 897
336 616
302 608
288 56
247 380
740 848
842 14
348 493
815 671
256 734
430 495
204 505
648 818
792 944
445 330
5 783
468 8
572 214
889 11
687 797
236 865
113 771
490 718
730 325
177 846
80 996
417 564
294 301
239 188
692 93
971 758
387 302
112 129
415 741
820 665
474 45
889 664
349 456
887 384
251 633
963 258
632 667
463 678
11 444
163 181
876 551
911 247
913 427
708 791
456 678
204 848
862 985
52 803
407 461
786 345
145 911
416 348
483 51
859 913
330 177
954 827
372 757
714 987
897 74
861 187
907 508
304 451
799 489
362 502
987 117
909 594
505 683
11 987
306 80
217 225
122 678
124 255
306 42
498 330
494 959
411 346
597 263
848 889
548 962
920 491
620 381
882 21
903 330
594 142
514 536
18 60
516 846
795 606
650 27
823 835
740 461
920 359
16 625
283 472
797 383
384 913
687 385
117 714
708 722
726 642
31 569
363 919
791 2
134 592
802 791
511 498
63 935
27 435
637 821
340 301
844 535
386 900
689 897
687 381
358 401
795 846
818 528
535 100
605 333
648 479
872 270
995 734
296 795
402 209
144 732
256 877
383 620
856 472
903 511
391 197
686 216
719 504
990 802
672 491
734 562
370 889
813 508
727 270
555 689
919 887
273 413
710 2
574 82
380 93
217 606
330 740
363 920
711 427
607 889
838 1
817 863
107 415
490 605
59 628
164 109
887 614
771 694
92 504
125 241
718 508
472 428
591 74
761 73
301 930
503 98
279 376
113 846
296 740
1 423
684 454
698 520
783 462
313 990
827 314
916 671
505 648
972 327
751 597
636 990
445 648
781 965
225 528
538 596
642 897
425 64
527 615
511 444
201 561
627 668
842 827
664 848
594 160
372 993
762 707
648 846
330 694
592 653
370 606
681 597
713 877
525 572
992 862
153 63
846 384
607 919
450 586
987 171
164 416
865 769
415 618
238 904
887 664
45 403
67 102
240 555
920 607
692 598
742 965
905 388
954 107
495 340
516 920
420 61
381 931
105 340
145 762
887 694
8 338
289 381
672 56
359 795
273 594
10 532
741 526
911 909
911 594
808 498
946 519
454 580
805 81
463 544
633 338
831 24
994 959
394 695
771 225
8 490
558 448
530 922
491 363
986 751
105 381
855 930
365 437
940 3
206 813
444 941
712 773
945 474
359 363
639 104
818 808
820 479
995 802
323 6
56 740
93 868
975 493
22 941
665 56
425 783
771 265
501 281
588 216
580 42
630 558
160 380
816 674
197 140
742 502
101 380
894 873
696 367
430 340
553 687
504 74
229 381
552 103
933 468
976 514
805 145
201 281
734 73
223 817
820 606
465 893
321 390
571 250
313 244
363 359
428 301
461 672
532 500
828 419
301 855
265 607
276 214
247 911
22 740
101 909
428 803
285 161
609 63
214 572
217 676
462 527
1 593
816 265
498 816
52 751
479 848
674 607
330 171
897 508
710 313
948 117
20 995
751 930
74 907
698 152
712 560
844 591
528 913
165 955
265 920
74 615
771 820
386 276
350 883
520 936
585 600
197 236
391 313
738 399
694 672
113 427
903 479
163 844
511 818
225 461
474 153
271 557
310 288
104 341
301 611
350 975
251 962
413 273
515 951
24 854
218 249
56 919
903 461
445 177
594 639
263 433
117 672
100 549
366 301
329 598
451 336
967 207
491 204
306 689
100 251
296 445
381 553
304 722
407 674
349 145
719 205
887 740
415 954
874 989
920 948
791 990
340 980
907 949
750 87
206 605
250 309
535 709
472 670
338 844
855 851
773 93
555 965
572 636
846 528
606 903
313 769
803 263
310 505
674 516
256 236
498 771
507 773
928 383
859 117
490 962
408 760
177 664
959 64
296 714
920 370
137 278
294 52
355 417
548 813
763 533
128 546
990 73
525 582
163 306
328 105
450 188
987 516
586 902
713 789
991 525
226 372
536 91
386 802
26 863
773 32
665 948
532 996
16 562
438 988
10 897
516 461
370 714
392 656
931 331
117 177
137 472
373 451
265 11
307 706
674 614
980 932
830 313
830 336
52 428
52 855
989 470
664 491
451 720
326 685
634 788
964 271
768 910
101 646
120 658
996 949
555 548
541 650
81 122
265 505
648 516
596 853
803 529
529 301
791 900
511 846
407 22
758 902
117 22
32 122
905 922
648 903
288 11
22 445
468 742
505 606
882 424
672 665
721 465
646 32
528 948
430 278
901 864
516 664
206 580
487 542
520 698
664 714
514 551
648 171
288 614
663 577
266 855
986 681
400 251
820 887
359 461
436 514
117 265
333 555
383 289
771 498
149 400
588 950
556 507
263 495
296 516
479 948
830 197
77 450
117 859
307 304
628 985
407 359
769 16
525 16
414 214
916 386
593 440
71 167
373 625
328 553
307 525
407 920
520 879
789 95
618 784
294 751
570 924
321 111
676 913
319 76
591 454
771 117
381 620
818 941
498 177
367 829
889 117
614 296
620 229
968 92
795 217
373 723
122 273
370 665
551 868
683 296
340 137
410 611
993 731
509 497
783 994
24 151
288 498
572 815
967 760
618 201
140 256
640 490
897 502
423 450
684 640
614 363
956 160
886 824
987 614
33 350
728 850
479 296
694 648
227 594
486 545
606 445
225 158
105 383
468 402
230 799
117 498
671 713
641 155
742 124
205 718
844 504
298 234
427 846
672 296
171 948
972 745
752 982
373 671
461 674
654 821
315 105
685 295
956 101
22 444
878 495
591 333
529 52
665 217
527 897
303 467
913 694
664 683
491 808
674 117
903 606
308 514
940 639
491 461
502 154
409 903
11 648
433 866
74 640
39 279
987 498
889 859
878 428
709 209
65 406
240 425
498 664
815 336
342 244
384 479
495 597
941 359
621 453
710 706
8 949
430 472
445 461
859 887
623 123
859 665
615 42
869 840
433 611
146 503
283 430
722 562
928 381
801 589
528 384
196 32
775 14
859 606
734 336
444 445
820 948
607 528
263 856
421 894
118 971
454 783
687 553
965 163
771 505
405 619
103 408
446 151
59 474
330 987
820 296
229 328
296 330
919 889
464 824
255 968
516 694
851 50
859 409
859 288
161 737
639 227
22 795
124 548
819 218
683 330
553 383
560 463
59 82
917 416
754 860
742 962
511 288
384 445
276 451
909 81
100 490
495 50
176 255
676 903
681 986
503 336
225 614
679 15
513 471
93 805
879 637
427 920
504 500
160 551
859 903
987 505
43 85
384 363
577 268
582 197
557 390
751 159
461 384
64 504
386 616
360 841
766 673
117 225
278 597
562 244
781 42
616 636
968 42
109 408
459 591
349 912
994 504
259 323
620 553
93 341
824 886
887 848
117 607
16 342
761 572
54 563
425 362
646 101
639 876
498 665
848 859
879 18
298 628
52 856
771 848
425 994
712 551
805 160
962 454
505 265
410 529
50 986
903 217
462 206
315 69
919 479
146 991
445 265
146 900
678 81
283 611
714 528
419 133
310 177
117 11
614 848
560 773
370 528
920 516
430 611
878 866
495 410
609 27
556 196
433 50
516 987
708 616
516 171
868 247
745 36
949 527
491 848
612 799
363 676
330 607
265 444
920 113
606 694
676 310
20 562
919 664
159 430
80 783
149 338
713 392
445 672
171 859
564 264
95 2
611 410
528 711
56 491
479 846
381 315
545 794
664 479
887 479
443 772
846 913
846 370
734 386
410 52
296 941
934 745
177 117
385 687
965 933
52 475
495 851
528 427
202 166
665 771
674 665
11 479
289 553
920 445
414 625
363 11
967 348
363 859
216 735
171 913
236 140
217 288
52 597
549 462
491 427
512 311
737 698
454 425
889 913
868 227
265 919
263 670
648 409
250 91
520 821
145 598
887 674
140 706
740 987
175 488
370 409
20 769
465 958
503 373
553 229
871 379
859 384
100 454
676 359
52 878
817 934
656 815
490 502
190 228
310 714
444 370
345 253
646 104
158 664
472 611
528 941
479 516
366 70
846 683
931 385
829 88
740 664
712 514
496 221
646 909
288 818
941 265
992 758
714 816
86 561
462 100
378 233
846 948
479 664
664 511
961 662
225 674
959 897
362 907
49 697
462 10
158 919
152 821
427 941
235 774
656 16
838 388
445 511
427 607
56 889
980 430
390 975
959 580
255 549
475 986
427 461
856 611
671 720
708 562
695 819
664 614
799 731
674 771
413 551
620 977
493 695
349 868
306 633
941 740
363 505
709 962
720 336
987 941
74 154
87 659
861 164
176 719
818 676
780 618
428 475
662 280
965 959
211 286
883 187
276 830
426 625
448 375
414 791
711 363
510 638
989 41
77 298
117 606
307 73
460 790
441 164
694 614
402 996
708 802
795 607
109 322
13 293
572 734
507 250
674 384
462 965
807 782
529 670
824 766
330 158
16 503
765 926
416 111
987 409
940 250
152 879
932 475
726 535
903 498
391 503
751 878
373 722
410 932
113 56
580 10
926 327
11 370
639 692
935 735
686 985
370 56
244 373
263 410
171 113
615 425
409 498
69 383
310 606
16 197
56 479
780 784
527 640
315 289
480 121
56 296
390 322
819 964
614 158
941 648
247 227
3 309
805 196
294 681
118 82
410 266
475 856
122 413
744 799
52 472
528 903
472 751
490 549
848 479
571 349
285 18
204 889
665 740
350 967
775 212
855 611
158 694
831 446
494 454
436 93
200 439
681 50
451 900
664 846
12 402
342 146
263 803
142 974
495 856
58 39
278 495
734 391
986 266
217 808
722 391
343 441
152 520
47 342
256 723
606 676
751 294
426 881
472 159
152 698
247 273
954 14
813 642
671 769
64 338
615 605
973 875
748 358
414 881
81 707
472 266
495 294
676 818
713 47
10 100
912 762
672 808
557 760
936 520
154 64
289 687
624 305
171 795
273 91
535 92
430 52
625 47
713 73
987 919
479 217
913 359
761 708
900 865
556 349
990 671
820 113
670 428
436 250
996 205
462 689
203 27
359 204
386 244
994 149
740 491
390 271
920 11
2 178
665 11
948 913
445 427
868 250
994 783
761 734
404 753
301 986
69 315
508 176
266 294
91 909
430 433
972 925
676 296
124 897
218 776
503 73
795 444
861 917
350 447
992 609
544 227
917 112
161 698
845 540
919 614
732 985
38 677
291 299
903 771
146 572
932 597
430 294
831 506
862 574
12 255
32 142
722 671
146 414
315 931
321 942
565 347
726 99
920 461
451 881
694 683
989 248
529 597
771 296
859 771
678 91
145 436
795 296
436 556
529 932
178 761
427 225
280 957
913 676
479 818
919 920
98 991
987 11
818 664
375 602
928 931
665 117
69 931
288 22
789 373
803 681
397 499
966 578
941 808
820 528
363 204
99 615
381 69
22 711
821 879
502 5
16 636
498 511
338 633
505 676
117 158
642 100
107 281
276 734
69 977
855 475
670 278
977 229
866 495
803 751
465 574
784 467
567 943
913 225
245 743
430 301
99 64
911 463
459 968
461 941
307 414
650 480
436 598
454 181
976 911
330 296
816 664
215 567
498 846
821 698
833 983
720 373
616 373
164 861
684 666
597 430
787 627
607 903
255 462
742 555
479 370
122 594
811 147
740 919
912 560
201 314
256 710
648 795
740 771
674 528
607 113
665 816
445 674
468 500
711 330
604 108
433 851
505 310
664 948
158 511
56 987
977 931
430 529
126 548
931 105
500 80
990 582
95 197
108 680
27 950
708 671
262 37
11 407
276 16
309 639
102 515
971 239
858 599
41 248
773 142
505 919
353 668
350 112
831 281
992 950
932 137
722 769
112 321
781 251
313 373
123 65
388 465
656 392
948 859
162 40
887 771
913 158
553 105
920 808
95 342
328 687
808 407
140 244
597 670
935 27
472 851
740 409
555 502
288 665
672 225
846 217
838 893
479 714
687 69
218 364
610 300
859 11
482 424
856 159
734 392
628 63
721 77
917 218
479 694
126 555
498 296
683 171
723 214
196 594
328 315
505 56
706 256
706 20
171 444
430 159
549 684
236 256
206 666
887 217
687 315
673 787
928 385
53 939
383 328
52 932
321 695
95 713
98 636
933 897
986 433
462 709
99 80
5 490
695 447
681 980
553 620
818 846
603 888
271 760
527 181
878 670
491 648
116 78
560 308
415 446
251 362
979 779
402 813
783 8
69 620
637 698
396 291
198 194
861 343
333 454
611 670
80 684
866 980
244 713
247 639
463 571
809 557
881 734
353 114
928 315
386 2
548 605
676 665
911 349
363 614
158 903
923 652
991 342
1000 943
474 660
296 683
257 854
733 393
514 34
201 303
217 461
560 247
855 878
255 996
177 445
859 714
256 98
927 60
781 548
666 459
859 683
930 283
333 684
959 92
461 511
846 711
331 385
903 370
250 349
433 266
463 247
16 2
265 711
528 265
409 674
642 12
889 56
266 159
544 250
115 215
740 711
504 240
433 878
789 761
212 929
857 617
437 106
887 948
294 475
967 322
176 549
385 928
676 427
171 296
163 149
912 91
671 723
771 113
158 288
855 932
462 549
56 948
427 948
142 160
296 674
409 330
903 711
171 846
606 22
928 328
11 919
217 330
978 19
941 409
848 919
456 329
409 848
504 742
22 310
296 694
672 714
220 429
64 333
88 243
494 64
11 846
32 762
789 720
384 330
201 506
978 441
938 793
694 606
718 907
808 820
493 187
987 310
204 384
363 498
607 816
665 920
450 194
697 192
310 498
977 328
530 403
77 922
22 948
505 204
250 707
177 820
859 848
204 820
812 700
217 511
92 402
444 711
580 333
444 461
415 303
893 118
461 607
227 556
694 384
346 534
69 328
556 227
941 427
516 795
56 676
57 993
987 887
330 648
700 398
654 18
456 595
32 436
720 95
463 308
461 711
553 977
384 370
309 544
878 611
718 494
532 459
373 525
646 273
536 93
233 162
665 444
341 595
407 113
101 595
881 990
962 8
383 331
676 846
288 427
968 240
528 648
310 848
614 941
2 761
640 402
614 310
883 164
242 275
837 55
364 322
161 637
428 430
954 784
337 382
859 330
681 878
384 113
887 987
472 433
943 418
854 647
385 931
607 672
230 890
177 808
771 676
454 80
909 678
99 10
574 403
149 580
847 371
795 816
124 454
856 294
217 296
618 854
903 11
606 846
409 265
207 350
919 11
114 824
330 859
156 354
978 390
607 740
498 117
113 511
616 881
494 42
775 827
370 511
511 265
859 461
330 445
670 266
865 342
976 329
672 920
27 63
561 831
445 204
383 105
851 611
986 278
967 883
867 701
176 532
433 803
495 433
56 516
714 363
832 219
968 684
655 387
681 472
388 121
995 391
870 53
734 256
980 137
803 930
688 443
370 920
491 217
256 426
82 902
310 808
353 886
793 185
56 920
952 191
56 265
137 866
620 69
263 283
461 818
781 462
707 560
887 461
956 571
275 651
511 795
410 681
987 296
532 99
903 409
887 427
640 205
491 177
776 271
842 281
119 496
26 972
826 512
113 384
555 154
177 427
941 363
430 263
920 887
860 777
535 783
52 430
45 118
934 765
69 553
80 425
648 683
903 296
597 878
516 370
693 675
479 676
307 995
818 795
672 676
954 24
595 911
995 636
995 140
240 149
933 154
745 211
553 328
605 400
948 846
980 475
514 707
795 674
767 921
187 800
694 816
556 876
665 903
674 664
878 301
363 225
479 427
772 483
640 494
301 294
868 940
537 857
791 236
820 694
289 928
104 91
713 307
560 91
229 383
251 500
820 225
720 451
427 528
582 386
463 956
741 86
856 52
614 913
462 813
46 324
336 582
466 353
516 427
795 714
33 129
11 177
853 747
959 251
276 386
117 505
645 724
887 816
781 555
881 276
771 903
701 28
370 859
683 158
432 193
412 213
751 340
68 621
535 933
197 582
694 919
503 616
347 1000
919 913
307 392
909 294
10 454
740 204
815 722
855 50
409 288
920 614
593 198
783 494
289 69
742 5
265 204
511 920
294 930
913 498
249 164
477 269
607 11
887 498
331 328
970 31
930 278
113 505
409 225
987 674
498 427
813 92
1000 223
994 996
808 987
941 296
713 140
903 177
878 263
472 855
370 607
416 394
544 551
497 485
640 684
648 665
427 795
707 380
498 479
2 244
605 580
247 912
191 157
380 413
742 996
338 8
426 414
22 676
177 919
689 163
1000 26
919 511
895 736
677 825
494 968
410 340
919 384
90 693
22 516
313 789
633 181
158 714
967 978
980 340
181 996
308 32
887 204
820 505
576 521
485 513
990 244
726 907
205 338
920 694
364 809
370 848
551 956
980 472
296 359
919 407
359 384
555 462
181 126
194 403
838 46
710 865
500 206
816 505
409 217
213 631
239 474
720 671
204 920
532 962
472 930
711 919
913 714
683 117
808 359
818 820
668 886
316 318
476 290
529 472
932 681
591 615
879 520
762 712
288 158
459 907
6 543
206 965
306 500
865 582
315 687
595 309
912 507
756 754
855 495
479 941
391 708
69 289
655 125
160 912
818 987
711 204
384 409
670 340
240 605
889 941
676 816
718 504
532 42
173 982
718 897
535 149
50 430
312 729
805 974
140 830
561 48
618 506
648 920
560 536
413 160
614 491
692 196
503 2
445 614
676 461
407 948
42 494
479 444
607 711
343 322
511 225
409 889
368 26
225 444
548 163
498 672
196 507
637 60
301 878
711 987
719 640
578 90
607 848
626 609
342 20
791 582
913 674
384 672
723 791
511 664
171 672
732 958
445 820
820 889
451 789
718 400
171 607
109 390
789 313
149 718
905 465
79 798
525 722
620 797
848 913
848 505
737 927
657 872
670 430
740 265
20 16
410 670
86 831
505 848
936 654
953 411
296 310
664 665
687 229
572 789
118 59
276 708
444 694
340 851
948 795
586 46
354 156
2 769
516 614
278 670
751 855
818 848
646 436
972 750
16 73
740 158
214 789
206 684
436 273
451 991
465 905
359 370
181 962
505 288
931 289
384 795
56 887
948 694
19 187
427 330
113 177
848 607
830 16
430 266
714 913
820 117
909 247
968 494
301 980
310 384
656 572
856 529
900 671
734 916
902 628
859 694
216 905
876 911
687 383
735 59
821 927
948 987
266 930
692 773
889 409
78 938
113 672
805 595
840 604
711 11
613 946
890 657
726 333
459 100
962 163
572 881
444 889
755 725
751 475
117 445
948 204
723 414
174 587
204 795
591 80
529 930
370 816
98 877
288 330
400 500
241 267
889 846
689 205
430 283
818 407
607 56
607 384
616 706
225 113
444 22
292 23
614 171
977 331
722 900
2 815
311 585
886 464
11 676
124 462
865 671
422 189
427 363
503 256
498 648
553 797
707 160
81 463
802 991
800 129
198 440
606 648
296 511
995 625
856 803
76 4
844 459
205 490
640 813
907 154
907 666
384 491
204 310
64 605
940 560
111 348
205 99
160 536
506 842
956 91
562 710
206 719
192 834
516 310
36 115
507 247
225 217
341 507
614 409
92 962
207 322
919 225
575 901
433 428
289 229
818 607
330 714
996 783
501 618
886 466
990 720
491 820
664 384
427 816
686 298
866 751
627 673
447 975
726 689
670 986
932 340
502 813
948 225
816 528
903 820
416 552
129 111
495 930
217 920
289 328
580 181
791 525
607 117
615 813
508 251
541 588
994 548
614 511
299 220
425 535
932 294
547 538
386 877
462 555
607 409
68 982
846 920
820 919
751 856
113 948
176 400
301 159
265 848
723 722
913 614
676 117
244 990
149 959
500 996
814 566
740 296
710 20
3 976
591 124
928 105
770 49
760 343
11 359
536 436
586 27
294 430
676 516
607 674
409 795
846 265
99 163
665 330
948 461
328 229
647 303
359 511
719 532
217 648
706 708
214 197
899 365
956 560
149 742
974 692
816 607
986 670
633 605
95 706
719 591
114 466
737 60
63 46
338 402
656 562
808 771
987 511
573 94
720 503
762 81
607 445
740 444
385 331
854 784
723 991
667 334
971 902
511 676
265 177
184 786
930 263
795 171
158 56
383 931
861 967
231 804
298 118
648 528
620 105
266 751
544 273
637 936
681 751
505 479
160 909
427 672
758 144
176 555
215 750
533 319
898 884
805 646
665 987
647 775
385 383
91 912
288 461
734 881
907 555
137 856
947 847
887 919
936 637
848 648
548 500
913 288
611 159
188 530
407 491
1 144
726 154
944 623
56 117
386 720
283 856
959 462
479 665
57 744
15 351
505 818
480 735
565 418
257 831
491 498
583 254
511 427
20 336
987 427
711 384
391 336
642 494
22 694
474 650
140 304
948 511
919 607
491 528
508 605
296 672
851 597
710 214
593 838
461 606
433 856
248 470
724 744
876 104
514 646
887 491
718 535
528 409
151 784
465 586
580 176
948 330
528 614
785 138
342 140
468 726
950 198
954 201
217 204
177 11
236 525
889 676
461 887
889 330
12 591
932 851
527 468
152 18
595 273
107 303
407 665
689 400
444 265
265 516
892 119
795 711
126 333
889 607
987 740
521 292
166 96
493 883
967 187
572 990
229 385
495 751
611 597
74 591
42 965
46 650
239 958
307 426
887 330
827 467
369 165
283 495
101 876
498 444
846 491
776 760
879 152
306 205
877 789
301 597
301 681
529 856
774 110
398 200
876 309
920 683
310 818
683 407
132 335
987 370
328 383
816 920
878 932
263 855
745 302
64 240
673 627
498 614
18 936
409 676
454 490
379 898
893 465
22 889
18 285
278 856
879 285
196 81
511 171
491 941
615 5
781 684
987 920
940 556
975 322
288 694
228 54
425 206
808 711
887 171
426 791
948 920
818 461
591 490
751 137
171 664
130 327
606 848
73 900
409 171
974 32
124 532
362 783
709 5
864 252
902 480
389 424
288 820
104 349
199 858
640 8
802 616
392 98
900 451
761 656
255 251
461 491
664 941
271 552
295 764
815 16
625 503
296 987
818 204
773 712
781 362
903 683
256 313
258 195
495 681
445 889
941 225
218 557
266 137
104 456
940 773
427 22
508 338
370 919
913 407
444 913
900 140
173 354
715 738
403 574
363 664
294 878
426 991
383 928
112 350
363 672
307 877
941 171
256 995
761 391
384 816
866 851
196 712
315 385
948 714
472 263
386 734
308 309
330 528
331 315
877 713
903 117
724 542
479 445
941 859
462 962
941 445
115 286
240 42
158 296
210 849
239 153
121 188
605 80
427 820
876 93
595 598
544 911
597 428
609 450
265 903
508 633
636 625
439 396
189 184
529 340
344 812
136 246
980 495
363 479
74 527
616 47
887 370
645 744
415 257
98 916
418 972
11 225
468 719
217 846
594 876
887 296
933 176
504 529
666 994
363 217
495 430
582 991
881 791
459 897
536 868
34 329
178 336
310 363
18 927
974 560
797 620
780 48
163 535
105 553
201 618
373 720
263 301
4 882
620 687
694 204
498 409
87 601
498 363
976 463
686 732
672 407
582 881
333 99
433 52
209 400
329 956
176 813
647 780
855 340
865 802
551 556
676 445
976 227
305 482
217 913
479 614
12 154
444 665
95 562
19 416
945 465
34 514
247 692
479 889
607 225
718 99
625 990
950 626
511 913
820 771
227 341
996 338
47 865
310 511
584 316
656 769
761 244
589 914
705 522
529 866
664 711
217 491
678 639
508 468
714 444
708 720
150 715
283 263
511 859
797 931
666 400
692 571
916 713
808 528
673 32
803 611
97 537
771 445
255 205
616 2
906 422
505 407
3 250
494 338
427 171
722 734
653 763
707 536
684 548
240 209
711 820
27 574
712 196
902 423
941 384
878 597
911 196
561 526
948 479
560 160
137 340
461 505
720 830
922 480
674 330
648 444
986 50
711 445
711 265
919 859
505 363
511 158
491 672
808 370
611 529
209 580
178 304
301 410
654 936
911 514
965 251
137 932
913 795
428 681
113 204
968 591
645 270
929 526
528 359
441 819
528 516
386 572
410 866
808 445
370 948
948 607
782 168
445 694
713 656
846 11
648 919
734 276
932 433
251 163
919 846
795 948
557 695
514 598
93 34
648 816
516 607
234 481
746 369
503 146
643 136
144 905
606 816
909 273
204 818
818 113
34 463
386 722
846 177
916 236
148 169
402 689
859 359
104 773
251 181
948 158
340 475
941 887
912 142
736 785
444 528
440 239
91 413
726 633
665 672
384 516
227 81
877 98
294 986
479 511
296 919
690 150
479 204
330 903
991 877
708 830
163 333
580 240
329 91
194 435
965 10
726 844
598 250
525 990
742 206
502 459
455 767
952 993
586 838
359 427
572 710
505 158
648 808
42 468
91 556
359 330
263 611
889 920
683 674
808 479
660 153
784 86
428 878
859 820
285 698
246 397
101 544
321 129
740 359
288 445
941 674
648 407
400 209
661 531
502 176
795 694
859 56
341 678
549 555
795 740
105 328
542 442
273 329
126 425
336 572
674 820
719 508
986 263
391 995
146 256
296 158
776 964
479 740
11 771
105 687
842 831
734 761
714 225
227 91
878 433
310 887
263 475
928 797
803 428
865 991
572 991
236 276
95 392
117 288
586 388
160 571
639 436
50 855
913 889
178 990
896 460
168 691
933 684
855 529
720 865
370 491
916 582
137 410
251 205
331 687
3 81
359 444
683 225
178 16
980 159
620 928
11 665
694 920
888 141
546 728
761 525
666 402
140 582
803 855
209 154
903 848
409 56
154 844
805 544
303 827
820 444
919 505
156 752
556 974
606 479
152 637
66 880
976 507
707 3
816 117
990 178
3 551
525 426
741 929
227 413
289 977
370 913
872 43
177 22
50 495
446 212
671 656
711 672
16 392
607 505
740 665
104 142
296 479
931 797
683 528
176 666
599 895
410 301
330 265
428 597
536 32
781 907
73 391
382 339
403 188
240 535
593 45
52 410
925 953
197 98
370 296
516 511
336 73
117 676
639 349
665 370
648 848
436 595
331 381
648 498
468 149
711 948
982 281
751 283
278 878
392 313
504 642
891 523
764 224
706 769
28 277
991 625
830 178
614 846
889 461
879 737
328 331
241 87
614 816
468 74
314 741
341 196
747 477
454 124
359 407
866 137
370 674
73 656
544 309
341 91
445 310
851 803
281 24
548 907
683 913
954 506
919 427
310 427
176 99
505 771
783 719
877 708
889 384
475 340
196 101
386 16
306 490
384 177
549 633
288 384
878 294
771 511
301 670
333 689
893 958
965 666
819 364
100 209
994 176
218 917
650 144
820 217
982 354
683 606
990 562
276 916
363 674
359 614
493 978
401 237
797 331
665 265
856 681
842 618
158 217
757 29
363 903
381 328
948 816
954 86
142 122
919 296
919 113
267 745
94 699
239 541
40 704
225 672
666 527
55 412
506 446
506 929
848 117
14 775
462 684
164 19
937 632
516 217
237 717
20 47
808 816
26 492
818 674
294 137
851 410
889 714
886 787
962 689
52 611
444 11
145 712
606 310
689 949
50 278
406 438
2 414
777 730
986 611
117 987
293 245
846 310
363 987
467 775
665 384
56 694
555 642
370 771
356 128
838 721
117 648
505 296
795 427
827 954
987 407
278 433
130 1000
983 892
941 920
773 868
370 887
930 851
453 173
932 866
940 436
851 159
848 498
98 414
426 178
851 433
765 4
322 760
519 208
453 982
47 95
171 919
714 22
771 177
855 410
850 66
740 363
669 120
986 529
475 433
11 310
93 81
742 205
100 124
930 681
672 359
477 139
86 14
713 761
664 672
820 859
611 681
73 572
821 319
856 263
595 639
958 593
863 601
527 494
830 451
60 879
363 941
30 182
762 3
290 97
893 480
359 859
714 648
673 353
227 646
683 409
385 289
473 30
340 283
146 426
341 974
89 573
159 52
949 64
117 461
771 528
400 306
209 781
363 889
974 976
795 889
310 158
741 132
779 836
595 463
720 197
958 1
240 251
359 920
286 934
723 98
987 56
444 409
209 719
320 733
536 692
921 756
911 595
918 547
217 818
505 491
158 363
672 711
370 444
907 591
681 410
50 866
977 928
60 927
887 889
72 374
676 409
866 611
877 916
333 490
859 445
288 672
830 73
113 714
977 69
930 529
225 407
714 665
948 889
933 205
498 158
273 595
154 205
859 171
525 900
722 451
571 81
707 762
294 856
606 265
498 848
505 511
614 919
50 301
135 778
22 330
370 740
805 940
146 723
475 803
553 928
783 500
818 444
932 529
598 34
874 574
909 912
151 303
42 591
919 516
683 859
687 331
161 879
649 703
225 694
611 430
636 916
29 727
342 572
33 408
816 818
980 410
265 407
177 887
674 22
444 177
138 979
352 231
340 278
217 816
104 101
304 656
255 149
283 851
652 127
414 616
709 64
941 461
201 954
171 359
773 380
803 278
294 932
459 689
310 330
706 307
409 204
648 117
440 922
445 795
781 8
532 968
415 201
158 117
269 814
883 103
601 7
721 574
386 20
158 941
985 721
475 430
198 905
359 409
791 789
205 996
374 180
408 321
666 591
315 553
881 802
26 608
606 461
347 125
897 100
976 560
675 282
597 475
686 838
159 340
402 719
889 740
681 294
24 618
813 962
11 117
436 646
113 445
714 859
349 329
616 73
590 852
423 46
969 748
535 549
113 913
330 664
129 271
409 370
450 650
995 95
511 407
188 541
445 903
607 444
936 152
270 624
820 407
340 294
848 225
385 229
163 205
10 206
359 607
113 461
820 648
734 720
204 427
430 475
611 340
597 866
936 821
659 130
301 433
3 122
158 113
920 846
671 214
307 761
234 650
520 60
740 606
987 217
167 518
115 745
338 813
122 160
315 977
217 714
370 22
265 664
761 414
363 818
392 706
508 994
276 706
217 177
20 900
955 716
903 204
549 99
525 720
370 987
562 307
11 265
158 491
580 338
714 56
846 606
698 60
22 913
607 920
161 285
571 911
142 3
722 710
846 795
106 947
674 889
848 674
913 664
495 475
536 329
340 611
614 56
288 310
927 152
475 52
331 69
516 859
239 588
436 91
919 683
247 556
32 329
909 773
689 100
343 447
684 10
692 912
683 664
334 688
795 913
381 928
296 859
285 737
229 687
64 994
117 516
676 887
395 134
607 498
683 903
495 986
595 594
504 508
278 52
844 502
555 504
111 557
694 941
195 792
348 800
561 201
472 283
177 113
893 971
505 113
524 312
559 352
640 719
494 718
124 555
816 204
689 994
694 820
919 22
751 670
991 73
698 927
920 310
929 314
3 646
791 16
964 111
683 648
341 104
618 526
962 306
384 217
100 615
920 427
990 636
525 877
903 664
934 953
20 877
74 400
692 911
74 783
444 808
158 948
32 273
721 239
436 463
113 22
544 380
664 808
809 111
848 665
111 112
594 309
734 791
844 500
48 314
278 475
818 913
657 270
500 255
187 809
407 427
735 905
532 605
321 164
607 407
795 505
491 56
820 614
163 468
672 607
263 52
887 505
453 156
703 896
794 576
5 126
11 445
808 409
607 846
158 330
552 776
383 229
525 671
931 381
664 288
14 151
324 198
22 816
69 105
681 340
229 931
488 274
466 787
381 687
528 445
229 105
648 113
380 692
721 935
444 903
459 781
266 986
335 226
288 913
775 201
133 669
250 912
479 22
507 912
472 475
86 303
532 742
528 479
113 296
204 158
956 976
376 966
606 795
928 229
310 920
327 655
105 928
413 773
10 783
737 637
151 446
647 201
99 176
758 1
409 427
739 832
721 520
445 113
347 286
851 283
386 313
113 158
539 202
205 306
851 137
243 960
532 615
489 757
731 174
996 549
309 142
591 12
883 776
330 913
556 145
384 265
771 22
920 444
719 99
407 511
217 889
187 343
648 948
84 143
181 689
945 203
273 692
664 889
523 222
266 263
506 780
56 808
672 505
333 206
549 933
741 281
607 427
327 608
665 676
508 783
461 444
265 676
698 879
50 266
848 491
607 461
283 980
646 707
582 734
848 113
11 491
52 681
930 472
666 42
11 461
775 561
221 961
288 903
528 607
171 479
479 887
627 766
771 665
859 676
265 948
822 317
260 71
282 559
582 307
22 919
380 309
333 92
511 409
803 266
433 932
329 463
674 920
18 152
920 479
186 332
549 642
56 607
491 816
911 93
217 498
671 178
562 503
505 711
606 498
927 161
359 158
141 643
740 820
205 508
69 928
714 771
672 795
227 380
859 889
611 855
654 879
459 504
498 516
930 932
625 815
711 694
695 760
73 95
848 516
52 866
276 865
215 211
109 271
920 889
727 993
452 923
310 948
996 718
505 11
454 502
424 132
968 549
461 363
105 620
62 702
475 980
940 974
695 967
171 771
819 408
188 194
640 176
117 56
425 640
528 676
928 331
384 204
310 676
264 915
105 69
95 140
597 294
752 68
12 783
301 137
614 683
594 308
288 676
390 447
227 692
348 622
711 913
816 913
140 47
949 468
498 941
364 776
676 795
751 428
597 851
531 759
621 752
484 9
866 294
91 594
451 656
425 965
268 420
32 912
225 887
504 996
818 672
317 768
86 281
629 262
958 758
859 511
719 255
359 217
171 288
7 232
936 18
597 410
384 225
919 818
296 528
229 289
838 922
903 288
586 686
987 384
359 808
721 992
98 342
160 678
331 928
981 661
887 444
683 288
694 171
105 229
815 916
714 674
593 239
110 539
950 905
363 665
716 690
137 52
674 288
804 981
288 711
306 100
144 586
594 560
948 444
146 276
527 502
217 795
818 288
908 510
676 889
830 140
527 742
986 294
250 544
670 751
664 674
296 648
620 315
247 678
816 310
998 634
769 47
409 310
740 427
37 148
481 77
617 937
698 737
17 449
683 505
808 158
919 674
670 866
848 363
885 83
56 683
682 644
307 881
42 718
676 683
878 986
664 606
256 656
281 303
229 331
529 266
876 250
631 867
903 22
928 620
778 259
56 288
931 229
11 694
740 171
60 637
941 113
615 80
450 474
771 359
265 808
370 171
993 624
674 444
517 242
294 340
442 550
884 810
991 710
475 930
936 161
331 289
263 266
639 3
635 613
315 328
726 149
50 856
479 683
948 171
467 86
897 532
52 159
310 225
182 823
217 859
611 803
795 225
46 626
56 444
214 140
69 381
158 818
656 313
247 712
761 214
887 665
607 648
535 502
12 504
581 172
310 409
416 760
46 721
620 385
206 591
315 381
913 265
762 551
44 434
146 386
622 978
818 479
46 862
330 665
549 10
856 410
875 806
881 256
718 633
377 25
929 775
889 498
809 394
361 179
5 965
359 516
105 931
694 370
887 941
69 687
960 629
704 344
149 154
385 328
434 432
648 820
349 976
507 81
880 320
995 16
889 427
846 808
780 501
859 113
390 394
222 79
758 935
454 240
407 714
77 435
304 140
16 307
997 908
670 855
795 407
932 495
529 803
436 104
595 646
740 714
449 811
706 336
903 859
633 535
145 536
333 468
256 761
536 571
848 56
11 913
927 285
304 276
931 383
572 503
225 310
336 95
520 285
664 461
328 381
308 571
818 427
479 606
876 247
683 384
862 298
18 821
803 999
622 350
913 22
854 281
11 903
173 621
494 781
714 384
402 12
363 948
149 206
522 484
266 597
877 791
294 278
621 354
450 838
616 256
808 296
665 407
665 683
606 407
980 930
363 330
472 430
802 562
607 370
310 204
670 410
726 962
620 383
865 720
924 845
991 789
16 386
784 257
204 948
459 240
548 684
929 501
308 598
180 891
734 47
74 205
740 846
104 598
364 883
535 205
913 711
444 171
588 905
859 296
713 236
492 565
656 146
508 580
708 815
813 742
674 491
384 818
499 272
340 495
995 761
161 654
113 444
942 416
995 256
34 974
414 710
214 877
87 817
843 918
107 24
172 131
636 877
846 607
913 461
370 941
92 689
915 13
516 714
124 74
153 388
81 974
818 920
461 948
47 140
171 987
591 240
808 363
205 907
27 862
403 992
614 359
980 803
601 87
331 229
479 711
183 170
359 310
835 431
809 975
266 878
9 517
229 620
414 386
457 679
806 356
505 859
694 903
410 855
158 516
821 60
234 758
651 421
252 583
56 204
588 144
910 837
771 407
18 637
912 639
451 815
683 694
284 998
126 959
824 464
795 887
751 986
494 813
913 848
541 586
142 678
852 554
257 107
214 95
795 370
363 606
597 932
511 22
820 288
907 338
710 722
304 426
69 797
820 816
130 863
185 871
204 498
996 154
50 751
255 181
607 820
409 491
113 820
615 994
359 903
710 656
646 595
550 645
889 614
773 104
984 67
433 930
160 196
209 783
149 504
414 877
300 361
727 230
92 615
271 129
893 481
153 650
595 380
461 265
740 941
820 740
854 842
683 444
925 211
430 932
795 409
74 494
648 359
359 848
556 595
427 648
312 155
962 508
495 529
100 181
540 826
562 877
644 749
35 473
463 160
691 355
380 976
20 791
529 851
458 872
978 942
381 797
95 426
789 582
51 457
177 363
414 525
416 819
211 368
681 430
542 191
105 289
266 428
188 118
904 360
791 307
931 928
784 446
710 916
153 971
491 445
100 965
197 817
683 491
865 722
359 889
949 684
816 516
620 289
392 525
384 941
831 780
709 255
965 615
498 903
229 553
101 940
607 330
579 405
428 433
571 805
740 479
232 286
472 495
391 723
665 846
996 163
607 491
714 117
454 459
561 467
171 820
91 762
707 639
409 664
93 250
820 498
289 620
158 676
783 362
468 502
399 630
12 176
250 142
930 340
112 695
491 614
410 433
920 848
265 171
520 161
362 549
977 105
678 341
75 869
214 373
991 916
391 881
117 171
848 808
307 197
903 225
948 217
931 977
206 500
528 674
386 140
306 719
839 38
574 423
502 205
956 594
560 507
29 458
962 206
461 903
158 534
647 784
410 278
676 217
104 976
709 100
868 160
304 342
636 276
386 710
694 444
60 161
318 261
600 284
283 866
359 56
32 571
386 916
680 509
204 445
528 330
855 433
723 451
385 315
709 402
289 931
917 19
941 683
511 820
553 931
283 475
100 962
572 20
636 991
640 333
410 980
394 364
340 866
265 427
414 656
498 948
572 865
848 711
285 879
288 359
902 574
310 711
818 171
381 105
330 818
307 391
948 384
817 418
942 917
556 81
315 797
844 508
511 607
159 472
96 377
324 758
113 370
932 428
615 640
177 217
287 885
674 370
687 977
357 899
877 734
503 178
672 310
22 204
919 177
854 86
529 137
978 809
928 69
332 682
93 876
467 831
111 942
642 74
225 505
788 705
228 1000
914 238
340 50
498 711
948 665
958 46
802 214
278 986
920 498
490 8
975 111
795 665
681 932
433 159
795 614
877 995
121 203
117 740
948 672
328 385
