10000 9999
4404 6410
6678 5243
1748 2534
1111 6144
6517 2863
2458 5673
1349 1199
4715 5535
9340 5632
4519 1488
7994 7615
1509 6022
7810 4007
7571 9842
1810 3395
6005 4429
5110 4189
7511 1334
9922 4298
4261 834
4962 1175
4600 2670
1780 6868
143 9849
5601 6392
4279 3934
3125 1147
8568 3887
8132 6537
7114 496
8485 8588
2791 7037
4103 9208
5083 3506
5997 5073
486 9535
5297 7647
8240 5775
7434 8057
2826 3859
1504 1429
5475 7472
257 6762
1618 1613
2692 4874
8019 1119
3943 8776
60 5824
9162 7540
7534 59
4546 9853
7447 7443
2435 6295
7055 6614
6544 7054
4914 2663
566 4174
3107 4926
2935 1111
3874 4817
3347 1926
7296 5423
7489 3910
5617 2180
7440 242
5178 2626
332 909
2413 51
7121 6483
9999 3126
8157 391
1899 2947
2675 8271
9013 7509
8097 9478
6579 574
5711 3859
7221 7837
7764 9993
7893 5449
4090 642
8040 5838
3824 4114
7554 9785
8695 2591
8544 3944
8372 8994
5557 3030
9627 36
9673 8979
259 1565
1368 9217
341 4310
4360 6696
3116 2152
6850 3479
3656 8984
8065 1192
8299 7461
9131 8611
9346 7661
6575 1003
2867 9534
3611 7063
5797 5593
48 6699
8114 1258
2530 7248
8905 841
5549 2540
9962 1002
8107 9003
6372 6935
291 6304
6910 8624
961 2328
7013 5678
1272 7633
3607 3060
8038 891
8238 5451
3448 3358
9603 4926
7749 954
2027 7986
8591 7705
4832 4200
5921 400
4802 6514
7520 8977
972 313
4162 3329
342 9225
892 1878
3635 4318
8732 1605
6584 6106
6346 2425
7488 2380
9719 4137
8052 9405
3487 8245
9120 5184
4796 4011
3305 9050
7538 3918
8393 9485
6017 2769
4125 6660
7944 1539
3569 1815
2870 1524
4341 6860
2026 6630
4324 820
6527 218
9544 9256
8282 1928
8542 585
9176 5310
4543 1232
9733 9022
1970 2638
9916 5486
1341 6716
1636 8672
4308 8282
2338 4618
3727 2973
8399 7155
2221 55
8143 8698
3782 1611
369 5174
5360 9653
4392 1995
3114 3193
1808 8045
3955 7061
6377 7580
302 6772
36 2403
1400 1908
8937 2626
3619 2059
5872 9531
9291 2182
7409 3270
3747 8713
8875 1187
9656 9797
4560 1114
2971 5977
653 669
813 924
5332 2705
7798 52
3946 7323
6056 2815
3773 2848
7226 8990
8764 9343
210 2209
9633 3840
2558 9293
1387 3415
6861 3090
6375 3636
8009 2401
4064 2531
9280 1693
3759 8782
9989 2885
2086 5821
6810 6518
532 731
4706 1166
144 3589
7312 6099
7942 7127
9307 7544
1848 7772
1950 1966
2664 9024
3595 8777
5678 8703
4901 5717
9865 8304
9547 3898
9774 6924
8408 4843
6394 1778
1511 2741
6581 8133
9935 3644
805 5151
5032 5974
8461 883
1751 4027
9775 4849
2573 592
5832 4535
7105 5088
2352 7134
6704 4608
1663 5087
5291 8535
2527 7787
7782 6004
2722 8324
2590 579
2654 4932
8292 9568
9707 9488
4959 5223
3342 9728
8147 3353
7740 7510
5355 1387
7394 6998
7603 3640
2084 4438
7304 2628
2811 8551
1603 9304
3939 9602
2016 2057
2780 4788
1897 898
8903 1975
9058 2132
5731 2009
9239 3648
898 7961
1814 3424
2853 3916
6196 4591
1051 2328
4415 5455
7692 9785
5446 582
4649 4759
7817 8472
5883 1098
8559 4156
6986 9405
9047 2034
5956 9975
5771 5402
1704 7366
1449 3430
3645 6789
5735 9276
5091 6128
5878 8598
2357 9553
2490 7151
8953 6280
8564 6140
5442 3489
1896 4384
7473 988
6139 6831
3951 5700
7649 2314
6652 6199
4193 8192
3704 584
141 3425
1162 5767
8664 4700
3217 8166
184 809
6449 6879
9242 8907
6795 7818
3035 6938
2726 119
7593 1493
1136 3590
7316 4663
9576 9859
3688 6772
605 1310
5970 6397
6647 8661
7337 5702
2539 4977
5336 2059
33 182
3000 4330
4573 5765
2509 5870
2255 9257
6789 8782
8493 6366
9250 6546
3827 9396
6886 2749
8922 5902
1821 498
1942 2622
1733 9323
9244 5767
4668 733
6374 9810
3984 5098
2583 4215
3311 4682
6532 5766
5915 1753
7191 409
5203 3075
9657 5808
7536 2812
1408 5209
2718 9173
3446 1963
9601 1660
8598 7566
6037 391
6807 6384
2613 2948
8063 2487
7475 601
821 42
2837 5647
3476 5124
4553 4873
8977 233
618 2117
6443 2890
449 816
6563 2309
2277 1764
9695 2977
2550 6071
3804 1912
1619 8745
5905 3002
3972 1194
8882 2979
2671 9557
5201 9373
3320 1391
3883 8983
5238 8498
3402 10000
5566 7018
9277 9586
5578 6452
1079 2353
1145 209
6264 3415
5066 9095
6791 8924
8494 9192
6008 9442
5183 5037
3617 901
3950 5431
4223 5716
7066 8435
8989 8872
8948 7564
2952 4124
8731 6844
6730 7016
6513 3918
3837 9540
9136 4547
845 3959
629 2093
9331 8969
4814 2459
261 7105
7653 422
8204 375
8486 3539
5092 1073
7189 7212
512 3031
3935 2101
1645 9156
3083 7755
630 8808
1391 872
2840 1905
9352 8782
1242 6779
7523 8177
5998 6932
2944 7727
7540 5472
6918 8064
895 5072
3129 6319
3026 3814
5505 2364
4713 9783
5260 230
9097 9405
1652 5891
8962 3339
4061 1161
4222 4781
3250 3083
2751 9356
5971 3838
9251 861
8588 9340
3620 9867
9582 9865
4532 6419
1910 8238
2253 7192
9308 6565
1639 1252
7491 8184
6931 9975
6821 7137
722 223
6827 9776
2865 7323
8275 108
3870 9110
2154 6811
9692 4699
3258 2546
1388 4689
9386 4602
288 9964
760 1442
8558 108
3651 6777
6213 9692
3853 6774
9626 1754
7754 6280
888 6128
6165 2413
6825 6911
6288 4236
9867 7509
7376 9603
5097 5887
3711 6673
9399 4127
497 3742
136 723
8198 1600
4108 824
780 9427
6181 8071
2233 2610
4521 1018
9522 730
7822 9192
8889 3587
7874 5047
6641 1549
6319 8349
5103 4330
12 6035
8471 133
4925 3190
5279 2100
4628 4138
5988 9677
3530 3199
8648 1427
2403 2379
7565 5159
2428 7577
9019 9775
8200 7884
8209 6081
4422 5704
1427 8485
1115 1318
4045 4893
752 8323
2263 912
97 8981
5357 1154
6453 5459
3300 2401
7780 8881
5909 1048
577 579
6479 9289
5888 787
3743 5632
3413 1459
5246 804
4190 2093
1920 5961
7897 8388
7431 1332
2122 2346
5237 8821
4034 3409
977 8524
7493 3436
9784 9337
2196 2715
552 169
4729 5518
8686 43
6826 4125
7820 9775
2713 5990
6644 250
2363 9865
9191 7206
5455 6174
8739 7651
8373 9356
7090 8435
5229 9824
7001 6059
5326 4486
3550 7532
5065 3934
8095 8622
9658 7998
9968 6309
864 4568
5768 8227
4806 9830
7986 3273
5726 2863
3060 2330
5581 981
9840 2918
4964 2023
5935 780
7469 3397
5682 5793
2025 6816
7023 9659
4314 5874
6996 1173
6290 7308
7323 4651
358 3270
5687 335
8827 5179
9460 1528
5385 6707
8406 7257
9782 4838
5003 1949
322 9097
5193 7141
8523 4189
7030 4047
8658 8930
9112 9407
7202 2040
2894 4287
9407 2979
6358 5638
1735 6100
7626 5465
2810 735
6965 4103
6600 6720
6587 8888
2373 9223
1200 3314
7660 6702
1021 8667
7340 4534
8379 872
2541 4305
1060 108
4606 8717
2209 9525
5789 2493
5095 6423
8842 3740
9385 4611
7295 6979
5205 4830
6321 4956
7128 7902
5491 8197
8503 3816
8284 4609
727 4061
9028 3393
2125 3134
7256 4265
5990 837
5507 4591
3012 9218
4403 5278
9471 9073
374 8377
7006 2032
35 662
8801 7138
4799 5521
3457 377
8957 8842
7600 1186
5150 6312
5268 971
2334 1334
5607 2720
4199 2661
6594 338
5327 4587
4993 3383
2117 6752
9521 4846
9879 3062
1480 1637
8783 9331
7158 5780
4920 9212
4934 8777
7881 4618
9763 1333
1495 8317
2335 9717
1052 9836
4037 9481
7910 6733
6169 5700
534 584
1003 8413
6595 6518
5168 7873
4241 3669
8042 732
7876 7032
1356 1040
4829 7729
5497 2136
2641 6792
8590 3160
8738 9502
7279 2491
7246 231
6597 6278
2900 4554
9746 666
2311 339
443 788
4528 8969
3194 3092
4841 640
1600 2824
9023 9603
8071 4698
3732 4963
5688 2273
4282 6955
2318 2853
8915 1397
2123 5668
9600 9656
5159 7128
3022 13
1722 4185
8758 6027
8604 9446
306 8962
2990 4725
4398 648
4905 7931
8608 2193
1609 1760
7950 5246
6263 8864
8296 6025
551 5324
905 506
1614 7319
4734 1522
5951 3993
6533 5741
7875 9926
7610 3766
9267 6985
3503 2667
4335 6043
7272 1280
5459 3670
593 8283
1385 693
4753 4128
6442 2013
4876 413
4712 8696
9536 8841
749 1860
9526 3012
8195 4101
4046 4823
8814 5674
1715 8079
8624 2203
8978 8749
6354 1789
4432 784
9893 7180
7728 482
3754 7690
2267 6455
9716 803
3189 8222
2560 4962
7281 5702
8973 2836
5794 972
1833 1779
4047 4001
3455 9120
2355 3037
6088 4084
1045 2905
4763 9255
4300 3001
6260 833
9179 4325
2977 5540
6935 2328
6686 2362
6001 8319
9042 3661
8187 563
7303 371
3724 8175
3864 1462
4756 6789
478 4269
6452 2070
9579 140
1011 4830
510 7080
3064 3078
7804 136
7108 7293
9230 1002
4945 5324
986 6407
5846 8594
5184 1679
9886 4636
1754 8349
3784 9750
5340 1350
9068 6373
5334 7238
6118 7359
5076 6961
4468 8184
5140 4732
5124 4239
8000 9302
2673 6874
1554 1824
3714 8919
5543 9670
2699 5182
548 9008
9818 5536
3647 568
4365 1815
6210 430
1082 6540
8105 4729
1800 7798
5045 8766
1891 4137
1147 3457
8082 310
4096 9407
3742 8598
4593 5877
3692 13
6049 7158
8995 8357
7591 3019
7811 8655
1069 3724
9574 7871
9554 7448
7064 9713
6357 7102
9954 3776
6299 1597
4921 8514
6780 7346
6679 5151
1138 1305
604 2395
8012 8780
8487 2195
3101 4326
7042 5908
8683 341
9499 8917
3909 8377
2942 6609
7206 1439
2570 1999
5142 6973
248 3056
5247 1105
5983 5326
791 2663
8081 383
8100 9692
9514 1644
6799 1049
4258 7745
5182 614
406 948
5049 9181
5592 8558
6445 4609
2278 7310
2353 5385
6022 5905
2049 2694
4448 5761
9372 3386
774 4428
7968 1942
6760 3838
5642 9713
6350 4419
4743 7696
2714 563
5969 8712
3432 2514
2325 9970
6778 9907
5751 7283
3148 5915
5651 4079
4738 7623
5370 2738
8314 7694
5740 2303
8529 8349
4465 4573
2578 3038
9259 6985
5435 9324
3717 226
8924 8696
9826 9264
8762 8304
8645 6735
9063 9074
2731 7964
4671 8717
4464 8882
6236 5906
8728 5876
1819 9721
1656 7472
4470 1684
1632 8378
9132 5773
201 3624
8116 793
7678 293
1660 8047
5421 711
4336 2900
8472 6748
5223 7509
6891 4952
8720 7602
863 8775
5504 6280
7886 827
7707 1002
4771 6046
3043 997
1965 9531
1061 7593
3 535
3255 2732
388 919
6033 7864
5995 138
2668 4899
7873 412
2423 8882
5555 8488
9051 3640
8582 6744
659 1929
2296 7475
7482 1672
7445 4494
7438 8177
1019 2543
4084 6868
3499 4195
7360 6507
9484 4114
9739 6754
8652 939
1572 2737
5930 9750
120 1578
9248 1204
665 9687
3674 3400
1741 3987
5591 1631
2499 7818
8601 4749
7584 4083
2871 3729
5501 9668
9275 2425
3860 6002
7245 1002
1168 2148
2501 7198
8773 2437
1466 2168
470 633
5692 6367
2962 596
9481 4167
5104 2948
7299 5170
4541 185
4523 1300
4849 7406
7836 1387
4907 8097
2899 5381
620 8642
6087 6733
3713 6060
4150 7388
8640 9455
3519 3002
4991 2973
4244 8242
6466 4209
5540 8834
287 4875
2612 980
7159 7212
9119 6138
2305 9382
919 3363
7244 6328
8405 7475
4623 9045
355 9054
9812 3840
1901 6968
6706 8828
9297 314
9690 15
1124 3660
8787 5073
4245 8262
669 2582
1032 9528
7458 1294
9605 9166
2529 7911
4373 88
9264 2681
2866 7595
1337 2465
2802 6186
9562 723
8216 9627
8141 2881
893 5
675 6992
5464 1613
7446 477
3323 7534
8166 4103
9381 8500
135 8198
471 7814
3304 7221
4075 1891
4201 9972
8310 1540
8298 9221
7461 2993
1228 517
4747 3068
5582 4055
6506 1376
639 2520
2951 5857
8692 8214
5006 5570
7787 8864
8428 4489
6541 9913
1806 7568
5436 6084
465 4875
7477 8099
8123 1140
3840 8823
2799 423
1550 2176
5167 517
8460 8321
6133 6728
6490 7837
1188 2072
9367 9646
6764 6716
4759 8621
9975 8349
8545 4337
8865 3063
7823 66
8653 2820
3285 4424
6865 1066
1159 5918
3431 8867
2824 8745
3825 1034
1248 9836
635 1560
1936 4147
4256 1024
7745 528
8118 6125
7378 371
7709 1849
3242 1464
4085 6036
226 7729
6980 9624
1513 7331
6243 8120
6447 1386
5866 5859
4632 6027
6168 3966
3427 4995
2444 4275
9212 5640
3570 6630
2197 4048
1710 3944
1175 8091
4631 9853
6040 7141
8266 1415
2392 5365
8455 3639
395 1850
3247 6822
1567 7112
4407 951
9621 126
2075 498
5896 5973
5085 2693
8508 7944
17 4158
3577 2592
198 9534
7770 4947
1365 1497
6170 759
7343 8983
4725 4193
1130 48
8083 4186
5321 4272
480 7531
3723 2075
2437 9668
9141 9932
5814 5966
1701 1679
3019 7717
992 5746
8963 9152
4176 7072
5833 8185
7543 3669
1750 1981
8424 1793
6907 4822
5865 7431
6418 334
7760 155
2456 6484
8928 3493
1781 898
8976 4332
1638 763
2062 2014
2785 8132
3640 3488
9124 5823
8636 3630
7596 216
9729 888
6638 4804
5547 7336
5358 4874
6606 2223
4662 2127
3596 8588
5189 6463
5701 425
5176 8175
7724 2659
3302 1776
3997 7272
1798 875
3183 2803
2630 1391
239 3444
8235 9618
9770 6892
4174 4783
8036 5040
9651 7281
8026 2716
2463 3865
2036 9818
2620 8217
1553 1556
5434 3741
1930 124
1770 2143
3978 5409
6441 1815
4354 8306
1815 2525
8149 9723
9096 3505
2468 2013
7112 2194
2825 1151
9817 1493
6273 2654
1132 3129
2360 9881
9596 5855
2126 8343
9843 6523
5483 5455
2701 506
6036 1353
7229 6352
7211 1230
5428 5976
8148 5827
8589 6694
7985 4205
9854 5117
9427 754
9709 8717
105 4241
2243 8494
5916 861
414 7577
9942 2077
3810 426
7059 5539
3456 1276
4402 7579
3952 8316
9384 9184
8694 1819
7393 4183
4049 3690
3439 6736
7912 3041
3868 994
3738 9351
5544 4467
1360 9067
6302 6461
8533 9825
4711 9714
625 109
8352 1327
4195 7694
3926 6033
8085 6707
931 4257
6767 6677
8387 5124
3018 477
1926 9195
6244 9594
1641 3988
4081 5990
1662 8546
4998 6298
3076 6099
6721 4147
5674 4226
5228 4262
5679 6820
3942 4306
2940 5760
148 7046
4044 3980
5852 9215
346 27
3556 1981
1987 8163
2737 2857
9389 493
4495 1860
77 9918
1947 6915
3776 1297
8350 8006
9101 6932
661 2814
8468 7639
9482 89
4353 9377
6520 164
2766 4209
2482 1688
5048 765
1886 3462
8736 6931
3388 7169
784 930
5342 1173
4129 4646
2012 6198
956 3046
9265 9156
4847 4595
1862 4279
4927 4609
6323 5818
6496 5816
9089 6752
965 4133
5860 3886
9577 2636
9958 319
4940 1034
1469 9676
164 2398
3901 6405
2214 6140
7963 8421
6468 2859
4819 7477
1439 8492
7674 7167
6229 1727
7417 1219
3303 1774
90 2853
1774 5540
1629 3829
3632 7044
8605 6095
6726 2026
1375 9719
2689 7036
2896 6996
57 8638
1397 4470
4021 8158
5130 8295
4603 8574
2229 412
751 418
3181 3355
6852 7852
6078 3440
5563 7381
3676 5974
3104 9178
3294 5805
2171 2259
2806 356
3925 852
9717 1766
9087 3429
4178 9884
2535 8796
5838 9975
4319 7776
3301 2547
9237 2548
1093 3085
1935 261
4873 5143
585 992
2859 4072
1249 6754
5747 5861
8136 1849
3036 7763
6539 5179
9480 9092
182 949
1752 6892
3571 4552
8064 571
112 7406
8359 428
709 8920
7641 5150
8241 9571
6335 1549
6128 2913
2032 7566
5618 1831
5123 8771
927 3858
126 7510
8753 5719
4703 9648
4708 6176
3622 3875
3314 347
3434 8411
7468 4371
1097 8634
3117 2064
2605 5484
5973 6313
8781 848
2176 4044
1661 3724
9290 5253
4598 6508
2520 3792
2963 4173
6303 2915
4127 403
9420 9095
487 3634
4618 8253
5294 792
6370 5874
649 4008
650 1467
778 9318
3948 492
6112 3296
1915 6014
3162 6620
3575 142
4079 759
1 5995
5788 3113
8413 7967
1832 364
5857 3829
8410 7765
1992 8275
9549 409
1238 6262
3138 4795
1038 8285
718 9171
6267 455
8312 8679
6451 7855
8887 2969
7145 5489
648 9488
8229 1155
4183 3677
4167 4913
8862 8007
329 1612
2459 2476
435 2164
6653 1172
716 6290
3292 4134
6268 5932
2064 6975
4005 809
2771 3364
6972 9253
9076 5707
6013 925
4809 8329
9421 7162
978 2326
40 734
2137 5272
1763 5275
181 8091
1432 3814
7040 7294
3411 723
6566 549
878 8699
7622 2658
7204 2673
569 5389
8232 5384
7535 1788
2450 2391
2285 6758
8748 5544
5194 6872
372 7813
9072 7453
4515 230
1288 5662
1791 2962
3899 7145
8018 7779
3715 6211
1486 9087
4163 7494
2264 9531
939 7464
4781 6481
9923 3544
9328 6017
2200 3702
1664 9813
7075 6317
8215 1453
5155 6931
9649 8265
9928 6222
1239 1103
1695 5876
3137 1696
6094 399
5898 3142
638 4771
8265 9527
9001 6304
2310 4618
3423 7937
697 1906
9791 7114
3970 8967
5874 5227
5404 2531
5805 2305
1077 6048
6386 6240
6291 2738
840 5803
7747 5445
9761 5495
5200 6702
6805 4272
9565 5767
1854 7431
3465 2878
5941 2401
5705 3333
6225 7205
9123 6280
7915 4604
2790 2690
4683 348
5485 3369
5554 3081
7735 7142
2750 5307
160 5608
7705 7921
1044 3290
3554 1371
7073 678
8584 207
9207 7568
6131 165
1827 9378
7459 1764
6904 4930
4915 2934
493 7540
6425 508
5185 5947
7857 2009
9780 2648
9807 9562
4744 4397
2648 6941
5239 8201
2047 399
9894 5982
1765 9294
5760 3121
811 4420
9670 2737
2895 849
9195 9428
6771 8634
2152 4249
7083 8564
3207 275
6002 356
4474 501
8855 8172
1682 4665
9532 2377
9725 8900
7334 5751
9674 1440
9464 2512
7672 3966
4952 3766
5665 2235
6129 1135
8400 5439
163 4959
5199 9332
5707 3692
1496 220
9936 4047
6602 504
1252 3324
1015 6532
6724 6259
8518 5357
6018 6567
7421 4176
8244 5040
8445 4103
2290 3181
4762 2416
9295 9838
2239 8142
4071 1813
2397 7803
3257 6882
9379 3720
576 1207
1792 967
8303 6022
119 1319
1153 2349
4544 2002
8115 2991
2730 8464
5987 849
9099 1171
5596 9609
7132 2146
180 7811
8010 8486
8049 5248
5359 4439
1266 6278
8435 2370
8899 7953
2183 4981
2332 5894
8140 8976
3922 8386
5669 8261
3655 7017
4040 47
8526 7860
6086 8296
4310 1421
4284 6715
7795 837
7771 8382
985 2944
375 1726
1697 8108
7415 2378
8950 976
397 4492
3334 8187
5585 8387
9106 8039
7096 5924
7148 794
4325 668
1859 1874
8644 1911
968 3685
247 4073
5496 6906
8507 3660
5627 8164
558 8808
5191 3085
6399 9995
4894 3793
8603 1132
6589 6432
7688 3465
3483 5905
1256 7661
9431 4332
1310 6169
3229 5599
8357 9984
5077 5765
1283 5653
4275 704
564 5272
9531 4419
2693 3560
6136 807
8158 7016
792 4199
6247 7354
4234 5891
6285 4066
1530 3972
4022 8153
3165 4746
3468 8257
5001 3113
7124 9022
9274 8561
6053 317
6380 9137
9160 3017
1058 614
5084 9637
5986 6704
5996 6564
1889 3164
454 9668
1807 3950
6123 8006
1707 3157
6777 6535
9973 8119
9715 4277
7758 6805
5565 3639
1583 5631
8306 980
8816 8832
3749 2827
8214 9841
4655 4913
3157 703
7513 9359
46 7867
5533 4875
4386 398
5261 2287
5640 268
6476 3357
4269 980
5425 7483
1980 9018
4893 8544
9339 7719
854 6872
7288 8930
9667 8348
2141 7969
1344 6198
3172 3852
7263 5905
6475 4593
2323 8631
8797 9536
8990 2969
1705 4884
2752 4759
3056 7369
8786 4809
377 7883
1928 9852
789 1906
7586 3085
3532 6168
7486 1912
891 5504
8513 7283
2518 5763
3599 3163
2292 2654
1274 5349
1411 6660
3501 1290
6832 4560
5393 739
9635 2873
2254 614
4332 4147
4481 1793
941 9318
1939 9982
4778 1887
6561 5507
74 9676
7317 4872
5024 3120
2506 1820
7012 4224
1883 9666
5952 4505
8222 8047
6822 4380
8706 9414
6739 9037
8347 4910
9225 7803
1916 3942
5717 8771
330 5620
5039 6708
4381 4143
3190 1021
1537 3489
4701 9636
4105 5838
9129 2903
3800 814
6729 5279
3798 308
4889 9982
7550 5454
7192 9904
8697 1660
6488 9705
7455 5649
2113 8882
8133 3267
904 5170
6671 9569
6695 7198
4727 5040
6473 9418
6951 8983
1156 1228
7732 3891
7139 9454
310 7043
7669 8209
7720 8351
7833 4651
1264 9343
5779 7746
6498 4357
8030 8321
8578 5537
8318 6107
8093 2225
6019 5470
343 1989
4477 7851
7801 5452
2477 4075
8821 9583
9299 6606
3375 5631
2953 9267
6913 5168
4041 3838
8525 6100
7460 5575
8328 4718
370 4245
9262 421
41 704
4821 8036
5075 8966
7479 544
2389 8220
2395 9866
9043 9569
8716 9067
220 6167
6830 7151
5545 9034
8061 1699
3400 7061
8335 586
9875 4881
4776 8389
428 3429
953 9846
5134 1003
7239 5228
436 8222
3739 4726
5377 5697
5096 8161
3990 7209
6175 6962
6586 2372
8515 5107
8035 1730
7917 1540
354 1598
4996 4321
2926 8222
885 53
5553 75
5187 6204
5918 4624
5371 134
947 1655
213 6117
1613 7064
3539 1606
7175 2806
1292 888
1081 8568
6629 9754
2051 1999
5352 8606
8126 1238
6203 1397
1066 2220
5093 4900
7784 8456
8852 4730
4016 6914
5025 1499
7136 537
3350 9562
3385 9499
6368 440
952 7211
7003 2272
5018 1709
9465 9016
5323 138
5667 5281
9320 4137
3156 1075
7386 8667
3686 4103
382 9440
7052 7552
318 1098
8660 872
2621 108
6893 3027
2448 4191
6508 8071
7051 486
4147 2659
7098 1267
9067 180
437 7612
2857 1891
8450 3815
9853 4909
1659 8599
7470 3401
1946 1886
5145 850
7763 9172
8930 8091
6110 8096
4899 248
9227 3458
3075 755
2878 1362
6365 7078
8259 1746
9941 2808
4356 3190
23 9161
371 4421
1758 6276
993 2727
3200 979
6514 5604
1698 9640
5847 4981
5942 9320
9078 1569
6189 9941
2924 9607
8111 2345
4411 1469
7832 900
6334 3599
4853 8085
9520 3168
7598 83
8651 2660
9794 8035
3859 243
3469 1029
1257 8819
672 148
110 7582
1399 5854
8419 3639
1443 8624
6308 644
2524 8100
1013 5767
4388 5335
7325 2987
6156 6970
5204 2122
4263 118
9133 7229
7725 8785
5220 8470
1772 9145
8106 8057
9288 8813
7418 3598
5749 6397
8829 8461
3445 731
9319 1024
7825 6354
8550 7476
7137 3129
5704 9441
1186 6699
6202 6576
2982 4161
8530 1003
391 2626
9289 6150
3910 517
1875 5946
274 6514
4902 7841
8008 4487
3481 1789
9029 6582
7993 7728
5015 69
1053 4467
3267 1125
8239 5220
2495 8809
1206 7880
2538 7509
7517 3481
3293 974
4985 8439
8551 747
3693 3415
3615 3613
8156 604
7091 3130
4579 7546
8944 8846
19 1904
1718 5395
38 8300
3051 3059
758 902
5584 6106
9370 1949
2057 9356
1978 9701
1026 4620
93 505
5616 1357
3344 3262
781 9566
3835 2051
379 2775
9469 4573
8490 4203
1471 6068
8326 5
4654 1346
7889 9278
7230 8611
6744 2406
5613 9476
3045 2770
476 4125
2293 9262
8690 9119
3968 3399
7633 4209
1285 3858
4906 459
3466 82
6099 6931
91 9045
3522 5897
9057 3876
4533 6333
8163 4772
4396 1156
441 4950
8084 6965
7722 2179
6916 5702
2606 8068
7921 888
2946 8108
3730 260
4968 307
2309 6908
5649 9225
7991 1819
9417 2018
299 5509
2105 53
225 4388
5295 5757
2275 1184
5387 4450
7104 5223
2617 2261
460 9136
4992 6305
4935 437
7665 5702
4173 7061
8271 2667
5443 9129
42 8824
3700 1035
3848 5915
2431 9356
1357 6827
9491 1384
3597 7809
5116 9841
1477 9467
7715 2181
3363 4829
2078 9321
7544 884
599 1684
3847 4213
4965 1674
8466 2467
6669 3231
8002 7491
4007 3666
8234 7369
4800 4994
7627 6529
9866 931
2594 5455
6216 8734
9515 663
4616 3997
8046 3903
8178 9831
7826 9949
3578 8387
6130 939
9462 9571
7935 1334
9659 4647
1065 9057
7580 3518
8015 8693
5033 8599
4690 1558
9845 7045
597 2437
2198 6915
1675 9852
2936 6104
6968 1274
116 1079
8441 5570
8752 2183
6275 2312
7322 7199
7791 8810
2114 6622
9502 8306
1126 3949
419 9915
9503 4254
7426 4218
2271 631
9819 5088
298 9198
1905 7246
7284 7379
8164 9097
1437 353
875 9270
836 6228
9114 8253
4642 8711
2623 2634
4329 1133
2586 3315
2054 1497
4491 7187
8884 4717
2191 8140
9337 8524
6261 1329
5936 6595
8926 4828
5328 4196
6483 1653
2841 47
5335 4046
7310 4842
5875 2317
3343 6145
6435 8456
4960 8606
8161 4100
1571 6872
1229 1911
3085 9532
7882 5424
1508 698
3102 6585
8917 7837
9161 8261
9762 7371
9820 535
4311 6293
5830 4395
3206 3961
8059 8418
9451 1695
5067 2648
3973 5507
2140 7313
2100 5617
1106 9149
9903 6961
3581 2266
5219 5192
5214 5159
3889 2551
1139 3640
1215 5334
8465 6788
350 3830
5947 9676
8654 6037
2567 7419
1962 1796
423 8139
8961 6125
2236 3897
4248 686
152 7396
8517 8351
5135 9812
2600 2586
6774 6182
8285 8231
5646 1598
695 2932
6657 3646
8994 3016
2705 5282
3308 5030
3205 1940
2974 362
9702 6184
6674 2682
3947 7064
9393 2158
9343 3145
3658 2020
4843 8395
9575 9481
6887 6619
6259 8674
3710 2888
1377 1934
7748 5552
6990 4392
2783 5385
1219 8497
6090 4997
389 3751
4972 65
6316 5398
7828 5331
2950 4292
2603 6610
9342 1348
2715 3470
8302 571
3126 2638
5977 6651
2875 6577
4326 4193
2647 702
2958 2976
8351 7542
7803 4193
5138 8700
5437 1264
4724 6576
9793 6469
7373 3107
8906 1921
4697 3221
5774 996
8096 2220
5099 3195
483 3952
1425 8713
360 4473
475 9415
8473 1499
5739 3220
4720 3975
2759 8490
8810 3865
7326 9753
7574 8484
9095 9632
7548 5331
2968 699
1036 4763
5901 2133
602 5810
2039 2846
3558 7331
2659 5780
1117 731
4457 5599
9985 5736
706 2987
3561 2034
609 9848
2092 6754
1321 7379
1253 4418
2888 4820
3391 4605
1958 820
6219 6446
6525 5372
7478 2644
3685 7278
7922 3400
3433 1958
4212 9392
215 4830
31 8474
2768 9712
8375 1453
8283 4227
8789 4143
2244 6641
6855 145
3690 1935
6782 3323
4337 3415
9061 3140
186 573
8385 4909
3699 9233
4206 7855
1877 2685
5845 1819
3213 2266
4656 5208
9832 1470
2782 5285
1747 1256
8345 9019
2429 6566
4497 4053
5356 2773
3214 3871
8615 9636
5979 7984
6132 5109
8722 6321
8252 8054
5890 3129
9551 8139
873 8863
6109 7359
7319 5455
2745 4939
192 7120
1371 7741
5274 646
3806 9640
8992 8929
7249 2077
6296 2585
2709 404
3100 9650
3332 8026
8904 7910
6768 4723
6617 6131
8742 3141
7152 7321
2830 8842
9373 6642
5811 134
168 1294
3244 5911
1708 6147
2469 4250
9838 9696
3643 837
4856 5752
2217 4209
767 340
9608 8175
3265 4084
8151 9426
28 7138
579 4360
2193 499
7054 1695
4030 1892
3058 5358
7362 3581
4458 2911
5938 9428
2792 2936
6257 991
9442 4100
8782 6319
9711 1727
4067 4954
9876 7560
4881 3302
4020 139
586 8040
2660 5303
439 9917
8846 9502
4401 7281
1251 2502
1903 3232
4833 2048
3420 7315
3912 6488
4128 7891
3004 3834
8966 8040
9938 2224
4722 2212
1538 2439
4435 771
9663 1803
4208 8931
6599 8900
1150 3701
8135 7106
3642 2201
6214 5063
9529 6472
2432 7792
5870 2594
8119 9447
9931 1813
4835 905
131 1453
6889 8931
6052 5253
9014 7288
7186 7765
2868 293
7168 5012
7463 9320
562 7361
553 5094
3961 1100
3006 4135
5322 1854
2880 8535
622 1549
140 1336
8210 6734
171 9340
15 5443
2153 6121
3770 7899
8914 4282
683 4471
2645 4300
8254 2257
5087 8400
1924 821
1247 3903
4825 5347
9889 8231
1562 9785
1198 6132
7160 4492
7980 27
2053 6017
4252 7711
9983 1487
3602 9923
5568 6568
1561 4727
326 4103
9606 9121
3921 3002
3564 5724
9286 1139
5265 852
9000 9276
6048 5745
6923 9351
1311 9321
743 1252
9664 4412
1497 6860
2096 7423
2127 6156
5319 4540
5641 1296
8771 5976
9355 9658
574 7336
1113 2459
4416 6916
9473 4675
8696 2224
689 6100
969 4121
3001 9701
4502 6937
4989 3641
3422 8258
7487 5780
5664 2230
2405 1029
1737 1522
8983 9630
2422 1590
1726 5153
2443 1005
8813 1710
8498 170
463 730
1098 6099
231 3358
7830 3941
7887 334
6223 2546
3845 6509
3452 3022
4362 6455
6993 336
5576 6742
5897 4373
7890 3872
7827 3893
1860 2660
6043 9535
3390 2311
7619 4193
5729 7323
6499 8087
132 1509
771 4201
7679 7780
3621 4531
8004 40
4441 6735
6465 3163
9758 5108
2315 3762
2536 4165
9232 4597
4287 3879
2192 540
3898 4826
6709 2874
8803 8109
9142 7054
2366 7102
5593 5829
4537 4926
3890 165
5752 7542
6607 9208
4827 9406
2035 5352
6366 7366
393 3743
2223 769
98 491
8464 1697
1222 3196
9982 622
4601 4733
4240 8247
2415 3672
2534 6138
8090 9255
6295 8193
4153 3153
1037 4860
8267 9630
2797 872
1006 2020
7151 1626
6519 8523
4215 9442
932 491
6292 838
8879 8136
3299 3959
3417 4581
6612 6508
2922 807
1884 6379
2162 4597
8860 5582
3086 758
1518 6027
2739 9307
5210 1155
4737 6166
855 6962
8662 7471
5770 2124
5309 5379
7097 4813
6082 7884
5405 918
1590 4313
4219 6107
366 9075
5346 1891
5753 5529
6537 2839
2028 1295
6991 1968
1262 2926
7839 9232
6038 3363
4746 8288
5589 8303
1378 6743
1221 7755
1635 2257
5347 170
7996 3425
7778 8725
2316 9318
6135 8600
3506 1154
522 4306
8212 6651
6854 6643
6802 4464
4156 7661
8384 4264
3928 5480
2170 4022
7481 2659
7531 3310
5668 8175
8368 7837
1843 9839
6509 6677
8848 1469
1386 4734
1250 576
7687 7370
189 3503
6422 6733
8231 6157
7165 4113
3219 5804
798 9485
5431 7554
990 6639
880 1100
4364 2546
728 5030
1116 7779
6245 5702
7027 158
2814 9728
5574 9879
3905 4734
7635 9627
4100 4247
6322 2515
9537 236
4116 4486
9039 320
644 8889
9317 1617
3956 6502
6012 5777
4025 5232
313 391
1689 8625
9268 2612
6283 6174
6696 2491
987 3965
8497 9734
62 185
1712 997
2885 6532
5944 550
2855 8762
9052 4258
9490 3378
2065 5757
2945 5489
762 7122
3494 2728
6126 2718
3061 9688
1717 5708
5002 7209
4846 7271
596 2839
4288 721
1279 8206
903 2018
9799 7375
9144 4521
3920 7093
5856 7666
8691 2048
8077 1739
8840 1703
3215 8568
8139 4201
8382 3934
4249 8085
9863 4909
923 1821
9713 7509
9109 3596
2903 6378
890 9913
9315 8762
3444 6146
6738 2280
8616 1290
3398 3954
1085 7173
6662 5436
6152 8986
5166 1495
2644 5455
4687 1191
1342 180
49 5694
4135 951
2001 3085
9634 3153
1318 55
4761 8904
5230 1273
1140 9935
5713 9729
1010 7971
5019 9404
3861 5464
7028 8072
29 4788
4 3827
44 8750
8380 9636
1185 8091
4169 2744
5840 9407
6668 7053
6971 6479
4367 131
2379 88
5912 8596
6526 9781
5453 8725
7333 9641
7582 807
2041 8234
6648 9208
2711 5107
2683 772
2295 4359
4328 6037
7694 6709
459 6564
5511 8416
5378 6733
9647 1672
6921 8052
3684 7653
674 8444
6217 9349
2498 9121
6205 2885
7035 3376
8360 4388
7328 9633
3139 3229
3994 781
8395 6948
940 6678
9769 6752
4283 237
4293 9485
5221 4666
1068 7745
3484 6951
6982 2029
4070 5970
5289 1139
8587 9092
43 269
1520 1984
5793 368
5302 5149
446 573
7575 1156
8867 5961
5231 7284
3286 5391
219 5777
4911 517
8780 8843
2997 3339
3666 9676
9075 5757
9679 7584
5603 9307
8791 1002
6811 1175
7651 6606
711 5109
6044 9972
6433 668
6569 120
7528 6605
4334 406
5373 7798
1420 687
4661 5406
9009 5991
7821 9763
8805 5742
5244 6169
5144 1640
8877 6106
8941 5636
5206 9531
1512 4137
2328 5385
1296 4269
2467 2981
4043 6988
1258 8610
7739 945
8851 48
6401 4079
6994 8271
828 4027
8281 6076
2 9164
8638 7396
6218 2119
3171 2106
3792 7975
8991 6633
2525 3645
6881 7720
819 9718
8959 8777
4338 5421
4680 2057
5179 7661
1734 1135
6615 184
5156 3316
3451 6313
3410 1559
2374 9375
988 450
6792 69
5716 8296
7943 8124
2281 7990
6900 9185
1522 8823
9639 9469
8890 7481
1062 5026
9428 1397
2382 6046
9734 2102
7203 904
3572 4343
1107 7675
7068 4226
3270 9605
4048 3813
7163 8079
1900 4351
7829 335
7385 9878
7864 7227
7859 4069
543 2918
5541 3485
4910 890
4797 3645
3807 905
9984 1753
7609 871
1434 5124
172 7731
1034 4911
5558 7545
8437 3556
8999 1295
264 7472
3089 2895
2155 6635
5756 6079
3485 3776
8832 838
7684 7361
2337 4252
5269 5460
8639 1613
6781 5633
6421 6320
9727 4718
4757 74
1510 215
1271 5488
4445 7138
4087 4699
4114 5155
6167 2863
9376 698
6947 8036
5984 3016
7676 571
7880 5225
8343 9400
2854 2790
8809 9129
1612 4326
4423 2756
5700 5780
7923 7036
3155 7950
5542 5265
3498 7100
2142 9747
178 8128
5509 2091
2697 280
5361 6340
6411 5635
9419 3380
921 3564
3987 5532
1468 3087
99 2779
3259 3738
1089 252
9402 9214
6503 4243
744 7117
8293 8976
5575 3658
9661 3458
9152 1543
9641 9052
869 5641
9318 4474
328 6093
1727 3829
9453 3645
2383 3451
6060 1944
6746 48
4014 3641
2384 6174
3857 8242
4473 7412
9391 5163
3418 2311
4496 2233
1556 9900
8925 6633
3573 3829
1293 2373
1049 348
9814 1296
5419 5989
6306 5604
4500 5378
3980 1528
86 3899
1547 4486
6084 826
1853 1528
1028 9168
2694 2738
9510 997
5196 4196
8202 4392
5394 1174
1454 3633
1528 5915
8864 2926
4299 3081
5784 5379
4948 4970
1096 1074
4501 4022
7583 2499
6614 458
1719 4851
6349 4729
1559 2918
3856 3743
8900 2182
1403 1821
8102 1395
6119 4372
8417 9734
4443 1108
7350 868
3437 242
9940 1303
1197 5046
1041 7227
216 1200
6282 1174
8807 2844
1270 6391
4646 4205
2362 6470
4069 7279
2331 68
6298 9356
2851 6704
6420 9630
4542 7140
8007 648
523 2769
7194 888
1878 8982
3787 3171
4944 6245
8146 549
9012 8569
6879 9418
4488 5863
809 8117
4175 2665
6176 3753
1048 3787
9742 898
4916 2538
1072 3140
1390 4940
9445 6422
2188 9541
4908 4536
3397 2962
9398 4359
1137 3127
8354 1090
4773 124
6557 6081
5586 2728
4650 1820
5415 7476
9978 4169
2649 305
9209 3478
2299 5593
4296 5655
4351 1439
6120 196
4467 8401
9073 1820
9178 4218
1210 4916
8371 1846
9214 8953
1472 6586
3618 8560
1014 9050
2205 9184
1208 8999
7144 5621
2778 3921
9590 7943
6574 6144
2097 1922
5197 4744
9759 8250
6338 4784
6347 7485
5513 8789
4469 1617
4478 8711
3974 9022
6329 7020
289 8853
6092 1212
1373 1440
1161 7640
6952 9485
9884 2210
3482 6826
6164 7018
3716 298
8799 870
5732 8313
3399 2058
9597 3165
9790 747
3796 8763
1608 8531
5600 8452
5257 5347
1278 5590
5253 991
2774 7286
3185 7561
6748 2974
75 3661
5724 2330
853 424
8767 5984
937 2923
5153 8262
8833 4313
1101 9502
6997 2404
5728 9268
4569 7762
2776 8800
5262 286
4693 7755
1745 2106
3429 5504
6307 2390
1345 1871
571 2861
9836 148
5961 1543
1000 6094
8348 7118
7524 2782
3182 1300
3262 8395
1954 3513
9974 1266
9508 2711
2845 822
2364 9645
8112 3566
8510 5879
2017 31
4967 9236
7841 7361
4391 4509
1611 7427
8844 5990
578 9923
3789 3980
7432 5358
14 9166
8317 6967
2050 4330
5827 1174
4942 1493
5306 9189
308 4074
2725 3730
5974 2907
7335 7032
3625 4414
4220 3005
8566 8584
617 2667
2349 3609
1217 808
8442 56
745 3966
715 7350
8868 3643
3405 9965
9512 2077
4482 1110
3048 264
9675 7425
3737 5632
1967 9449
1410 3127
5650 4069
1309 7730
1674 5993
3079 3037
5537 1384
7087 8995
401 7207
2179 132
6817 2367
6122 4000
133 5030
5474 7318
3985 571
517 9972
8342 722
882 4100
7223 8539
2978 1717
3758 2594
4237 2075
6340 586
2765 8721
8308 1788
1989 1384
1836 2048
5809 9878
367 5296
6895 7105
3897 4462
7871 6635
9321 9932
9835 21
1846 1158
4080 612
8076 5946
2738 4618
7605 6484
6967 477
9855 285
6389 447
1828 6100
6434 8153
118 4999
8128 2720
5620 4186
4218 1522
9862 6125
1284 8042
3836 4886
1220 563
8676 8169
2327 7650
2433 2705
7302 4934
3383 2964
2619 7207
3168 9849
2370 3501
2015 2021
8980 3983
4065 5567
1649 2556
2270 857
3797 1352
5853 7423
315 4247
4552 1705
6633 7891
1995 286
9018 2264
4058 3121
4780 3589
1655 987
7499 5407
2493 7164
1793 4682
1642 7587
1760 8176
9173 9541
1484 8425
356 9322
7835 2662
4126 455
1128 4359
263 5890
9594 3505
9110 2630
5999 5157
3092 8248
8261 1679
3998 9189
9652 4168
9423 2014
9313 8886
5522 4716
4639 3716
1417 1904
3801 7784
2549 1447
9085 2709
652 6952
4280 879
9613 2168
9224 7869
2218 9605
3960 2801
5903 7127
7039 4209
8804 575
1317 3391
9243 9808
528 20
6656 396
2219 9983
4621 6860
2158 3643
7471 749
677 4244
3106 991
2013 3189
262 1761
9198 5118
8776 3670
4723 8913
542 6070
9749 8059
2372 373
2835 8730
4938 1627
447 723
2653 7357
2222 787
8290 395
1966 27
2324 6369
8295 8289
5689 4400
4380 1748
5427 4179
5345 4322
900 9521
8044 2477
1057 6514
7558 6788
2553 7302
8327 7992
7253 9973
642 4013
9347 403
5783 9658
9400 4699
4898 7615
1543 1813
161 6816
7920 1084
353 9478
9783 1333
6793 9731
997 8072
3896 4337
7557 41
4760 3504
1306 7185
2238 487
9753 4061
1927 8139
8407 9728
7962 8963
2893 2597
7742 9566
9897 9348
7989 2365
2180 74
7840 2705
8709 4169
5113 3879
6634 2063
7080 8047
338 9488
154 8777
3038 6100
159 704
3833 2340
4570 2297
3066 589
1796 4414
3513 5633
8969 6818
4538 6549
3559 1100
9874 3483
2242 8884
3887 3122
3199 8517
6890 7016
1300 5969
1040 5860
4111 6913
8593 4067
1762 9166
6269 9499
4582 5609
580 9742
6944 3056
424 6715
4913 5976
5712 3220
6737 8798
72 466
9501 2075
1696 994
7380 1912
327 8388
1842 4103
607 730
8569 1549
3509 9595
8718 3780
643 7230
9914 8446
2157 6323
713 2666
7141 4137
9461 9577
6839 3503
8641 5584
678 5012
7512 320
7269 4979
3507 3903
8719 8411
3164 41
505 8823
1529 5408
1023 4306
6505 6518
7786 5312
995 3076
3246 462
9585 1201
7914 3304
5723 7701
6157 7324
3115 819
8592 9433
4855 2394
2146 6241
9777 8621
7179 3751
694 6174
8454 2981
5441 5246
1338 6432
2627 3552
8033 2884
8050 3119
2241 9500
1841 2937
5893 7728
8607 7255
2326 2053
2441 9943
5448 8725
4758 9946
3387 1334
6400 1282
7133 4666
7061 5829
6384 3500
1907 8317
5350 4989
8316 2855
6276 3779
2046 8047
1957 4246
3779 2499
11 6030
7983 7640
380 3876
8623 4250
6393 7019
3673 4651
3675 2318
4676 5217
2904 8679
1552 2976
6984 4989
8022 994
1835 873
9869 6871
2763 1427
3236 3613
102 1147
9298 1200
8761 5759
8918 3954
7305 3670
6191 453
6742 4395
4946 7192
1384 261
9169 8639
5111 4063
1775 9488
1766 8895
8741 4556
199 354
735 2093
9511 3400
3187 5346
2736 2788
6450 8285
4297 9556
3537 9195
1027 206
9478 528
9543 8419
6495 3117
5069 7457
7799 2034
7533 2135
8155 5138
8779 8945
8325 3707
7959 1421
9891 2097
2426 1744
7819 2655
9092 2453
6516 5888
2388 1374
1851 1691
2161 1948
7999 1015
1396 1222
6874 9260
207 48
3263 4066
3393 9123
584 4384
2817 2935
3414 2759
1566 467
9452 9577
6883 437
861 7663
2031 4205
8340 4874
6180 7560
3020 70
6325 9354
1203 1414
4420 4744
2380 859
535 7064
1812 6419
2148 5482
7809 5858
5343 572
7101 352
5398 6622
1234 654
8897 8983
1634 4079
4808 6432
7441 3633
9617 875
5333 2442
8364 3411
2702 2307
2029 8610
7371 2903
8885 1938
2274 3731
9196 2543
5079 7856
4769 6947
5482 4929
1909 7011
2484 3205
9483 7279
5510 6896
812 109
3541 1847
3932 3599
9046 1065
6901 6262
9301 9205
200 8090
5524 481
1541 9276
594 9636
8309 9478
7808 3525
1911 9867
957 3743
9408 5951
8965 5752
4088 1820
7779 9317
3598 2169
9578 7061
5300 5922
5550 3386
9609 9996
2823 6709
7850 3876
83 5082
8080 3633
6485 6067
4486 528
3799 8133
7368 1138
7501 4450
7106 4277
1724 8490
2289 6947
2124 8717
6752 4137
9255 898
6318 4597
1442 1683
6864 6792
3192 5648
5599 394
5062 5939
9525 7061
4854 1965
7381 8018
4361 1500
2949 6982
2184 6630
3579 2419
2987 6469
1738 1900
509 4258
3283 4189
1447 27
7401 2758
6556 8242
1435 2732
2163 7792
7979 8223
7642 5546
8911 1178
9981 5148
1716 5778
3084 4762
1943 7694
3592 8841
7909 7633
6989 6434
3641 8153
6309 6996
3516 9312
2815 3196
316 8262
701 7746
7169 9943
5170 2597
2182 2475
3080 6809
396 394
5868 3533
8554 1387
9108 9950
6957 5698
1941 7694
3449 9484
8193 8409
1706 4661
7898 9877
2707 4733
7130 3226
9553 9619
7280 3451
9689 9598
8177 2767
8689 9333
2531 4552
4168 402
4795 2814
3324 9865
9677 7945
4238 8827
6683 686
3687 772
2795 2754
3013 2434
8124 9289
8727 6912
5531 993
6343 9891
8951 6341
3352 9091
8446 3386
4670 6103
3062 4379
2820 6334
4786 7351
9852 3645
1030 2326
6953 8895
3070 9719
4197 6639
7981 7494
9177 3479
4504 9371
5824 9932
5174 9442
1201 931
518 7369
554 9198
5808 7640
8893 2337
3442 1600
4483 1332
153 2848
3130 7883
6201 8377
8751 576
1367 9626
7116 3876
9222 1192
8540 3660
84 2096
5429 2370
4785 8529
8483 948
928 1878
5693 59
7562 293
2487 3858
1607 8616
101 6276
5608 1697
128 7331
2006 4717
2734 9257
2996 9352
6281 3113
9459 5810
490 7944
7655 4734
9882 3513
3218 4265
4352 7907
1620 7231
5349 7883
9798 2586
7972 8060
3309 3648
8167 3519
9993 8507
9128 6138
6493 687
8383 7659
6155 9597
5042 7178
1879 7768
6609 46
6195 7706
4884 1384
5703 5927
3919 5624
8297 5480
8172 3002
2284 8993
1144 596
8427 7044
4748 4332
1430 8412
9273 7252
2883 948
6480 1011
2747 8462
2409 3248
7408 262
8225 1336
5564 4791
5821 7599
4236 3787
6616 1431
8411 7509
1643 5285
5384 8411
3918 3434
6166 4823
9901 175
4277 1912
5612 5320
2235 2884
8504 9364
6289 319
5225 6648
7078 5927
3355 9089
5806 9352
6788 6974
4447 4727
3108 9401
5053 4720
174 4343
4146 7108
4095 3840
7621 8901
7592 1508
8740 1859
1091 8046
7661 656
3565 7440
4988 9499
572 8288
1413 9317
3680 6
3272 347
6016 4654
95 5664
7058 5915
7714 7505
3638 4247
500 9639
3979 3535
9283 2766
9157 734
5529 4867
515 8119
8094 6509
8251 5287
8255 4697
4931 615
3757 4365
9031 515
3869 7315
2442 6099
9877 8742
1404 8785
7657 4060
9937 4029
7502 8871
1580 4400
9168 2542
7731 5892
2989 2556
5308 5142
850 5034
9333 9923
5933 1069
4698 3113
2181 9268
6667 3468
4327 8787
6936 2564
3367 6961
2596 6387
7024 1789
5010 6081
757 5609
344 8355
3878 5449
3472 8229
6437 8406
3725 9356
1955 9862
8574 9478
212 3367
2061 4763
4590 1161
5129 9731
5551 1711
1818 6289
7357 5223
196 9967
9743 101
188 2705
2638 8674
5208 6702
8836 682
2639 7814
8249 9051
2071 1495
2252 1746
2591 6898
679 3639
7009 3250
9668 9356
6402 5406
8760 5677
6803 7648
2451 8492
2273 243
2631 2672
3331 2782
2559 6824
9448 443
7259 6317
1236 8148
7402 2109
6151 6328
2522 5385
9011 2069
3436 42
130 747
7934 9282
5527 7167
2985 7537
7870 1420
2575 9508
7212 6699
8269 8907
8021 3800
7824 8935
8039 8507
5777 4694
1505 1418
2848 8267
1491 5334
1587 4718
3893 35
3237 1035
3609 7852
5266 6578
6660 5700
6461 2665
3198 4724
9558 4649
5746 7877
2911 7677
2846 2784
138 9291
7932 6484
9602 7668
6914 2791
9541 9860
3931 6516
5162 7343
9418 5956
9003 2487
5127 6031
3386 3829
7474 6099
176 3245
1326 5601
464 9904
9805 8199
2269 7561
1665 8603
6636 4205
337 965
8958 4111
9871 3101
4619 5056
4969 9573
7094 5816
4456 8330
6070 7660
5259 6154
8366 9576
765 3105
1502 5272
7449 2431
3127 9817
3548 9332
9927 1692
9714 3596
5880 8078
5152 7242
9150 8248
962 9691
4428 8377
6654 9789
3828 1007
8595 4595
8819 6171
9021 2636
7222 631
4961 7787
1623 6734
383 1512
3631 9208
9390 84
8688 4048
2346 6676
6270 7097
2706 5239
9240 7808
1490 5383
6097 9550
5803 5449
719 7499
347 7072
4472 1478
3072 2269
2906 4269
1181 3411
7691 2636
8597 5702
3729 7965
3371 6947
1351 2773
3146 265
5008 1173
6173 7185
6815 7064
4830 8267
2618 7465
8028 5790
7995 4508
7341 8161
6080 5333
8557 1261
7232 4626
8880 6000
2237 3476
2109 4257
5351 7032
8684 309
223 7957
1624 7685
9091 1821
3989 8259
9368 8117
4513 5280
964 797
2712 6842
7173 6030
4928 7867
1584 8518
5362 1927
1610 8621
9088 1497
8979 6658
7769 8377
4789 41
7658 890
1599 993
7573 5892
7883 4959
6014 6697
4719 4772
1359 9702
3731 9996
2481 3829
6681 8567
3212 5534
9498 1319
3153 7837
1018 1746
2159 4862
8909 2187
5512 3089
3415 3993
1968 8445
5290 6440
5086 1954
5791 5376
6917 5335
8921 6717
8820 9849
7792 3947
2187 4190
9944 6636
1960 6803
3287 9231
4978 2896
4083 1192
1064 5342
5280 3155
303 7246
4229 7921
3999 9457
3671 3287
1876 3827
825 1813
6560 789
6572 7742
4285 3355
6966 659
6851 1219
6786 9854
945 5140
3748 8153
6981 6847
4155 847
9616 5455
2930 8192
1418 6435
7527 8480
1746 7557
1991 7849
4180 6911
1740 7192
4653 348
3154 2750
9154 1196
2213 825
8011 5040
3850 6335
6050 7513
8358 5200
9053 4216
433 3496
2230 3193
8528 6756
6646 7665
8330 9853
4990 5788
8233 5033
3867 7518
3657 5457
2156 5118
9785 9115
4657 5288
3986 3787
5034 1626
3594 1478
7614 7346
9349 436
3629 8037
5369 9451
7738 6249
8971 8777
1071 8234
8534 7583
7425 2372
4681 9930
4584 2021
7831 3307
5051 6123
7867 9253
7521 4737
7647 3721
3010 9780
2024 1576
4779 6742
7233 7361
6643 5378
5023 8782
8988 6866
3517 5046
1118 1878
7847 5181
4027 8901
3587 4371
6690 8694
9930 2336
7155 6866
2343 8719
6141 3140
7375 754
9682 6922
5379 4816
7717 3386
6293 1380
5725 6769
1551 6349
3191 7794
3761 4332
7365 8953
4320 3489
9260 8091
546 137
7017 8143
1944 8313
1519 4514
4977 8283
976 6683
2139 1726
5813 7039
9252 319
4930 5531
6946 4467
461 7998
2460 7992
1314 1134
5363 7544
1277 9848
9221 5415
2784 8714
1380 7160
8822 5977
3963 4277
8746 9259
5071 4883
1392 2973
1981 3988
6182 4748
634 87
4165 2638
6761 9634
8546 4380
2643 3575
8908 975
8705 4715
1773 3241
9121 2377
4039 3336
1043 55
8137 1957
2969 1386
1423 9388
2081 7084
1177 8699
73 2359
4752 5448
3145 8834
5520 2859
6828 9824
7734 4360
1354 6268
8467 6866
1788 3005
1548 4682
7815 4729
9567 4169
5080 6190
4764 4136
2479 3668
7949 2056
6204 8242
6253 837
734 5135
1074 5157
162 9725
4213 9862
5409 8969
9929 7485
9722 9975
5694 8540
1087 5755
7057 9126
5468 9052
6116 8443
9472 7719
7265 66
5812 686
7759 4395
1906 1891
230 8317
2212 5570
6675 9607
5991 2551
1904 1555
9685 47
6326 9344
847 2330
954 9578
9504 7260
1549 6707
7933 5170
8594 3934
4036 498
6939 537
2561 6798
5925 1344
6032 7828
9470 1955
6286 2533
1331 5618
3082 2423
8401 5853
2869 1648
2226 7096
3706 4318
654 6712
4971 4989
9781 8896
6113 2382
1890 601
5143 2848
6385 2959
7109 30
4172 7145
9322 240
9643 4423
570 7517
636 3576
2434 5777
2832 6446
7390 2959
5917 8357
7029 5986
8104 3737
8788 2749
5867 2250
9691 9653
4828 3879
4343 8942
321 1010
1004 7472
9539 3478
909 8878
3525 6031
3913 2815
967 6369
6941 9428
3313 1961
844 634
5132 7152
9766 9984
2589 4199
6232 114
5653 8091
1295 8667
6194 3361
3726 6595
6848 7835
3123 9975
8253 447
2257 9488
3808 3052
7702 6220
3812 4055
1990 2756
663 1524
5742 4498
4023 8329
5825 7665
2948 4485
2009 8569
8447 3894
8333 2048
6689 8886
4941 6717
4923 3595
3721 6761
7640 2877
8611 5709
3698 6789
2297 7945
2478 7877
7569 75
5157 7288
5055 5766
7777 8851
9563 1356
536 2698
6882 488
6071 9264
9687 7824
448 1953
1481 1617
3520 8403
5236 4883
5192 5258
724 581
7650 9276
9831 2638
169 9667
8512 950
9684 2846
8034 6333
9284 7767
2781 270
3395 5587
8522 5794
4836 9431
2877 7837
2365 1024
5188 3938
8258 5472
8938 5848
7338 6956
7797 6745
2079 2434
1588 6378
3885 6027
1902 9688
8023 4829
2555 7501
4672 6747
1667 7225
1874 6138
5330 2589
831 4913
8964 7011
2517 5313
4772 8857
1778 7300
6725 7466
4900 2766
1121 686
6023 1494
7785 4528
82 8717
4302 7328
7327 206
6117 2610
3555 382
6353 2439
1290 5915
3364 5217
2317 7069
8704 3261
9314 2861
7555 6339
5548 7141
7170 2855
6341 1171
409 2791
16 6342
8048 8281
4060 5472
6072 7709
3057 1320
2983 4830
6534 6942
8802 7206
2000 1025
2411 1125
6150 2839
4596 3429
2929 6048
6973 9608
2717 1836
1173 7509
908 6992
5843 9576
7918 2874
8519 6780
6351 6622
8440 6118
9825 2890
3441 5267
8362 1328
9755 976
6711 2259
8700 6378
5928 5808
9841 3119
3054 4246
779 1923
4872 2667
5249 2274
664 2848
2576 5816
37 589
4099 7514
2168 1598
8300 3832
1261 1251
7321 4672
9694 6931
658 3792
4255 4251
6978 3532
615 2097
1594 7246
7053 5418
8812 1572
7930 4926
8946 8710
9253 8823
3934 2048
736 3727
4094 6178
573 2528
9002 7986
7781 7684
7681 939
1869 4460
2272 7513
8257 3741
9811 2379
8150 664
6054 8103
4883 7838
7866 3015
2350 8660
6640 1569
876 5776
9736 9735
5757 7755
1464 3776
801 431
339 6565
6379 3314
7919 4406
8947 2655
5528 6444
1075 7557
1893 2378
753 2365
2813 9664
5734 6008
9208 6076
4644 4797
7167 47
6794 1703
5450 9613
3820 6225
4937 218
7904 5173
1940 9734
8874 7219
9474 280
7207 9853
5022 8669
8489 5077
6820 4705
1615 1012
5572 9394
7992 2379
5796 2184
7842 2934
7306 201
9612 2848
6409 5034
7892 9915
6398 5422
4587 9375
1852 579
7349 6412
6715 2611
9720 2768
7457 2665
3059 1499
3460 5905
8037 826
5040 4293
8830 1936
2250 9178
6684 5559
9538 1598
9356 8222
5064 1295
1088 2032
2133 4048
5012 4075
2548 9824
6731 9197
6074 7382
6190 5567
267 4896
8759 7465
5165 4141
242 8828
9107 1229
285 3779
8029 573
1640 4174
5861 124
4947 8170
3774 2320
1782 9351
5282 5838
7719 1397
6408 639
6482 9619
5681 477
6440 2171
2521 8
1276 1297
1789 3134
9961 7102
9672 7230
5815 3193
2679 4714
4766 6186
1103 6066
6239 4929
647 827
6814 4306
7628 9520
9513 9197
55 8349
3880 2291
434 4738
5430 4473
5217 7784
641 4472
4547 7694
6328 6045
4540 4500
9130 8658
4529 687
5727 8411
3916 1382
7413 7953
1120 6419
1209 7356
2564 4006
5577 272
9786 2020
1604 3569
9681 4439
3821 2451
5940 4575
8936 1321
6962 3213
387 4316
583 6379
6694 8492
702 6921
7240 1073
700 7048
3586 6251
662 1192
4350 7867
7037 8492
9823 8645
627 4174
5215 6149
2634 1555
6085 6780
3600 7069
9969 4713
9433 6595
6983 1753
6055 6808
9041 8841
6235 5700
1320 5816
2796 5482
7330 1592
9103 7510
3875 41
2658 510
4322 9637
5766 6378
9457 4478
7271 3005
4262 9089
5877 5751
1183 1330
9535 103
2074 3389
1895 8523
9394 8863
3639 2626
6736 2908
6410 1121
8055 6539
3428 9817
333 4718
4349 5987
2862 2880
9086 537
2847 3840
1730 5015
5743 3411
3029 7001
282 6445
9266 7883
925 4973
2276 5653
6079 7663
1578 8555
9422 4273
2856 3728
9416 1300
5158 4378
6255 2662
1919 4661
621 4721
7613 4149
4369 2348
5622 2584
5101 1820
5926 2911
9797 8367
1350 8634
246 4976
4017 417
9406 1258
8775 8913
7318 6150
6824 6204
4032 1638
1483 615
2150 3599
6836 9802
5634 7965
5243 529
7283 6156
3037 6498
7110 6519
6570 9742
1691 108
3369 4370
8336 7358
1031 7139
3297 9407
5046 3390
9588 7324
5892 3411
4029 376
2279 1619
3173 5518
6042 2184
4055 4462
3975 4783
5539 1420
7011 2895
6198 8047
7926 3737
2111 857
9190 2426
5515 543
9998 9315
3547 872
8245 2306
5859 6375
3995 1981
1395 240
2602 113
1597 1317
3740 2848
4714 2307
6154 2545
8289 4744
8596 1596
8772 8992
8895 4021
6628 1825
5367 2203
2496 444
5038 5978
5981 7577
8707 9469
9034 7906
2502 7312
1143 2217
8272 3965
3275 2370
8207 1909
9963 8090
9231 7918
2308 2282
8757 6043
1478 8411
7084 9181
9545 5424
670 845
970 5605
5949 4094
2932 2456
5490 3381
7095 1398
9524 39
4625 4861
6063 7223
2494 7810
4531 1861
1135 2462
5573 4412
5492 1125
3406 3631
9055 3719
9234 8181
4359 1891
3321 2495
2698 7914
5718 6064
5353 2138
3119 404
6582 7324
6487 6799
829 9266
690 8805
4026 7056
9006 939
958 6367
4440 5777
800 3825
5311 7668
5546 7347
6573 2621
2891 758
3147 6976
1448 6053
9065 7865
6903 8986
8190 8824
4480 2757
6172 3104
3862 5142
9705 2316
611 5128
9850 3327
5056 1315
96 2160
8228 7281
1577 6923
8079 3153
6507 904
1086 2735
6685 3489
8581 1666
8426 3854
3780 3175
7007 9144
398 8545
2740 2181
7166 3156
7254 6822
4171 7904
6549 7308
3319 8905
4276 1434
6796 4104
9500 5342
4557 4174
5465 7414
236 7352
9388 5890
5 8464
1112 4956
5719 4833
8806 7861
1169 2035
2464 8528
4292 6892
1298 4120
2800 1311
1302 5119
2401 2423
5402 9667
7546 8682
7929 4855
5839 8643
2019 4446
525 5285
704 2491
6098 3473
1195 6101
3654 8084
6773 97
6028 5333
6163 233
8808 5236
4793 5331
7205 6198
2892 3771
451 8834
3637 2510
6564 7851
1825 6408
1119 374
4117 3324
2340 2209
8017 7710
9098 4550
7958 7872
5318 8184
7450 3027
4315 589
2167 335
1757 7955
1394 5987
4072 976
6959 2044
4267 8267
6075 711
3403 7891
1382 619
7860 9401
2852 4453
8560 8672
3590 902
373 6132
8032 6992
6933 3256
6262 4075
3111 3670
4018 6115
4674 1831
2033 8624
2037 5235
3471 3341
867 412
7551 5535
9358 5640
3502 6795
9757 4734
7127 4249
4783 9566
2572 4528
2361 195
1569 6925
8365 3571
3863 8777
2723 1079
2947 1321
9911 5671
7448 1275
5907 3175
681 898
3264 2062
7790 9917
9864 9999
2412 201
7346 8380
3232 5858
8067 3541
442 1726
2991 7711
4340 6146
2485 6542
71 8593
7345 1669
1973 6169
2667 1387
8714 7542
4339 5057
6390 2029
9645 7698
3039 2663
7404 1774
2677 2127
125 9680
5120 5374
699 1295
1977 9356
4433 6167
2873 7509
3794 4573
6501 2578
9518 7778
9216 9525
879 9534
7812 8966
640 5757
6221 99
3133 4307
4741 2688
6159 7118
2505 3237
4194 4537
7656 8907
4158 233
8227 5582
7476 4575
4124 7803
5284 8376
6747 6099
7997 67
4924 8109
6955 4060
616 1610
4716 2866
7117 1873
3408 2794
4012 133
335 5472
7215 2984
8414 5877
6313 7750
7560 8423
6518 7818
8 1588
866 2600
911 8979
9326 9372
4607 451
3024 7517
6107 8658
7092 5875
8171 6906
3668 3153
8847 1382
4205 6975
2454 4070
7242 7552
3409 3613
4226 8047
2965 2481
9990 8606
8839 7848
8621 1282
1265 5015
7430 1522
7000 4724
1232 8539
6665 9462
238 7046
5313 4725
2220 4239
9607 3546
8634 8682
1855 8127
5798 8863
6051 3382
4291 7689
4620 3190
4303 7460
7046 3345
2120 2721
929 3070
4434 6536
8324 5447
7464 9123
284 7665
5647 4148
6121 8780
4123 5095
6809 2040
4317 5366
920 2510
6769 4576
4651 9636
253 1619
4597 335
7612 3886
1421 9262
5112 4945
2507 5242
632 6585
4136 8930
1092 3345
317 2052
3271 6076
8647 8999
3160 6138
4145 2291
5684 6752
9056 3298
1226 5766
874 1132
9429 9264
9193 1076
3290 3508
3902 627
4861 599
5161 2283
4257 7271
7788 7720
3052 4880
2076 4285
4091 2396
4953 3591
2245 1686
9323 6687
527 4732
999 8125
4446 3068
3927 3473
363 9918
2329 1770
6992 2673
8170 7406
3204 7691
5967 841
7802 2262
1771 2060
8425 2997
3772 6827
6687 8432
9735 4737
9434 4127
7307 3957
2201 687
4179 2203
4926 2874
4130 6337
3786 8701
5000 7284
9279 5786
4217 52
4038 771
4421 6099
2921 5519
7532 4402
4572 1246
4010 341
9090 6089
195 206
6383 1789
794 4298
4718 3698
4851 2456
3338 9943
3231 4150
3050 9932
7069 7918
3852 1148
3049 4433
9027 4262
8287 1707
2735 5719
3971 3797
4264 7227
5477 9330
6438 2895
8516 8888
4093 7551
6179 188
9979 6761
3838 3153
5256 6605
2143 8983
336 1543
5410 3442
6666 8659
3378 6852
7572 9539
2115 7151
2056 9614
6406 1788
6528 1024
8103 6095
3981 3190
8734 9734
5817 7921
8998 9002
7988 7529
5702 55
4054 2392
7260 5377
6241 5552
8025 3356
7352 2586
5381 5499
1458 5320
4121 4258
5691 6030
3235 5172
2199 9559
5804 4528
5054 6988
7071 1431
4647 7423
3389 2612
8174 234
9556 7404
860 312
7711 4883
9721 498
1009 2265
4131 8002
9887 4673
8984 1155
1521 4292
2696 400
777 4744
5639 3241
5438 5825
3567 1590
5876 3303
3535 6075
9952 4383
8981 6874
9300 8974
9506 7282
7772 3145
3254 9268
5633 7593
6251 5770
4400 2594
4050 658
822 837
2461 5290
502 1953
2410 8328
7339 5219
5764 1512
8386 4767
1281 5172
1131 5143
4635 6884
8062 3928
1872 2682
7156 1348
3957 8974
4790 7255
7905 7462
8470 5385
1340 7455
725 7959
9533 4671
8462 6860
2626 6099
6871 5827
4122 195
9440 3670
2943 3316
9070 3622
2438 9936
4143 1892
906 819
269 1434
3993 614
5715 9368
1433 4809
8637 9858
1912 3315
883 537
1084 7456
8051 6438
2371 7615
6081 5684
5855 1453
1779 1842
3895 2209
58 1794
6091 5117
1445 5489
5366 6532
5697 1446
3606 3533
2681 7818
8514 2883
5476 2745
9849 9050
5407 6625
7549 9531
4214 4163
9599 1842
2822 6068
8192 9089
9449 5716
9497 5253
3276 426
8543 7373
7372 9533
4289 4080
9752 9541
6392 5879
8650 7504
691 3083
4658 1029
281 1986
1163 9423
8873 6659
1507 6648
6464 6892
4589 8763
4979 8329
2616 6241
8831 9049
4768 6783
2610 108
9700 7431
4151 6337
5619 9293
7210 9849
4868 7571
8896 9180
8120 4611
1182 7110
4490 2841
7282 4727
6138 8200
4571 4811
9016 32
3071 8128
3805 4989
8091 9975
4751 9806
1786 7703
1412 3863
2624 6683
3610 3157
9105 9713
1225 834
9623 6014
3755 5223
9584 3102
5070 3880
8412 7267
3534 2026
1424 4373
4118 6889
6702 2863
513 1471
9353 2003
2836 4672
474 7672
1381 5653
1680 9637
4076 3262
3357 9917
8201 8330
7576 7648
2614 4675
7437 3108
3940 675
1476 9246
3361 1612
2341 7198
9970 7545
8835 8406
3109 4556
7197 399
3976 9849
4042 4249
3224 4288
3881 9210
9540 9003
5411 774
7241 4282
8003 426
9646 4465
6732 7576
2098 3031
951 704
9185 8408
1602 1936
2400 937
7925 133
2794 5244
5057 4242
2354 8013
8785 5265
556 3181
6215 426
7507 9432
9912 2820
5283 8953
918 5349
2819 184
5341 6438
775 6988
2145 1138
8912 1173
2313 5934
8449 2059
5052 8455
7483 810
9194 1979
5043 9793
4066 8108
3226 6732
9350 9608
4633 376
2858 777
2416 3489
1489 1496
9883 5873
7608 7795
6740 9302
7016 2254
2772 5776
4307 3751
5169 5546
565 8219
8459 3513
8968 1739
7863 5935
7214 983
1363 787
4824 4330
7599 3567
3741 9867
6034 7970
286 6916
8701 1305
1964 5358
6950 1373
1558 268
4370 9650
994 4954
1816 1813
2116 2000
2408 748
613 3312
2175 1801
2369 6981
9143 2316
4622 1588
4563 5515
2927 6439
3091 8148
9680 4196
783 2320
5078 5986
9146 9762
6650 6457
980 4137
1756 8076
537 7352
3903 9189
3601 5991
1291 8998
4803 8337
5035 4939
5312 8860
9184 2102
6713 4748
190 4946
6800 1041
3435 6625
8349 9089
6546 7539
6831 6175
4805 9651
4062 5642
2770 6145
6256 9419
5598 3040
8339 5624
2995 9389
1438 1688
4565 6277
7088 7554
7142 2059
6783 2416
9703 2003
545 7179
6943 3276
1679 1192
707 4293
8496 3162
7311 4812
9618 6041
2816 2626
6714 8125
3545 8698
7973 1747
7845 4769
8703 3476
8394 8930
9918 7018
5469 4746
8353 493
8993 9899
7161 4294
7181 1048
5710 8541
2169 8762
179 5518
4265 4609
8323 6481
1025 9361
2172 6039
5836 4485
4298 6761
9345 997
8024 3391
960 9824
2492 5447
6858 8283
1095 4954
8599 8864
4505 3638
5850 888
9033 9087
7146 3044
3376 8505
5088 7648
9951 3789
5525 988
6024 2182
4608 6021
69 7665
8923 2789
3112 7927
626 8326
9986 2344
4164 5314
8800 245
9336 619
837 2224
7625 9966
6576 8261
8618 6545
9374 4988
3042 5733
52 8524
6538 310
3967 4830
4051 8097
1534 7864
1202 5529
6143 4602
3174 5820
30 2946
804 2138
5267 8634
6364 5755
2777 7819
3917 4143
772 2705
2599 9014
3888 5954
2138 633
1650 1258
7966 1070
9038 9803
2666 3389
4068 3839
4202 6441
7617 3222
793 8071
8341 1846
5786 7336
590 1813
245 2802
8681 9871
4430 7989
8910 9259
2863 4359
7685 3755
8346 1810
7662 7482
6057 2895
7403 5452
3605 9188
2319 2211
902 2903
9614 4756
1492 6697
311 1258
1593 6264
8668 7678
4895 8623
3588 5922
8715 2681
1230 368
2103 6074
8165 7751
948 8377
4652 7424
7416 9089
2449 7327
205 4725
9140 3390
7990 6429
8474 7324
2886 3883
8721 2628
4602 1619
4148 988
87 4981
6960 8904
9697 4232
7834 4429
2210 9999
2439 1525
5978 3646
2058 9161
7568 3975
2838 502
8138 230
5382 6795
3762 4662
8047 1753
7379 2801
9127 4896
8110 7772
5583 9722
9306 4525
1488 3389
2088 6475
989 3600
5251 1522
6061 572
6424 1560
2966 9232
2300 7619
484 3369
5871 4257
3014 1823
2060 8719
7428 569
9329 8945
9332 1267
2457 2262
6248 5838
8159 7034
9278 7198
6552 5133
2107 7942
7400 5023
4333 6245
4086 7918
4648 2670
4418 4672
1732 9517
4375 3939
7369 3660
8853 6794
4268 1622
4555 7140
6317 4147
2704 8087
5958 8166
4609 9932
6021 1124
9005 9776
685 1209
4475 1909
9425 4457
1327 7094
3358 4269
2598 9478
8301 9073
3158 5939
7525 5605
6489 6876
3382 4929
4149 8930
8763 4211
3843 4206
9904 8388
1858 6311
290 3184
7262 9346
4823 477
9377 9499
2907 711
2173 3284
4981 4201
1180 606
1406 8318
6096 7062
6750 9153
8434 5652
2304 2257
6342 1338
5190 9696
466 383
9548 5537
7289 4380
1042 6407
3834 8164
7514 9024
4221 5130
8260 7553
3046 6378
3081 1444
6192 8374
8423 7864
2102 55
5721 1950
2923 5709
376 5765
2661 2744
3626 8982
6279 8521
8355 5678
5521 3177
26 1754
3196 7069
2106 2660
9569 4647
4535 368
6691 4116
4641 1382
6755 3128
2876 6961
8337 1207
7118 6582
9181 6128
6860 7540
477 7018
7706 8747
857 6754
9906 7327
1983 3491
3549 6797
2732 9676
7888 1446
2446 5785
292 5810
5535 3267
6 3056
2925 5305
9934 5752
9730 1253
8475 6048
5121 6779
5456 3869
1653 4279
39 7990
9081 3939
9517 2915
3176 5934
9223 6699
8478 6414
9187 5331
6045 3068
4973 5575
8404 335
7150 7460
5964 786
7624 8309
7332 6022
7227 980
9139 9785
4318 492
3753 6815
7077 7171
9698 9795
1383 8140
3063 9769
4740 2413
7634 8881
2286 9528
1297 6578
8356 2970
1470 4883
7552 8793
6898 5719
2955 8910
5559 9060
8933 3800
20 9320
730 9310
5514 3288
7273 4759
1323 1856
3574 1911
4313 6224
3186 8275
1099 1047
1422 6633
3633 3489
4406 6838
498 1660
595 6507
5272 7276
1672 8192
1865 6902
8363 6531
8206 4450
5748 3222
9113 6696
7238 2317
5114 6488
1581 7027
6979 9804
6551 1970
2587 7810
5790 7580
5273 2438
1721 8085
8027 4934
6535 7576
8307 7694
7594 4028
2149 4306
3419 1535
9261 4809
5709 9532
2956 6371
8883 8925
9765 9534
4485 7546
9859 7557
703 4186
7561 4462
7639 7557
6199 2658
5931 6781
8248 9932
8479 67
4188 9889
5652 7552
65 9680
5972 9183
8477 4319
8620 217
9552 8358
3681 3926
8311 2844
7126 3233
273 7415
300 4467
2011 9583
5884 2396
2938 4106
5899 9990
9354 8423
8488 5487
9167 6341
2404 7967
6649 8047
9334 2425
3505 929
6521 2879
5699 9311
4102 3591
2902 2915
3842 9166
7102 1290
912 1682
5663 4094
4750 4975
4074 7648
6664 1232
1358 8086
7452 5075
6593 7566
403 8569
8392 913
4887 5401
1164 8060
8186 5842
5534 9371
4551 5960
4028 8333
5211 8258
1759 7290
769 6339
582 8528
8226 3977
7969 6793
9509 455
6905 9812
4316 2659
7505 4524
7342 9279
8099 3068
2136 8013
5722 4286
7563 6255
1436 6208
5447 396
3349 1338
2719 5170
5325 7586
1263 490
5911 5703
7103 7361
3531 8655
7913 4641
2367 6595
3756 8039
2007 4557
5258 1684
838 9463
9148 4872
1498 6818
2547 1823
7894 1049
3527 2221
9026 3435
9327 9230
5848 7755
2831 8957
1237 5709
3093 8405
9247 1126
9741 6172
9834 4313
6530 5504
3983 1305
6041 4729
982 2873
6472 4262
5044 4873
1398 3355
9102 1469
8656 2753
7351 6067
9104 9126
4230 7631
5644 1390
1646 1850
1969 9145
2394 6318
9117 519
9116 8653
1700 6043
3073 7919
3814 7695
9860 1781
9949 3356
3240 9818
4344 9352
4610 9535
2887 7877
2215 5677
5117 9982
9872 6754
2228 8699
5073 994
4033 4591
5030 1684
9881 9130
7248 3612
8205 5854
4702 9742
8693 4555
3582 7197
5489 6318
7947 9867
786 6643
3891 9724
2420 4684
4863 9036
1933 1906
1986 3373
3238 4346
4152 2666
6624 2276
5696 7105
4342 49
1755 8351
9779 2051
7730 5489
9341 8351
9778 6678
2160 3546
7869 4244
550 6779
5063 4759
2258 5690
5630 6998
7733 8093
720 8682
8444 6676
5036 207
1366 3770
2344 6397
2523 7158
2043 3975
2625 6245
4503 3599
5834 3973
9330 7127
7135 9268
2240 1796
1426 2483
3151 5226
5372 77
8144 5807
4877 1264
4562 412
676 5978
8586 6906
2860 9536
4975 8331
5636 3034
5785 3175
1205 4624
1305 8717
9153 8799
1908 7319
5849 394
1001 444
6658 2370
8901 4182
166 3946
4184 8164
2807 3988
1743 2855
3788 5731
3793 373
9188 8139
4273 517
294 8367
1560 2621
3694 5081
8101 383
3374 5302
6819 5037
9724 2040
7630 9094
1959 1462
2629 8660
429 3579
7868 6044
5296 9918
1461 3893
4394 5537
1938 335
9640 2654
499 5518
7085 3414
9382 590
5927 7305
4427 6588
2753 6524
9926 6
2202 6380
2283 2398
3341 3135
4510 3418
5181 3801
8183 6380
3781 2757
6620 8667
4798 905
9438 7612
6185 6538
1275 7246
2957 3888
2321 9955
1056 7842
8463 2371
6000 5009
5233 6461
608 9245
930 4237
9642 2958
7957 8242
1482 4269
5089 4981
817 5015
203 7135
3612 59
4424 6274
1465 2595
7389 3666
9083 1196
2655 2127
64 3322
7632 2592
202 8452
7578 3304
533 1537
1474 8125
7928 6062
5275 1151
1840 5199
5635 9388
6555 7891
4139 7994
6029 59
2018 7252
9581 7640
9560 2168
8726 1875
1444 948
7595 8111
5913 7174
1319 6702
5519 4981
6637 7123
1863 1635
3310 3016
3542 8785
2827 5318
4605 5504
2788 3725
4815 5611
655 8538
323 7728
76 1930
3536 8925
7420 5700
3785 4494
5488 7270
2632 9101
747 6369
1887 4735
452 4050
524 3058
2821 2321
6481 5489
7072 7346
13 4075
3735 4406
4101 7583
2808 746
7320 4190
7188 2227
3033 6014
5133 7179
218 4351
7236 1795
3728 7581
852 8492
6280 5155
2762 7529
2672 7424
4963 3827
5068 2457
949 139
8870 7511
6926 2492
5604 2283
2476 9742
3463 3571
426 2934
9050 7745
1463 3476
8737 9930
4024 2641
6659 6951
5623 1155
6161 7189
5320 5535
6010 7804
9550 4913
2312 8176
1951 7137
3661 5565
1142 8644
9285 2453
9183 4501
696 477
1684 5455
4253 230
1199 8085
7219 6847
9706 5773
8221 3033
5992 1420
3813 6067
3454 7981
9933 5867
5376 9871
3765 3461
2014 4947
5937 6663
8045 8461
7045 6551
4286 9731
5609 8554
3103 1826
386 6170
7793 9460
2085 9308
6047 8182
5301 2652
9411 7542
9824 4226
7518 4169
1849 9340
5761 7154
8627 2612
5819 6764
1184 1155
4850 2000
214 9285
5031 9088
5399 1738
5479 113
5344 3910
4378 5143
8176 9972
5885 1589
9767 3585
4550 6106
8374 6335
22 7185
1809 104
7129 4250
8985 2448
8218 9883
4637 2462
1503 6791
3078 4980
9666 3677
5444 4138
5873 5352
4986 5955
8196 2416
5829 5780
6733 8404
2992 4528
8448 8798
4958 8506
3914 6916
7387 365
8043 2806
8389 4829
1322 6540
6403 5287
2094 2756
5105 3734
2021 2610
4410 9733
7220 4724
2483 9972
9771 4220
5500 17
2144 455
5454 2953
3278 1720
4871 7175
3938 430
2757 4653
2519 7453
6611 5618
6102 79
295 1531
400 1095
8723 7407
6206 3221
1243 2093
9559 9958
4487 9304
2093 4925
2915 2480
9365 3485
4526 583
4858 1846
8770 7206
7484 244
9363 1776
7673 1391
6813 2600
1255 6149
4161 5536
7383 490
4110 3588
6868 6695
9151 1654
7397 5151
8792 5120
3478 6414
684 5243
1971 2281
3649 8626
1419 7346
7496 6645
3425 9252
221 6378
5119 1118
8778 7732
4379 5307
7026 3813
1931 3706
9454 133
8747 1911
1925 133
7392 5107
3958 1616
1783 121
657 3208
4377 8456
1731 8974
974 2204
3603 3234
2110 4642
5765 9532
175 3546
3339 2453
7456 2334
240 9867
4366 5143
5281 9189
4685 7393
3518 6702
6772 2158
3614 9556
3368 1442
5508 974
3695 5981
6208 1369
4077 1142
9118 3923
4787 8333
3933 8220
3110 5391
4954 335
6877 7054
2608 9413
2402 2665
917 7427
6829 578
8567 3186
6716 9146
4794 3644
1123 9364
914 5825
6919 8279
1894 1482
1054 926
4455 9508
9126 7034
1555 1142
2798 3911
6818 2127
846 3897
3488 2377
4518 2142
1777 2346
5264 4371
6888 2080
3769 5757
7901 9499
5985 895
9316 5700
5680 311
5164 7638
9505 826
7047 912
3795 7120
8649 2373
1172 9156
7644 6811
5460 3411
2890 856
6337 7406
541 6906
4810 17
8606 9222
5795 5825
27 3914
996 8400
2628 2582
1956 4540
2063 958
1455 5932
9294 4528
1769 8717
6025 3083
6391 1684
1289 424
1570 4227
8262 6699
1500 9022
2118 4360
1334 1635
3662 5104
5391 4174
3003 9853
5390 4304
9592 9858
5098 2072
8199 3801
6486 1246
1621 84
8073 567
361 6609
3691 3713
5494 4748
233 5653
9147 1549
6682 8385
8643 5546
8823 312
3911 175
6999 9562
8790 6566
1976 4863
5567 3160
4666 1199
4592 3372
7767 4735
3771 9769
3777 755
6430 1416
7623 7668
2604 6022
8421 5990
7601 8962
2552 7055
5758 9904
5126 7620
6823 4756
1125 4264
2207 5233
7277 5465
9137 7423
6631 2460
3648 336
8614 6996
3846 3012
117 849
127 1267
7100 5523
2268 4335
3412 7638
9751 648
2652 3794
7843 2239
2514 6622
2087 7048
2537 725
1845 9170
7696 8222
1312 7867
5597 2865
4704 3173
9159 2743
9587 2221
2262 2320
8370 9910
3591 4886
3373 6380
1692 8409
9405 6274
9764 5410
9310 32
2132 2948
4982 4690
4801 9476
8320 3488
2208 7924
4686 3308
8579 4593
6977 2555
6371 8897
5470 8659
8571 4359
5059 9904
9037 2203
5292 5319
4134 2187
9899 4237
2779 509
9528 6022
6417 6655
2861 5489
7451 4421
6712 7599
3959 7731
4918 5902
1451 8243
2339 5681
7629 4074
5660 4292
8945 2552
575 6105
1204 3609
9662 7586
5232 3589
5637 7487
8713 7729
8443 6334
7545 886
3583 4801
2984 696
8793 4718
6949 3989
944 2342
1316 6610
9455 2682
1157 2264
2375 5868
277 1479
7388 8080
5615 2697
5263 825
1616 2216
1104 3430
5072 3518
7391 3589
1235 5208
3005 7406
3702 1908
8997 2161
1328 4094
4534 3122
6046 3007
488 5716
4266 6699
5234 5409
5666 1617
7704 8723
1996 5656
9760 8905
8066 9005
6869 2103
5163 243
6467 4704
3096 1124
4709 7156
2186 2091
3462 8674
8935 8667
5245 6666
3751 8176
167 6361
4331 590
6605 3121
936 3097
5400 5501
6134 8202
8881 2143
3489 5632
5224 1635
6068 6696
7285 7202
1694 4859
1401 4243
1687 8427
2910 5684
7364 1528
1299 6743
3524 8742
9392 5827
8655 5334
2227 9934
1493 723
2533 4765
8609 4196
3719 3582
1533 5749
2993 4999
1633 9255
4957 9105
8872 5533
6278 4932
4271 9430
4057 338
4348 7102
7970 2197
6677 3286
4636 8411
6932 2525
5960 6737
81 1387
8069 8927
1856 8580
1670 9333
5473 9322
3288 3840
9203 5981
9595 450
3134 4219
4144 3803
9959 3374
1063 7955
334 7472
1628 3849
3844 9761
8058 2861
9064 2688
8954 23
4363 6074
7848 20
4281 689
412 6076
6866 4462
742 2218
9494 1258
5287 3315
8866 6219
521 2054
6330 9786
1952 8317
1515 656
7278 8040
368 1482
7292 159
4788 6546
1343 8873
2251 6974
2023 4756
2486 9870
8469 4382
7224 9074
3646 55
7297 4989
59 9824
8121 5397
504 4967
1233 4064
4857 5723
646 1670
3223 8407
601 6709
8130 4055
3496 4816
2773 4634
5315 7004
3307 1891
9856 8445
2761 944
3243 1219
67 6313
8286 7494
2959 1049
6565 55
4002 2622
5658 1229
591 241
9738 6202
280 959
834 2875
2073 7291
6387 1892
7556 9541
2091 2204
5403 55
183 9310
2755 1384
3120 5405
61 7102
6718 1702
9226 2884
2134 6973
146 8983
4694 8521
7208 3885
3876 4574
3907 8894
6846 354
3822 8648
1315 7579
2543 9669
3924 809
2972 2854
7931 6824
9915 5739
9138 7616
9966 5472
7620 1900
1473 1125
5278 7944
4615 9865
3627 4177
6404 6163
5472 8492
2206 6039
2700 1860
1536 9358
252 6497
8131 5563
6125 537
5413 5939
3438 715
3047 1287
5136 3322
4664 1299
9149 2342
5762 3740
1487 8161
7177 2692
731 2356
2466 482
9166 9972
4393 36
411 6298
7147 6793
1339 8982
6988 9996
6431 4770
9839 3611
692 1186
5406 336
6388 6037
9846 6337
3221 4701
1575 8035
2973 2059
7965 7456
3280 5173
8575 5566
7737 226
6522 2133
6842 758
8725 8295
305 5223
1370 7440
2247 1508
6186 47
750 7769
158 8108
1837 826
4765 1930
4006 7063
4994 7407
9468 9260
8635 7752
1768 5102
6069 3801
4512 5251
9017 9168
6378 8492
5902 8597
9815 1936
4494 7356
8451 1673
1857 9910
7682 4749
959 3123
7377 329
5100 7453
3589 4326
6670 6378
5050 566
631 655
6622 6818
4838 5999
8086 5564
1440 1364
9163 5385
1002 59
2216 7619
5014 336
5643 4036
8509 545
8573 6698
9158 6259
5255 9198
6193 8987
9644 6255
3328 9407
3660 9713
4922 8930
5365 1313
8631 6498
3877 1569
4001 7814
938 4732
4974 9488
445 465
2914 3848
9964 3465
5894 1047
698 7230
922 6375
227 5368
6227 740
468 121
3197 5786
5329 4618
8185 5424
4312 3302
8580 1727
6367 8634
9892 1254
5698 3218
6680 6342
3894 2264
6873 6709
1494 4942
9745 985
1024 5970
6601 5714
9165 7747
7354 3646
7884 2065
5416 6551
9955 9427
1335 2055
6945 9578
5115 3282
4231 1428
283 7815
5151 1746
4852 2633
1280 1679
7247 5385
4309 4129
2609 3261
782 8097
8934 5705
6416 3280
7589 5824
1524 5778
2585 2000
3854 6304
5408 8832
8952 5566
899 2942
6610 5242
4767 1873
8458 6951
4831 8482
1179 5242
4735 7246
4527 7670
479 6906
6252 7866
5569 6860
1241 457
7690 4474
7974 2053
2090 8762
6348 6581
7086 3389
8246 8793
7751 2809
3490 9718
5807 3669
8811 5
1785 2797
2376 114
7140 5976
7668 9630
8920 3358
998 718
6258 5286
6635 3465
8219 6237
92 7675
1294 6860
2849 8709
9631 4191
7895 6751
3277 7547
8729 9025
4059 9208
63 7476
7266 1859
686 1213
6455 5587
2020 6970
473 3426
8628 3632
1688 2873
6543 316
2703 1795
1803 4631
5910 1899
7200 428
3317 2143
7938 8377
6027 4618
2844 7486
3372 9472
1460 9935
1839 7415
3829 8091
7858 686
1576 9429
7411 2948
3088 5858
6183 826
2592 7643
309 3751
6608 663
4813 9322
4450 5076
9437 1733
3540 7158
8098 4203
4203 4114
9439 9474
21 4370
981 5426
1631 558
6554 9322
3750 5897
1826 172
5212 2977
3074 4460
222 1886
8376 5208
4211 5449
1479 3220
6688 4750
506 5153
4479 1327
1573 4545
9789 7075
4409 4220
4576 5449
5561 1273
349 1259
5412 6245
7723 6578
1127 7733
3580 9386
7164 7122
4580 9558
106 7772
4731 4416
5307 8688
5778 1213
2720 9962
7453 9184
3977 826
7406 1679
3440 8682
155 7900
24 582
7193 3815
3087 6781
7443 4121
3282 2122
6089 35
6632 3830
1923 3323
9810 9095
6909 1093
5976 7755
5924 8659
9956 2773
797 7765
6596 5915
1029 7852
5503 3270
6908 2477
3289 1031
1453 8603
8242 9972
94 3150
2562 1119
7363 6198
4630 8253
8824 7141
2646 1346
4732 3101
2805 8890
496 4088
746 7542
2067 7684
668 7884
4461 1764
9364 1836
6692 2140
756 7182
6297 6883
3511 4306
673 7257
9476 8967
7286 5577
2348 9816
7358 7458
3396 3988
3318 3307
8250 5040
6927 6094
3268 3850
4306 1024
8841 9849
3099 3007
3900 9648
8570 3866
6187 9566
4987 8548
7025 5786
2314 27
1817 962
4452 6863
3544 7346
7998 4462
7031 3827
3832 7673
7686 8554
2427 4269
7419 622
3090 744
4159 1397
2066 6516
6700 9137
9816 4653
5125 8943
7903 5839
9572 5656
1831 9130
1166 5412
4417 558
9258 8714
4875 4575
1080 7425
2710 2111
7395 182
3040 6670
8678 8959
7590 9893
472 2816
3161 5341
7004 1127
8264 3569
9008 3594
1847 6184
7274 1929
2330 59
1557 8389
4133 1161
1485 723
1804 836
1729 2892
6369 9236
6837 9320
7509 4137
991 2276
8078 5217
2981 4609
4955 6289
9806 3663
4112 6557
4460 4770
1457 8816
2961 2113
2301 360
8189 8808
3011 4658
3526 8551
2746 1990
6311 9089
6920 5608
7264 5119
806 3146
53 5373
3041 9972
2287 2803
1308 207
9282 5649
5487 2442
8016 9852
4599 6499
8861 4661
6618 5681
8182 6969
2177 9547
1287 6138
3608 7257
8056 3194
4561 9509
7494 1860
8194 3685
6884 4874
568 6339
7314 5278
4710 1932
6625 1397
9878 6397
4137 8492
5414 5310
2336 9975
7695 6335
7664 1179
237 3270
6548 905
1703 8388
9628 7747
6076 9260
9519 278
5041 7184
5172 8898
6808 8818
2470 5531
7907 1142
365 5838
4177 1915
7683 9786
1416 422
9704 1141
6630 8483
7138 5412
8625 9958
6915 6429
4191 8304
2003 6952
8670 7415
7567 5223
1918 7695
9180 8384
8602 5593
9302 1213
7577 4890
6708 993
2480 9321
4791 6553
1240 1800
5149 9130
5380 8108
9625 4638
4665 1702
8388 3489
7268 3324
485 9388
5439 9932
6162 8913
7231 9598
2320 217
6545 1368
6759 2372
9604 6936
8168 5345
8749 7938
3095 2080
9492 7602
3744 9073
3962 7132
1100 5984
7038 2281
1975 3389
1953 6107
5919 6748
492 6998
624 261
4463 1847
8162 3533
858 1877
6207 1944
1539 7476
3169 5212
6073 6535
4812 9354
8919 9314
6242 1709
4939 5940
4728 6567
9338 9774
7636 68
5304 2494
2101 8782
4304 4182
2542 55
4613 7739
5368 1710
8321 1462
193 8492
3630 5233
3823 2160
3992 9665
1579 2413
9723 9904
6841 8762
4717 8899
1330 2504
7796 5182
243 6245
4453 4402
2897 4199
7852 4007
7044 8602
3284 5936
8970 5946
3703 3755
2931 9990
9359 4136
4442 3602
1129 8368
1409 5305
7225 7938
7766 90
100 7774
881 569
8975 7625
1999 7334
1654 7774
7814 5124
4305 1475
9669 9853
7043 956
2322 2053
3529 2198
708 3530
2566 8796
6171 8634
2080 2365
4548 8853
385 4715
7172 2035
856 1132
6127 4067
8682 8492
6673 1930
790 2740
7022 9250
7113 7189
7712 2699
5536 1995
4015 7024
113 2332
6902 8451
3514 8351
7648 2377
6011 9318
808 6584
177 5313
4885 7869
8453 6642
7111 7913
6963 7356
3884 9642
5486 818
9235 5363
8974 7064
4862 9195
5854 2855
3803 1294
1802 3245
5299 5945
348 8047
8733 205
6320 1932
9281 1847
6775 5608
7776 354
2005 209
9296 2445
5298 7867
5828 3640
4476 3176
3557 6528
4140 3323
2045 1458
7946 3871
926 6324
877 2981
9079 4257
4414 1002
5027 8723
8754 6542
3515 637
3351 5220
5293 7602
9900 9359
5908 2892
8378 8810
4449 7731
2986 966
2744 9816
1260 7375
422 723
5879 1591
5673 4485
4567 6249
9487 710
9802 1450
7564 207
1506 6624
1456 4854
9768 210
9610 9924
2225 305
7703 9975
7794 6064
7301 6332
124 2276
3216 5431
1917 4322
7643 1034
1882 2538
849 5829
7680 2012
2642 8063
5831 8580
4157 3131
431 1346
8825 3574
7174 3987
3245 9608
6145 4265
430 1894
5463 7897
232 7207
2843 3174
8838 775
9441 4018
209 7967
150 671
5029 752
9534 5702
1402 5756
3982 4120
561 956
79 9667
66 3107
732 9626
763 482
6502 9719
8361 599
5957 7210
25 3183
5495 8111
104 5903
3394 6199
1047 662
7183 6497
6428 357
8940 9613
4382 6511
4290 245
1834 2065
5945 2474
4556 9670
9776 4954
3764 666
3118 5262
8858 8196
9272 169
8777 5825
1881 3145
6355 3345
4462 1912
827 5455
2042 2314
6542 8903
1499 3481
5242 1702
5026 8284
8276 610
2447 1761
1963 6744
9020 6458
3028 8091
89 8594
6405 6389
2095 6878
4444 302
7504 7788
656 5915
6639 9682
1873 8175
6964 1691
254 3801
8180 1966
7119 2713
9100 4279
1211 8624
8338 8267
3202 3851
6484 1668
8916 857
5218 7187
2721 6167
9655 6695
5401 3863
6763 971
4917 8492
6146 3646
2640 5853
1303 7347
8891 957
4950 371
4848 8725
7516 8578
6469 5391
7033 6224
5131 9518
5466 3378
8020 6501
7234 3517
7099 4360
8041 4891
7309 6319
1224 4528
9919 5244
8849 9692
4508 9146
3252 3756
276 4525
2889 819
9200 4508
2399 9541
3904 9638
4721 2733
6104 264
1450 7352
9362 8590
6444 2062
2234 7102
2390 6159
7761 5014
9732 7381
1993 1704
740 1364
4259 7991
6462 4251
7243 9724
2920 8404
9415 8814
6460 1673
2280 6068
2298 8819
1725 7476
3551 65
494 3574
8433 2049
9403 9215
2089 7461
3279 6229
3345 2540
9650 1280
2083 7867
4345 5539
2742 9682
7366 8374
1369 966
2472 755
4106 537
3326 4725
8673 762
2475 2203
6396 2365
1167 4855
8520 3862
6101 4844
1307 6352
9030 310
9360 1334
9523 1683
5081 448
966 4127
2532 8924
9965 1735
6872 8849
6751 5332
8278 1045
3274 7476
1446 7947
1823 2070
6310 2312
6623 7845
1501 6702
1324 6376
2528 740
9972 8834
2687 3677
9293 9215
2557 1003
5754 2127
9155 364
7353 6945
3348 5827
886 4007
2554 8484
272 8967
946 8253
1601 8753
2131 4613
6553 5540
7587 1873
2884 8228
3424 5842
9803 5751
8403 1043
351 6114
6568 7740
3616 9708
1141 2610
185 7155
2597 9650
217 3585
1591 9463
7553 723
557 5282
2068 8238
9059 6702
9561 6486
6397 5455
3142 6235
1405 8891
2656 4999
8622 1107
6153 4817
8013 3401
2195 4044
440 1914
6929 3468
6463 2117
4198 8953
1110 1936
7721 6535
9792 377
7257 2838
8869 1967
3802 7370
5744 7773
507 3008
5869 5403
6536 5293
6106 4149
3346 6265
6856 3629
4251 6178
458 3587
4558 9657
4951 7495
1313 7750
7743 5311
5354 5168
2680 6518
7298 8295
8677 937
5683 6841
4089 8602
7374 8167
3523 8798
6228 3386
3624 640
5826 1394
9957 7487
1282 6860
2636 6434
6976 9130
3211 8323
2356 9371
256 9528
3736 2583
766 9606
6395 1444
5107 6318
1699 2394
6339 747
1154 820
7048 5
4932 2586
8766 6938
6249 6085
3113 2096
1059 9376
3179 8599
3180 1782
9921 6926
6592 8331
1671 8860
8555 6632
5980 2228
3225 7149
7961 9488
481 8313
2256 5096
324 4395
6719 7913
8438 9532
5730 7880
8074 1628
6336 1259
3930 1975
1353 7546
5445 1353
9619 9259
4949 5746
531 1306
6591 3542
5595 9453
7941 1048
823 5403
8179 3858
3816 9012
8294 9431
9861 187
6238 3779
7713 6483
392 6489
6804 276
1668 7717
9991 4913
526 5716
9303 7463
1596 8967
5959 6378
1148 8054
8001 6518
8794 8150
1352 4712
503 6678
6491 2996
8531 871
6457 1097
1361 3144
6352 9754
7355 6964
1286 6682
2665 1981
5611 1418
7708 1242
4691 8445
3233 3959
9458 7535
4459 4977
8699 6144
8562 2332
3461 4457
1914 4576
5227 4734
7539 371
4909 622
495 2866
8175 691
4539 872
5432 8470
6899 3645
5074 3708
3335 7396
3473 4542
9202 3639
4011 3195
2898 493
9397 2379
4792 9741
1744 7694
5471 5906
3964 2755
1070 234
549 3429
5993 1005
1606 9201
8506 1655
9378 392
6529 2726
1441 9537
1332 6069
114 9446
6178 4277
5662 6434
8160 532
8169 4765
6224 9975
7293 5890
1462 7086
2421 6379
4568 9267
7336 124
384 8454
4689 8832
896 5609
7019 4735
894 5584
293 3792
4499 7167
5787 9843
2288 2748
6246 2332
8304 6429
3593 5041
7267 8318
8184 997
2465 3241
603 5205
4844 7648
9671 6136
6494 2223
2378 1439
9857 5632
4549 9825
5675 6450
2260 6340
7813 1628
7940 665
4617 1524
4586 2998
4726 6641
7361 3163
4384 4269
1830 1635
2733 7921
1192 9320
2657 4926
3008 3189
34 4439
2872 9380
9971 690
1767 8654
9773 3974
1736 7623
8854 5991
9211 8891
2563 3131
1648 6031
8547 8818
7454 306
9566 6414
9218 3271
2038 3648
2396 2431
5755 59
5338 9212
5122 4546
6356 8071
1994 142
1105 9375
8268 836
9312 1117
4454 9682
8322 9050
4233 7478
973 7604
1563 9478
8996 7565
4438 8065
5517 820
456 6741
7382 896
1544 1934
7816 7724
8117 4105
9082 2183
5588 47
2941 5651
1669 4026
8217 3519
6588 7837
9276 8474
2414 6795
714 5906
606 6193
870 6758
418 6084
871 2336
729 2304
3497 6295
3650 6043
7837 980
2406 4861
4019 9597
9197 9853
1273 3480
6515 4993
7201 2665
7324 517
4368 4002
3492 7852
7508 3793
4912 8391
3966 4597
1151 9849
2812 2682
9220 2812
4754 4205
8068 4609
3098 4602
9932 6931
6035 8507
9192 9184
8431 7806
6843 7532
4784 6884
7294 3126
5968 3898
519 9389
4524 6931
6142 8568
3552 3832
2259 9428
4170 8045
9125 2312
7462 8970
6754 5618
7300 6025
5252 7431
1972 2097
5226 6169
1861 8085
4840 9059
9189 6948
9637 3315
3021 1426
693 7103
8642 2803
4235 3631
7398 3515
600 9719
7252 1278
359 3588
6429 3083
6448 1178
2662 8200
6762 8111
7120 6033
8577 8127
1764 9488
1329 3546
5090 3638
2663 5862
8501 5318
2129 2898
1094 8018
7606 9966
275 5633
8967 2102
3136 1244
3443 9215
6701 9862
3791 758
4246 226
592 6290
6230 3584
258 5829
6853 8443
6458 4937
2748 7619
1389 84
7953 8644
255 6680
4242 2657
1362 6747
3604 4763
4189 537
6497 1781
4695 9099
8949 7921
6115 4227
3027 7540
7196 7067
3628 1632
5932 5351
741 5700
8505 6542
8859 2900
3849 2622
9924 6892
4880 1469
9145 4922
1532 9705
6749 7593
9201 1635
5339 8118
3871 7752
8894 103
1720 8152
6304 6860
4295 9317
320 7134
4239 8492
8671 3726
8521 704
2147 7796
1108 1180
7982 7063
8087 540
462 8437
5137 9622
1885 8935
9996 1831
4842 9242
394 7464
4659 1539
6100 477
7736 1130
3077 868
1109 5459
1685 9218
2901 3877
5552 252
7143 7965
6758 6426
307 4485
9357 1224
7216 9432
5923 4338
4742 8737
5523 3577
5781 2801
1078 6274
7261 7787
3122 5755
5864 2384
3568 2701
971 3124
9094 5223
4700 5798
8230 4237
802 4069
9032 6408
7060 1336
4777 3431
2266 842
2708 46
3273 8091
6779 7163
134 2630
4559 145
3379 2980
3936 9536
2511 1035
7498 4886
3370 1593
5657 2709
2417 2699
7542 9814
588 4826
4225 4683
229 3071
9688 7173
6114 606
6672 8333
7034 4069
2034 438
9948 8197
9988 3668
7429 6319
3017 3468
6305 7720
6423 5455
268 6037
2368 1703
5009 9352
7960 1602
7951 7430
8005 4219
4999 1891
5671 4672
2391 7337
3281 7840
270 3921
3315 9129
9241 696
5317 3218
7916 20
3790 6584
103 731
9788 6717
6413 2905
2072 5015
4419 3489
9048 4961
5965 7040
9380 1795
2069 1668
3362 1483
6784 5296
6930 3677
6790 7468
9414 5244
2676 9171
9586 8750
5982 4578
8629 7016
1376 2417
9728 1612
6619 820
9111 7865
8053 6048
8054 9996
8826 6714
4330 4486
7638 3921
10 6440
6327 5892
5389 2014
3696 2097
108 455
2077 9701
7089 5191
2651 9463
5648 8551
6512 2478
3553 7573
6845 7835
5816 8190
3815 124
402 5702
2491 1906
7412 9201
8876 8456
3159 1525
8955 2185
7250 4951
47 633
6985 5693
637 9318
165 7415
115 3298
3269 7643
88 335
2934 1912
9199 133
5823 691
9182 7093
9371 7141
6756 1043
6880 9193
251 521
1565 1273
1012 6081
5020 7602
4970 8377
4357 2525
7952 4436
6510 8320
7541 7066
984 3519
1333 4421
9555 3775
7399 4699
234 426
5154 2249
7927 5918
820 5547
7503 8747
3210 5710
868 77
3941 3648
8583 1252
3965 9534
3915 1980
6140 7534
5175 4654
32 6235
1467 5422
8712 9289
8457 8647
2303 5776
7495 394
9907 7768
4774 5021
5733 5418
8687 8933
2988 4047
1625 8713
9858 1074
6226 9691
3996 7546
1415 7435
9945 3922
7276 9966
4516 1696
7529 5825
7519 7354
8480 3932
9228 8696
7063 231
9593 2005
7697 8258
1231 6894
795 4293
8610 185
9122 2597
5686 7034
6663 1679
2473 7560
610 5633
3261 5742
8815 1526
1017 8805
4574 905
8539 7069
6892 872
4520 2406
865 2847
5775 809
9591 1850
3251 2217
2471 1559
8768 3792
8735 9352
3988 9713
1535 5938
8436 1185
9036 9734
540 7406
5943 7803
7616 2427
560 1534
1244 1063
6743 1063
9683 1248
9564 6093
4566 7643
9174 1390
9630 5838
5946 752
4395 9285
3316 5035
5021 3702
1678 606
4745 7587
6580 7475
297 2397
9485 6107
4399 7711
6301 3389
6859 4331
6149 2453
7396 5608
8613 4971
1073 3787
9516 7540
1046 6266
7213 5244
6446 1539
4865 7923
7805 8611
4699 3101
3697 5445
6158 5872
1713 4266
5629 9568
6103 4952
8680 6893
4073 6735
4749 5445
9796 9003
3521 5509
5364 1529
3359 4685
3356 7154
8072 2612
9795 5023
6642 305
2194 5219
6108 3615
2789 1487
2342 119
4837 7522
9995 7201
3228 7991
1870 3383
851 9640
1871 168
660 8323
7492 8542
5305 7320
5423 8549
4272 5570
4390 5149
9997 3122
9910 2224
9486 9644
2669 5399
1414 3829
4822 4100
7602 5627
3811 8541
4120 5716
7056 8468
4663 1075
6745 9560
7122 6029
5656 4602
6604 3635
2809 9668
6787 7463
3203 7561
2294 1481
85 948
815 8523
8391 2885
3819 138
1988 3062
5654 5556
6003 5317
2954 7462
3023 8688
6124 4654
8291 8439
8843 7833
3954 5910
7878 8417
9917 8192
7891 6076
7570 158
9093 6755
633 6532
9546 5418
142 5445
4092 3174
4997 4687
1932 5107
5690 4822
7666 7187
7765 972
4943 5185
8223 9438
7774 8361
491 7848
2577 4373
4031 688
2912 2823
8845 7542
5645 8148
712 1558
2975 1379
7157 633
489 5714
3312 2023
6676 5455
9908 3633
2203 5540
1677 3539
4554 3274
2515 7570
4498 6128
7865 6128
4000 3113
6237 8306
9186 8084
787 6578
224 8685
6717 4980
6585 994
2917 9995
3495 2439
8396 2379
826 3267
810 338
1595 9135
9010 5614
1348 1860
8724 4075
3953 1741
581 8348
2637 8437
4412 2615
18 4407
331 7276
4254 1936
6427 1192
5606 9012
2998 4125
7 2469
9622 4446
9748 7566
628 2593
6928 2848
3734 9692
7773 5684
9025 5788
6924 1067
8224 4947
9570 573
8632 8613
7971 5719
5695 3740
7964 4218
1564 1668
8646 4712
3613 8597
2571 2900
8850 353
1801 2805
4078 2396
4867 7230
799 3981
2685 4470
8188 7944
1187 5677
6938 5829
2801 8296
7936 272
3839 6803
5396 983
4107 4192
5047 9548
405 1653
8197 9721
3330 9622
7849 6825
7010 5956
2864 5795
739 314
5276 9035
70 569
3177 2756
4166 3269
6231 8985
4439 856
1979 2356
7851 4373
5562 951
6077 7040
1212 4018
9477 8542
3234 940
3480 1011
8153 731
1158 4651
194 4263
3944 1391
4160 4269
3150 9939
7987 6363
6571 7813
1985 4064
4845 2420
5889 402
3149 1002
151 2396
8536 7593
7182 5124
1658 5911
3053 5924
9731 7061
6559 491
4003 2598
9246 9581
265 7864
1020 9783
3141 3185
4530 9044
5216 5072
3745 5982
266 5860
807 4155
9611 6201
4817 5925
567 5638
2500 451
6849 5624
950 6781
1974 2968
8572 3886
6407 426
1723 656
4614 3974
56 7814
8415 2293
3644 5975
352 667
2455 6085
7506 8857
1794 2654
5058 8361
6603 3069
8982 4903
1850 1747
3195 7117
1651 4465
3841 5240
6925 9786
5440 3608
3124 4552
2185 4359
9084 4547
2741 5693
8092 2683
1055 7981
8481 1096
4677 7230
6093 3355
9827 4704
6222 8047
7526 3261
6974 8530
9466 3965
8332 6509
3152 5081
933 2758
8329 4767
9270 6657
3266 9111
6558 4370
4425 4682
2189 757
2913 6283
1374 8551
5580 5234
9772 1173
5484 8468
4888 7680
6894 4725
7956 4050
2574 6542
8535 8413
8109 3140
7093 3391
3421 9447
45 5433
733 2915
7975 3668
8274 4672
4493 3135
6707 7540
4860 4225
3470 7352
9496 6472
2424 1891
9800 9407
3132 6489
3733 7278
2540 711
9980 2818
983 2193
7906 6011
9375 506
6426 9613
7607 9115
5417 1936
2787 7158
78 7283
2503 6015
4200 8654
8617 7034
7082 5107
9447 6224
3143 9488
7631 7806
1838 1130
211 9699
9939 9060
5324 2431
6412 3929
80 5737
4936 8034
4564 7158
2302 8679
8679 6705
7125 509
9718 5381
4097 9209
5452 664
514 1132
3678 8955
764 2760
5222 7024
3193 6040
4385 6911
3381 3813
1372 3775
872 7837
5929 7058
8060 1598
5397 1067
5480 9222
4511 5897
4866 5516
4604 3734
2351 8289
7872 3989
9204 284
5028 2842
4594 6814
6144 1313
8972 276
3144 4621
9696 221
8270 2658
9412 3791
9344 6561
2916 7354
7729 1543
7015 2998
9205 9865
6734 4748
9062 9947
244 601
3708 8666
9263 1542
645 4587
4243 2803
4595 7964
4082 5186
390 27
1207 4239
8344 5915
3380 7815
4545 3966
9977 307
3097 1910
4811 4871
2682 3002
9233 382
2909 9618
2716 1276
4892 1768
1039 6563
9527 746
2933 1132
934 3604
6250 1540
364 8230
3416 5850
816 7468
6583 7016
539 7004
5449 8222
9699 1427
9069 165
2358 6290
8315 5856
7588 5420
5148 4614
2512 193
2048 5282
5195 2769
7699 9372
516 5632
7762 6426
5277 4740
1407 2890
8619 3406
8397 6852
5037 4337
6470 1615
723 1549
5109 9931
2359 4403
1728 3911
6956 1776
4673 4395
4228 6717
5017 6847
6969 5709
4484 5131
4667 8460
6722 9493
6578 8492
6419 8639
4376 4578
1945 9430
7180 3838
2010 1428
4536 3232
4142 7703
6876 7158
7522 2193
5628 2962
3467 2215
3752 8709
2104 7838
4008 8470
5011 8166
3034 6202
8075 2622
7184 1230
3094 4058
1598 1387
8796 5085
5451 2748
7701 3633
3584 3425
173 4116
7700 8655
5954 5314
5934 8682
170 7470
5310 5503
7976 1455
785 8825
9409 2923
1811 6447
7753 1213
5457 3701
6095 5829
2052 9164
2418 4976
4141 3041
3068 272
4232 1707
7677 7141
8818 7476
4383 7002
5661 6656
1459 9658
7008 4563
8154 2334
916 5673
7896 368
7370 1794
6906 6320
6705 2881
2526 6637
9493 7481
6220 4201
7855 9691
5467 3804
2756 1041
7344 3282
8898 5855
7287 7950
979 7287
1268 1155
3508 3307
841 6985
6105 8166
5886 2429
1949 3809
8708 9642
9737 4735
6030 3791
3291 8162
2419 5932
8755 1550
2939 218
235 4675
9410 622
8932 4950
5538 7844
796 5477
9401 20
7789 8714
9249 6964
8237 2205
9909 7923
2190 2711
8527 6186
9653 9488
4995 185
7744 6076
2425 5570
7115 845
3760 1308
3659 1553
5348 4888
2398 3002
362 8470
3663 9737
425 3360
6454 9255
5745 8374
4004 9309
7185 7660
6300 2163
9443 8723
8422 5471
3007 1041
3322 6894
3360 9405
2112 7372
2082 7665
6867 8321
1546 1637
1844 281
897 4852
8750 7990
2108 9442
4013 3369
5016 5798
6727 2648
7671 4377
9660 2294
3560 8124
6314 9487
1627 1934
9450 7334
3500 5030
7107 8289
9432 8833
5106 5447
6031 6451
9074 2438
5659 7744
6523 6454
5556 8621
8208 8246
51 5349
7615 8846
5891 9923
9844 7567
3477 9236
2964 1562
7199 9404
6728 6633
6816 6518
1259 2348
1626 8983
6770 377
9383 4219
4591 314
8939 8950
5177 9252
3366 4358
8377 9089
5458 8760
2678 8799
1921 6518
6531 7406
9430 8889
2516 1076
9842 411
5171 3668
2291 6128
6912 6921
520 5058
6148 4375
1948 382
6359 2134
4976 4055
2754 6705
156 5265
7497 5219
6651 9334
839 7642
9022 619
4209 3890
4739 6147
7954 3991
6439 7745
9080 503
1171 9050
4626 8209
8730 3177
6331 9641
9156 5192
9848 9389
7081 667
5420 4684
3241 3741
6271 3775
5810 3751
149 403
671 8805
887 9047
8256 9995
2905 8283
7384 2474
832 8830
3906 770
2407 571
7020 8117
122 1771
1574 8255
6376 6924
3248 4114
6833 4961
7405 1469
469 7740
7348 1665
1214 9729
2994 5401
2333 6756
3546 6518
8837 4477
1683 9417
8960 2658
9172 5015
187 7334
7433 8626
6540 6462
7806 4888
3426 2726
2544 2744
6697 991
5118 1420
8108 4313
5013 4727
4260 4041
3665 1467
5235 4253
7645 2547
68 6951
3528 1428
1540 6627
1934 8777
8279 5531
8367 501
7291 1795
1982 9450
7750 3046
8828 8006
6961 1161
1346 2612
5772 2398
5670 8484
768 5760
147 2651
788 6610
1637 2378
457 9343
3858 754
5082 8153
50 3104
848 4464
1033 7206
3766 4211
2508 2194
1622 9583
6613 8740
5602 7649
2970 9668
314 3830
2121 5995
2022 5487
3746 5577
1589 4044
1829 2874
2937 5531
4678 2482
9135 36
2040 9352
7187 5940
3128 314
1379 8853
9542 7551
1149 2093
157 7638
5375 5823
4903 7938
1693 7011
3707 5458
4115 9647
889 4161
6934 8877
5386 2144
7727 2713
2633 5430
4874 3740
5530 7597
319 7104
3712 1919
6188 587
5672 8526
7439 9922
8665 7872
9920 5713
9638 860
5776 5829
8502 7964
5844 4088
7079 6752
5800 9298
3865 8079
1880 9789
296 690
7984 3813
9992 829
7756 8196
3669 5001
6233 1943
9654 1790
6954 6906
726 3353
511 7532
8987 69
1122 1896
2551 7737
5737 656
4891 1155
5516 2065
9571 731
3450 7299
710 312
4839 9668
9808 56
3991 7668
5590 3315
5989 3645
667 5940
1787 9348
5288 4412
530 5761
8541 4625
2928 4975
8495 4176
8857 2475
8666 980
4154 7369
6757 4236
6362 6228
3652 9799
6137 7063
1514 8109
1155 4186
2960 5132
2504 1979
2839 8871
9175 371
6004 2266
5769 4044
421 4421
5061 9786
5759 6485
7663 396
3945 9326
1686 7019
7407 8538
2231 3250
5094 4143
5736 3007
4980 7838
814 6970
2686 7055
7500 4100
6184 3462
5801 7160
7414 9441
7251 7778
9925 4189
6324 5223
1657 4653
5202 8961
3682 7968
4696 4409
5395 3735
9943 8833
7018 8349
2607 221
9890 3076
3384 2839
1647 847
3105 691
748 4061
915 1422
6197 9881
3296 3922
7800 490
3566 3103
6844 1588
345 6294
4640 5805
1525 1095
5818 5295
8273 4306
1892 8377
9215 1542
9304 4424
6287 8939
3851 2853
9475 4716
9245 215
2387 3639
1864 7837
7838 3145
4896 2317
6547 2421
6627 9816
3067 8616
7290 3882
3809 46
6361 9213
2474 8456
8145 6472
7359 7453
7746 1142
6083 5355
4669 5091
5802 4859
8313 4926
1005 8915
3818 6274
1605 6507
7757 9843
8907 2117
8416 165
5314 5795
6975 9428
2833 8824
1709 3646
9479 5077
6621 2500
3230 1370
9348 8474
7313 9531
7442 5128
1866 9902
4119 4913
1799 5494
3239 4841
4770 5765
8220 5868
6598 9782
1617 5940
2688 2125
5506 7251
7076 5686
9413 2806
7067 3644
2204 7069
6797 3651
9987 418
6007 1270
5422 1329
8669 8453
3722 2097
8439 7650
2728 8374
2381 618
7123 3111
6948 9853
4612 7500
9071 4163
3866 9849
8420 2372
2211 4748
8863 8373
5655 3107
9404 4941
5270 2155
8305 1200
2582 8696
9015 5073
9495 321
589 7579
7659 982
6039 4343
7862 6858
7465 6838
6720 3507
7885 2953
6896 4008
687 20
7597 2587
6958 524
6059 6922
7329 8015
7356 4421
1245 3568
1083 861
2764 1944
5102 4630
5720 8016
6940 9413
2579 852
7162 63
4692 6338
3474 6816
2178 8587
7270 5514
8817 4047
8031 8956
2690 3076
6765 310
5895 1709
7436 6240
3184 3040
1114 3513
5481 5171
7422 4055
721 2059
4250 3070
5173 1936
312 9867
2497 9162
2724 6708
7978 5205
682 5922
9787 6950
3576 4651
8142 7666
4897 1967
5254 7802
5632 6378
121 1518
8585 4790
9708 5242
1194 8588
9580 9762
5518 7661
4624 1329
7149 3181
8784 7158
9620 8601
8710 5843
4870 7837
6240 3060
1174 1975
6776 2114
1868 8697
9967 8228
2385 8376
8553 7010
8633 7163
4627 1121
3763 5565
5146 2213
1922 5107
8263 4318
3131 8132
2979 6157
249 848
1325 108
3365 3813
1937 9465
7178 1979
3830 5184
776 5039
9822 9841
7467 2979
2377 8492
4707 340
2829 1562
2440 5381
6065 7104
4389 529
3002 6707
4132 515
3683 1640
8717 1294
420 6974
4886 3949
2976 1606
6857 9423
9754 528
559 1858
738 1605
9686 7196
8661 6970
7775 3600
3135 7270
8931 7086
9747 1651
6006 7927
5621 5294
2786 3993
3458 7666
7675 3134
6562 2104
2282 5766
2386 3127
3140 2737
8902 6120
2850 5976
6970 9668
5186 6354
8774 3913
5677 7284
9066 2433
529 9731
5303 691
2249 1228
963 2658
9693 6627
6710 8732
4966 6178
1218 1923
3222 8634
10000 2548
2775 590
1666 521
278 7734
3404 2251
4104 9191
1898 5647
1035 710
8565 7019
9444 6407
1355 5722
9880 4552
6414 8834
7807 1483
4489 5107
4301 8220
467 88
755 8456
7718 9260
9236 6860
3333 82
2556 7324
4372 8436
9269 9682
6415 6945
3188 76
4436 759
6211 1593
1997 7133
5685 724
6200 2727
4346 2998
9060 8382
1822 1416
8888 7276
7472 9860
4514 4999
6062 2926
5904 744
1531 5934
8331 335
8765 7040
1542 9653
8113 1801
5139 4552
7853 3919
4956 3624
5005 2076
8057 1199
7032 5113
7783 6278
1795 2948
408 8033
1191 7369
228 9702
1076 8111
5594 3829
6212 5030
3775 2009
9467 6033
5975 8833
7945 8161
6504 2610
4775 4924
5862 6425
145 9123
9598 633
8390 6732
754 6931
5433 1275
2070 9527
4509 2049
9740 4486
6333 5556
8280 632
5624 8380
7515 4956
8659 6660
2919 1264
7618 5728
413 2078
9361 1154
2261 6913
2546 7790
3664 6350
7900 6411
4387 8782
6284 6822
6626 3737
3178 6153
1592 1069
9305 5544
8152 4540
7856 3303
619 9975
9828 4749
9229 8773
2593 6156
9568 8317
7021 6021
5250 994
3873 8835
444 6351
2670 6420
8181 2826
6381 3221
1714 5707
3306 1814
5966 689
4358 3019
4730 5876
818 6633
404 9606
4347 2626
260 5060
2004 9152
2611 5659
5955 528
197 6942
4919 9061
4270 7412
1133 7860
1189 3612
109 3422
8430 3377
357 3865
6998 3539
325 6389
4675 5757
8711 6289
8675 1539
1178 9126
1067 3324
3767 6201
3336 9996
8429 8791
1193 4780
6382 948
9077 1709
5863 2915
9615 7948
508 7361
1702 6699
2803 9863
1984 4590
8127 847
717 9825
1475 8403
651 66
9369 1363
7861 5696
1526 9048
7566 5540
3453 9932
6477 2687
7424 7612
3327 969
2345 5303
2622 7187
9624 9341
7559 4368
4577 9189
6058 5566
7877 2705
7134 7323
1160 3796
1196 6670
3623 533
3679 374
4466 7403
9488 3315
8191 9705
2729 3944
7846 2449
7726 6514
7755 8091
2842 5766
9895 1100
4578 2475
6373 6085
1582 6128
7070 74
9 6433
7741 4050
6456 3141
5526 1101
5147 1563
8556 2743
4933 2882
7611 8330
427 24
7818 7509
737 862
139 5265
770 7665
6735 2437
2462 7694
4247 8497
4187 9214
4278 7859
3512 9721
4506 4666
5763 8121
8913 4000
4471 1382
2818 7080
2002 1047
9744 8524
5962 3332
5213 1678
1961 3060
6174 5838
9324 6367
3817 5241
4585 1762
2174 1468
5605 577
9902 1831
862 7908
598 4995
9636 286
2881 6397
830 9535
9905 9120
5570 5258
5478 1125
6798 9547
7480 5073
5180 3085
3886 1831
8476 2015
4405 5803
5950 8603
7908 3974
4009 5338
453 2846
5207 6156
9287 2890
910 7228
137 8213
3447 8951
4507 752
2828 7494
3689 908
7693 3140
2151 8259
5286 6022
501 2348
4736 3894
4063 2836
2727 1047
9583 1185
7002 3612
8943 9578
417 9322
4181 4537
955 4087
3636 6726
5994 8905
901 9786
8006 1892
7710 5489
9946 8588
835 433
1998 9190
859 4662
6995 9219
4878 855
1820 5857
8685 8578
6806 6274
975 3041
1790 1561
5948 1725
5426 3815
666 6261
943 2592
1644 7075
2967 4981
2758 3451
5858 6789
4864 4932
7490 593
759 7566
913 81
6209 9414
4429 9677
538 2777
6147 1948
5007 9910
4227 5107
9870 6498
3227 649
4643 3727
935 3829
271 4120
5835 8511
8402 8998
8524 3666
6766 3007
7646 8962
9530 5374
6590 7209
6645 9382
4109 9475
8663 4581
7485 8
4431 8807
8626 814
455 1679
4182 3113
8398 4678
1146 6150
7427 3973
6922 482
191 3157
9632 4203
9994 6021
5316 4174
7435 3502
2488 6676
6160 3821
129 690
7854 4006
3672 5191
6698 451
6847 286
1673 1132
6315 8987
4859 6676
5383 5817
5741 5894
5714 9812
7176 9035
4355 2680
3949 2283
3256 573
2545 4900
301 373
6785 147
2030 153
4185 9613
2834 4916
4820 2305
7844 1496
5160 3489
8491 1158
6835 5754
9395 5045
9335 1325
2601 6193
8745 528
6436 250
7198 7818
1545 4026
2306 9048
6474 8499
7258 1346
9833 3169
3892 4730
107 1471
8798 8001
7967 8864
2130 1098
1007 4701
4374 1785
5374 3848
544 8234
5579 8163
9396 6474
8657 4279
1336 5504
8698 2257
8927 1616
2684 5122
3969 903
5240 2788
6064 8654
5392 6420
4929 2682
3329 5766
3030 4942
9256 7117
2568 1660
6524 399
1216 522
2055 2030
6911 368
4682 5604
6432 1256
9756 7404
2166 5653
6878 3916
8277 326
6471 4150
4053 8696
7937 6416
5820 4218
8795 1524
9896 6289
8247 2194
7670 856
1090 3548
6703 6043
6009 4589
5610 1063
4581 328
1797 5565
1429 5022
1676 6749
4882 782
3709 2194
7062 9140
6885 7567
8484 9984
2874 1549
9004 7883
6661 5752
6015 54
4705 4501
482 426
7255 1334
5493 275
9351 9713
6840 821
688 4547
9292 8921
5626 5399
623 597
7654 4469
8563 4710
54 710
563 9263
9170 5192
2128 9387
111 4634
9960 6485
1813 2491
9366 6364
3908 8005
4426 7953
2879 4550
7237 1647
612 8974
5841 9256
7331 6132
3778 7930
4984 4172
381 8040
340 6174
9589 1283
555 7268
6753 6140
7716 9094
1749 7891
8500 4871
1190 3082
7689 103
9830 8436
9035 3453
6897 285
9456 8627
8756 8192
9665 7877
1913 881
8929 8688
6987 9779
4816 9222
9813 6427
1008 981
5792 3710
5614 1795
4904 328
3201 3534
3170 7938
5906 8917
1304 1518
8173 5450
3768 4173
2164 9253
2307 662
4588 1829
8561 305
4397 6245
8088 8374
9217 2638
3167 743
6723 9343
1223 9359
9898 113
4983 1598
7154 1617
1523 4523
3667 2387
1428 1280
9507 2002
6066 6702
2436 822
2635 8292
2918 1934
3538 9325
4629 9989
1246 4130
9726 9927
6020 1705
680 3117
2513 1155
4437 9811
4660 4339
1784 3091
1347 312
7050 4779
9387 7480
2804 5983
3783 9407
1050 2305
3872 3791
6741 6378
9134 8103
9213 9320
2580 1952
8125 6167
2224 6931
9206 4926
8744 4096
2445 579
3831 2052
7581 2709
7065 5697
7768 482
3208 848
2453 9816
3354 7376
3253 1894
4807 6504
5780 5632
6111 1538
9648 333
8886 9409
1176 7900
3209 2211
5882 1119
5571 1981
1805 8242
1630 2211
6838 509
6937 5150
3701 1754
5638 7553
7049 8152
8549 4373
5782 5938
1165 3058
1102 2456
8548 9641
9424 6842
6942 9253
9254 8219
9888 8142
3479 1907
9701 4244
907 7812
8409 2934
7171 817
4323 5990
8334 2230
206 7221
6067 6931
2908 1280
9947 4808
1888 8139
9219 9259
2581 3843
4451 9407
5004 7233
1227 8974
9426 1497
9629 7380
9950 1803
7939 8961
5914 6068
2347 5055
7948 3845
4645 4106
9040 3646
3670 1953
4210 4773
3937 3284
7466 4629
8243 4971
7924 2718
9557 495
5842 1275
9804 2885
6567 8091
9976 8571
8288 6970
2510 7665
5498 71
5887 5584
7036 3738
9676 9975
7902 8863
3720 9345
1393 1285
4782 2
9271 716
7410 6138
8499 5825
8630 3113
3504 1857
5881 6353
5462 5765
4138 328
2999 624
4207 8796
924 4388
6870 8871
4684 3123
9115 8373
8203 4472
3392 3288
9829 4820
2232 4550
761 3226
6459 7772
9024 5645
5799 3590
8511 8150
7228 6646
9712 691
5773 7225
3929 4671
7879 1723
2743 6716
2059 9532
5388 6177
1213 9352
1517 7754
3653 4615
5631 6438
1711 4067
9678 3142
8667 5184
1776 9932
5502 492
9873 9394
884 4686
1761 2393
4274 7424
3634 2597
4224 3833
5060 7198
3298 8544
3677 477
6699 9605
1824 6806
5141 2576
824 5548
2246 313
415 2241
7423 5700
4611 3282
5331 754
4035 3101
5851 6727
5418 5664
9311 9284
3031 3518
8538 4947
6294 7262
5560 3954
250 8737
4098 4089
3493 6203
5953 5445
9238 1152
1929 3766
4804 3451
8319 476
4826 4239
8211 5377
3065 4944
2588 1137
3705 6424
6274 7665
2165 2142
2584 1319
3069 6652
4216 1930
1585 7792
8070 21
4869 9344
4818 8382
4294 6073
6500 8549
8134 791
9164 9605
241 7423
8089 4510
3044 1074
8537 8551
5499 8986
3340 5546
4321 8390
3585 8289
2430 6261
803 5936
5676 1554
5108 4947
3377 4922
5922 4699
3562 2433
6655 3124
2691 8824
7698 6434
438 8317
4408 9613
1364 3879
5738 9903
6345 1819
4834 1154
4634 9373
9049 5998
5708 8175
3486 8841
3459 148
1867 4203
1134 5130
6363 5484
6812 415
5461 3741
6277 5817
1516 9388
9710 208
8986 872
4196 8967
3491 399
7195 2615
3055 331
2265 8261
9489 7967
1301 2048
9573 2391
2769 6423
123 6389
6332 1223
7585 4117
9750 3946
2650 6383
6492 3401
7074 6588
9851 1874
7218 6423
8418 4083
614 9972
4522 5296
6862 9166
5767 6350
5939 3286
3016 769
3009 6814
6234 5536
3025 9263
843 8330
7217 6283
2760 7746
410 1683
5706 2346
8871 6283
5532 6383
9171 7673
8432 325
2674 2933
416 8425
2119 9688
9821 2377
3337 663
4733 8957
3533 9184
3015 1334
587 3140
4679 883
8122 8483
6577 5903
5337 5818
7131 5508
9045 2557
4413 3724
432 7947
8482 5265
773 6183
6550 2779
8956 806
7190 8665
7315 5778
8878 8507
7637 7313
8769 8243
8892 4757
7911 6064
7041 6985
4056 7551
2980 9715
2695 5307
6478 781
6312 7103
2452 8152
3220 3190
7209 437
5625 2235
3032 5145
8674 8349
3563 2283
9044 4193
8014 1332
4890 2218
2882 1537
8743 9546
2044 8001
6177 9931
6801 6825
4517 6912
9837 8244
9868 8895
7547 1591
7604 6718
5920 8349
9953 3172
6511 2040
3249 5598
8129 9413
9913 4683
2248 6313
5963 7553
4186 88
407 1859
3718 5877
6266 6792
7510 6808
4688 2296
5837 331
8672 13
3510 3152
6360 7795
6875 4701
3855 8257
9210 6298
2008 8413
4638 7481
1742 5818
8600 4564
8552 7550
1681 8713
5424 7566
3166 9529
2565 3905
8452 5936
6863 2844
304 6541
1269 7028
7752 5449
5209 9930
3430 1296
6834 423
547 9867
4575 6709
9801 1142
7367 6953
9436 5007
1527 4108
6254 4756
2393 3083
2595 2044
1452 6853
7977 2017
9325 354
7667 6586
9885 4150
2793 418
5900 668
942 2377
7530 2630
6272 6732
8856 5023
1753 8492
7347 617
842 1549
8576 5993
9463 2059
3475 5432
5128 6420
5750 8577
1254 2666
3826 3341
2749 1025
8456 2660
4525 9290
378 991
7579 7663
8702 7056
8213 7581
450 9123
1739 826
2099 365
1586 3386
2489 7173
4113 8320
7235 8763
4583 9405
4052 6733
4204 189
9446 279
3260 7086
4492 8242
3325 6498
2767 9236
4755 9165
6026 1256
9809 9721
8834 9975
1016 4121
204 8773
8532 4527
4879 3094
3923 8995
3464 4494
7444 6752
1431 2365
7537 517
705 2906
7899 2132
8612 5915
9435 219
3163 902
8942 6532
7005 9333
5198 898
3401 9816
5587 7361
7308 1439
2615 6156
5822 5111
8236 2320
9007 4165
2135 1739
8369 4561
7955 5455
3407 7754
7275 9371
9054 4161
279 2806
7014 6931
399 9531
1267 7481
3882 4999
7652 7302
4371 9077
833 3623
9309 8832
1690 9034
9847 6737
9257 9923
2569 9458
3353 2466
6344 421
4192 3553
3121 5858
3175 6318
5241 2709
208 8747
6265 8871
3295 1555
1568 1467
1152 9834
8381 4510
1170 2911
3879 8682
6693 8761
3543 2214
7153 555
5271 8086
5285 6235
5248 5677
1022 8711
