100 4950
47 86
61 43
88 21
100 90
23 94
64 14
2 14
61 44
56 50
75 57
51 60
45 3
86 78
67 32
26 11
95 16
32 86
50 13
31 56
58 86
51 53
89 88
1 40
49 80
75 19
60 24
10 75
39 94
32 80
30 79
57 71
85 71
46 92
74 77
27 62
82 79
19 83
20 40
43 47
51 41
93 64
24 72
94 33
53 29
94 50
84 97
42 84
45 2
60 95
74 67
17 76
53 15
47 19
16 5
88 61
88 71
16 51
85 24
15 36
87 36
1 76
42 91
87 15
88 10
65 87
93 51
36 56
25 46
94 5
37 36
14 76
70 48
68 46
81 62
21 57
54 92
74 53
43 57
71 60
88 39
16 70
77 75
11 2
28 52
39 51
17 30
2 24
6 40
96 67
18 49
23 88
10 65
5 26
39 79
20 78
82 10
8 61
37 76
53 48
88 13
15 67
77 51
40 48
59 82
26 83
47 3
36 97
16 68
35 62
35 34
59 55
56 81
41 17
4 8
57 84
23 56
61 87
84 99
19 53
64 16
74 43
39 29
97 9
62 53
16 28
82 96
55 3
72 60
81 92
91 38
28 37
41 55
29 43
98 74
100 54
74 29
78 8
95 50
75 80
90 8
47 94
75 65
90 75
80 19
11 69
59 79
34 45
72 98
40 58
44 72
53 58
21 52
17 36
90 59
33 74
34 77
41 31
32 68
70 72
26 41
5 36
26 65
15 90
6 10
65 22
28 43
2 64
93 40
77 58
100 62
58 84
69 22
29 44
53 46
98 46
55 83
45 40
13 42
92 13
26 44
71 12
29 27
22 89
51 33
50 72
1 75
18 90
69 55
67 35
47 82
70 23
93 19
1 46
29 80
49 23
48 9
36 99
86 23
38 87
98 26
26 3
27 94
42 53
32 97
81 9
51 36
41 3
27 1
39 82
23 30
45 75
57 35
80 70
55 23
66 41
43 27
30 59
2 80
31 52
20 85
21 35
12 14
85 21
78 38
33 13
70 51
58 11
99 67
87 67
23 14
71 73
70 47
5 76
9 49
77 45
70 7
79 31
60 64
29 9
46 95
91 85
92 64
88 100
68 42
51 73
75 3
48 69
57 37
74 76
81 31
10 15
10 11
83 53
18 59
71 58
92 24
46 23
43 20
52 74
15 56
46 100
55 45
62 93
99 8
76 90
73 36
79 40
16 8
74 45
89 54
78 47
7 24
79 67
11 7
79 6
88 84
30 73
77 48
34 93
37 96
84 17
60 79
38 36
57 83
76 63
48 57
77 47
28 20
3 21
7 13
3 7
29 76
43 32
25 70
46 10
54 66
2 18
38 75
52 58
99 2
96 79
52 17
39 64
65 54
62 30
66 27
77 60
8 30
53 22
82 6
67 19
23 40
92 1
2 5
24 79
77 79
46 5
68 34
42 98
27 51
18 56
65 39
32 35
87 64
100 99
96 34
51 10
52 93
38 99
22 8
32 62
58 48
88 34
48 52
73 70
19 20
21 93
3 27
22 11
91 94
17 93
56 44
79 54
75 25
11 5
75 42
3 16
47 73
18 97
27 75
92 82
33 88
69 80
93 4
23 26
21 55
13 53
18 40
83 44
14 67
91 45
73 83
23 81
56 92
95 84
35 66
28 31
56 73
25 27
61 67
94 10
7 79
60 87
14 45
74 40
1 15
50 89
73 17
16 76
5 99
13 59
30 60
36 82
36 2
18 86
28 6
29 81
27 47
9 6
3 1
14 35
37 74
39 28
6 58
34 72
34 48
34 2
30 10
32 25
86 31
3 34
24 29
63 25
7 88
1 89
67 40
41 29
1 32
12 18
38 31
19 8
95 63
92 88
48 21
12 35
7 82
41 47
41 39
46 47
50 78
1 73
49 8
73 42
7 100
65 70
28 71
30 19
96 59
52 47
54 96
98 53
52 54
97 79
27 38
97 25
71 92
64 46
24 69
84 60
37 3
73 44
39 99
66 84
68 73
54 73
66 100
75 89
58 61
88 95
48 96
92 37
4 3
60 39
24 45
56 64
42 44
54 67
47 20
85 79
59 28
22 42
37 24
30 77
7 47
28 84
67 94
62 36
33 23
86 13
12 38
65 34
55 88
63 81
44 96
75 13
7 54
19 82
71 6
25 49
11 52
28 96
64 79
58 89
8 97
91 65
61 17
72 91
63 29
64 82
98 76
65 60
3 65
8 5
67 4
26 93
14 57
94 54
39 13
86 24
48 8
100 2
31 99
95 31
42 87
53 47
72 4
38 86
43 86
20 27
44 6
78 12
10 44
2 82
96 14
52 99
1 72
60 73
51 75
74 80
38 80
68 63
81 77
89 56
53 18
78 70
46 89
19 18
48 37
90 85
6 37
60 44
53 60
87 56
41 50
72 31
95 81
28 54
40 38
20 55
24 15
95 99
3 29
79 98
99 59
13 91
80 41
78 96
37 63
80 62
52 51
23 52
58 49
83 11
59 56
1 55
28 58
73 24
92 2
62 3
21 86
87 26
12 11
7 61
88 80
64 74
97 13
27 36
79 14
49 12
7 23
33 18
23 3
87 7
62 95
27 63
77 25
11 90
21 16
100 8
28 61
71 62
13 14
69 32
42 15
41 23
50 88
5 49
35 20
69 63
11 48
42 89
74 17
9 64
67 2
59 62
37 34
94 79
42 5
44 48
66 98
4 35
25 11
99 33
34 17
80 13
16 30
89 6
1 6
15 98
82 1
37 43
7 25
83 32
80 100
10 69
46 34
80 21
76 12
16 46
44 55
91 8
44 43
80 71
35 65
3 56
93 56
100 13
24 76
59 11
41 43
69 53
48 28
2 72
44 24
19 34
40 37
44 74
57 3
95 2
18 29
93 33
31 48
74 34
33 68
24 57
12 15
30 57
78 34
91 97
55 68
13 35
64 28
77 27
42 72
71 11
92 27
47 98
68 35
50 6
40 86
66 21
8 34
47 97
21 94
35 64
18 7
88 3
1 61
12 65
19 85
54 69
42 46
10 52
15 26
67 47
6 48
90 86
64 90
65 49
97 38
31 17
24 91
85 44
54 12
50 80
64 75
6 60
90 45
85 92
17 86
56 25
37 62
61 42
57 50
50 93
59 7
29 23
47 45
52 19
40 100
72 17
69 35
98 84
87 45
14 95
96 72
79 52
44 65
100 11
38 16
87 32
23 62
17 3
56 24
50 35
59 44
46 44
50 53
19 57
60 74
20 13
24 65
7 93
28 5
5 70
40 28
33 48
1 48
64 89
68 31
32 58
18 1
68 94
7 19
67 89
91 68
55 85
18 93
38 44
14 28
11 70
99 46
53 2
29 11
92 69
31 20
64 27
94 65
40 32
4 24
22 88
44 93
50 90
22 94
32 70
78 6
63 38
90 40
1 13
74 95
57 32
88 63
16 12
57 77
22 39
28 9
62 22
20 80
96 80
14 65
94 96
41 44
3 32
69 6
46 65
68 12
55 42
59 92
83 18
81 32
66 62
10 47
64 43
61 50
52 80
15 81
35 63
38 69
51 28
50 97
14 94
70 17
63 75
49 2
32 56
44 68
27 82
75 7
11 9
40 11
96 2
31 67
34 83
96 26
80 31
22 17
20 15
72 28
13 98
80 30
22 56
56 72
71 7
79 92
4 81
95 96
16 44
98 48
96 86
14 63
8 38
77 86
4 65
30 20
7 58
78 66
55 25
31 10
24 71
47 54
96 27
5 17
32 49
30 49
22 29
49 51
91 87
45 57
9 82
45 54
61 45
80 65
71 84
86 84
79 68
100 65
57 36
16 58
7 42
45 65
38 4
30 69
96 56
79 51
62 50
36 100
6 46
10 38
76 69
53 26
36 11
54 83
64 80
93 65
84 54
12 100
40 83
86 65
50 19
43 17
29 12
22 31
37 77
26 18
99 94
15 89
92 90
8 13
51 85
66 79
5 45
36 85
56 33
63 24
94 24
39 96
4 99
21 78
43 19
4 97
48 51
63 47
54 77
17 68
42 30
41 97
46 41
59 100
29 58
79 81
64 67
8 75
16 67
13 43
89 37
57 76
29 15
59 39
22 70
29 36
21 96
73 20
77 42
99 61
3 85
71 9
7 39
30 72
16 97
91 18
27 88
86 75
44 15
60 56
80 84
21 84
89 8
23 90
62 94
4 52
21 97
20 33
56 94
27 73
2 10
22 97
96 15
1 2
89 97
67 11
96 97
98 45
48 2
70 56
69 8
12 33
88 43
78 71
74 18
34 25
12 85
92 6
72 15
49 85
14 33
49 70
66 23
56 21
71 42
3 10
76 81
34 14
37 85
10 13
4 12
47 93
100 47
44 71
27 90
94 97
61 30
91 4
69 67
88 24
72 67
98 2
22 63
90 2
51 38
87 89
54 1
99 47
22 7
77 88
88 40
60 93
70 39
87 62
61 81
1 100
42 6
37 39
49 94
99 35
26 31
69 97
36 69
48 72
89 7
68 86
20 44
89 60
33 96
48 36
27 53
82 30
32 85
68 56
31 78
27 81
98 41
58 37
76 72
49 14
34 67
99 78
85 28
38 58
63 79
72 90
47 49
45 72
49 57
30 29
54 97
49 41
47 69
6 100
36 64
62 17
7 86
94 41
64 15
53 64
58 43
14 58
59 21
9 75
10 63
25 98
42 47
44 88
58 5
58 64
51 3
80 95
99 87
40 7
53 9
75 31
83 41
28 95
35 22
21 38
64 18
5 19
56 11
16 43
56 5
4 89
42 38
93 24
43 98
24 70
72 71
46 76
89 78
67 5
3 96
10 37
84 18
81 17
10 90
54 13
18 11
50 16
52 39
71 38
69 93
86 42
66 17
51 100
14 20
3 25
14 37
74 24
39 19
12 37
52 57
42 3
34 62
89 90
70 42
95 65
42 19
11 81
9 26
53 41
68 23
44 66
18 65
29 84
17 65
81 21
32 37
49 31
29 69
9 62
71 82
63 91
74 19
90 49
44 92
35 31
1 56
26 68
54 75
50 31
4 87
1 99
6 2
51 2
83 20
13 21
78 17
34 58
6 14
59 2
65 52
56 100
29 89
58 10
54 62
43 3
13 55
31 92
21 22
95 12
43 97
37 83
58 66
6 96
73 19
66 6
95 20
35 58
98 10
40 96
15 84
96 90
53 49
48 68
16 7
99 73
79 1
85 87
7 80
48 92
19 2
47 35
68 57
39 55
24 25
87 48
64 24
12 8
48 60
4 36
42 57
47 85
27 15
40 53
23 8
90 43
69 84
91 39
99 96
84 13
14 47
89 59
29 25
89 79
15 4
18 43
13 25
4 75
14 3
91 9
58 88
80 59
88 64
97 66
74 48
59 69
100 16
57 5
78 11
11 31
33 52
95 53
66 28
27 6
12 46
60 7
31 51
18 75
99 48
70 15
37 69
74 70
69 16
39 62
93 91
74 32
31 60
11 44
99 17
100 9
91 16
44 64
61 73
45 50
84 62
1 12
100 15
57 55
30 90
8 64
10 66
92 86
49 98
66 87
62 70
90 81
51 59
29 50
85 30
55 7
100 94
90 53
85 7
33 76
56 62
95 26
92 7
12 21
58 74
15 9
29 61
73 62
75 70
30 76
55 51
28 87
2 77
79 21
41 33
13 51
96 71
98 96
53 82
91 19
30 46
100 83
30 52
71 81
92 61
41 20
82 41
32 75
13 68
8 59
75 5
53 32
23 79
100 58
6 5
88 67
7 15
27 56
63 82
76 83
61 93
23 1
2 47
85 81
73 10
72 75
100 85
14 4
88 46
19 88
8 98
39 49
75 67
59 29
8 58
42 81
73 93
25 92
72 49
24 36
39 25
52 81
53 96
92 100
73 77
19 56
56 45
11 79
81 53
37 5
19 21
55 19
48 45
30 11
26 78
58 75
21 74
24 84
30 32
73 66
92 18
1 14
33 49
34 39
96 62
49 55
13 23
41 18
12 22
48 75
52 53
71 89
84 39
73 6
3 87
78 60
40 91
63 50
84 1
50 7
43 48
26 91
6 52
80 58
26 27
26 69
38 57
54 18
17 92
49 73
42 95
85 5
5 80
59 35
39 26
66 13
45 93
58 21
31 88
14 21
23 87
99 50
67 78
29 4
14 82
56 34
32 16
37 31
72 99
52 94
72 94
75 41
19 4
72 5
71 66
25 76
75 39
51 37
11 98
9 25
61 5
27 39
75 88
59 5
17 82
40 29
45 46
34 26
60 22
85 52
30 98
46 19
17 45
9 60
44 95
38 25
40 68
68 64
55 96
29 99
70 93
79 20
52 22
80 22
66 47
8 51
46 52
27 58
71 53
14 8
53 34
14 31
47 36
61 6
86 88
54 56
67 91
79 45
53 73
87 63
15 57
42 94
23 54
66 50
84 46
42 35
21 100
32 36
89 77
95 61
41 87
13 71
38 74
16 87
47 33
75 74
71 4
78 40
68 1
45 27
7 51
35 16
80 55
80 12
33 78
6 75
86 48
46 3
79 36
77 39
65 9
89 32
61 16
58 12
52 60
73 92
96 64
27 18
73 50
52 16
4 25
17 58
63 77
45 33
93 79
26 17
95 98
68 75
51 76
27 68
48 95
87 10
5 86
74 73
1 74
82 46
91 81
78 14
44 81
56 71
10 42
31 97
21 98
17 14
21 54
52 62
28 23
90 62
51 57
83 23
39 31
52 50
60 19
34 98
98 18
30 24
71 37
37 45
52 38
73 25
88 62
90 55
76 39
59 60
18 22
45 99
30 94
78 64
80 27
52 59
34 75
92 57
90 31
11 20
21 37
36 40
99 53
61 48
58 79
43 100
1 33
41 62
38 94
71 14
61 38
82 35
8 94
56 14
95 91
13 45
13 41
44 1
70 31
76 43
24 13
67 82
2 20
76 77
54 53
24 39
12 97
70 27
69 33
45 25
11 43
58 24
22 66
91 5
14 88
33 83
88 53
95 54
40 26
1 63
88 90
67 92
68 84
17 85
85 96
12 60
69 18
75 17
70 2
68 93
85 16
49 35
19 24
26 84
21 49
72 95
66 11
78 4
96 93
37 54
100 28
91 82
60 18
86 80
100 72
33 36
28 1
76 7
30 38
90 74
25 61
99 7
58 72
79 22
70 76
100 98
90 3
34 38
78 53
25 81
20 29
62 68
68 25
15 52
7 10
58 3
85 89
13 30
15 86
82 60
87 30
83 17
61 35
49 46
93 22
99 21
96 43
1 39
51 86
39 87
73 15
73 98
49 82
30 78
57 91
14 16
44 25
68 14
44 5
25 36
21 91
28 2
46 90
91 51
38 39
9 3
62 18
94 75
72 40
2 61
57 100
78 45
67 13
87 13
52 18
6 4
60 98
59 37
36 1
50 44
68 87
100 70
70 55
83 29
49 54
36 61
38 70
77 85
36 26
83 95
68 66
30 75
35 2
11 72
90 79
49 44
5 25
99 3
20 90
82 90
36 89
11 82
63 99
25 96
76 65
4 42
31 19
5 88
30 4
1 97
26 58
87 50
19 10
87 22
27 12
91 36
67 55
95 40
42 32
29 91
53 1
12 40
36 22
96 41
92 5
10 61
15 63
82 28
33 28
82 42
63 73
61 11
42 97
32 38
11 76
96 4
1 77
25 69
30 100
16 57
40 49
50 86
82 26
69 41
84 44
17 79
31 24
84 12
47 88
72 82
69 64
56 2
20 46
73 97
71 91
35 46
93 35
27 34
77 28
74 36
80 3
9 12
61 20
33 32
57 79
80 45
21 24
97 92
5 32
83 21
69 17
10 60
43 40
44 23
60 76
96 8
62 85
16 90
93 75
38 18
59 49
81 98
50 71
25 100
38 28
64 29
37 46
4 94
65 42
27 50
6 38
100 49
19 71
2 15
35 23
48 78
15 8
93 54
4 76
39 32
54 27
100 77
23 78
82 25
81 51
81 89
9 70
95 13
42 39
50 37
1 4
85 80
92 72
63 80
27 99
98 83
24 61
66 61
96 9
43 1
5 47
63 39
61 75
31 36
84 85
4 85
61 97
70 12
95 89
16 37
16 53
41 48
49 20
1 67
82 51
99 74
40 50
5 52
55 61
54 35
71 93
95 87
34 59
49 10
66 4
10 12
64 65
66 33
94 98
9 32
51 34
80 37
97 5
6 29
35 98
75 79
18 13
37 11
98 44
62 6
31 9
31 5
38 66
18 21
56 91
77 52
12 36
92 87
15 48
81 7
21 33
10 70
57 96
79 72
68 38
76 21
46 39
36 78
2 87
43 10
23 73
41 88
35 17
92 34
5 63
51 97
100 38
95 33
84 61
17 90
94 34
11 85
29 21
6 59
91 77
43 78
47 81
50 58
25 99
47 92
89 3
95 4
32 48
50 24
92 63
37 7
30 84
96 66
72 74
34 90
43 77
23 5
12 77
73 21
96 32
60 57
34 100
15 94
1 19
91 52
80 51
24 8
2 78
69 49
9 51
6 45
80 54
1 58
34 85
53 25
22 96
50 77
29 47
13 17
53 77
51 71
98 97
29 45
20 23
52 96
10 72
71 15
32 18
76 2
21 60
78 24
39 12
78 10
83 82
100 60
6 84
37 23
64 33
100 96
77 59
33 98
39 45
14 29
59 75
41 8
52 76
92 41
77 38
82 4
70 86
36 67
61 14
26 48
29 100
75 56
57 44
31 96
41 72
68 83
86 34
95 27
53 66
94 69
51 63
50 49
33 10
88 48
94 26
99 65
10 25
75 52
97 63
63 7
15 62
60 99
97 86
87 74
48 59
80 92
46 33
52 49
96 35
4 26
13 62
20 97
22 84
4 16
55 77
54 85
64 41
84 52
28 47
100 93
7 91
44 27
20 67
34 61
74 63
82 93
52 89
78 37
40 33
88 38
80 11
3 78
39 40
11 77
26 59
98 89
8 7
51 1
28 49
94 17
94 58
37 95
20 50
5 9
38 35
17 47
34 69
85 6
20 63
56 85
24 3
66 30
13 22
93 36
71 32
20 98
64 38
74 9
11 62
99 16
9 38
40 8
63 36
45 8
73 90
71 65
15 68
2 7
73 8
75 46
67 83
34 60
92 50
40 30
36 88
51 68
73 28
20 96
88 66
15 34
37 42
79 83
43 93
59 31
93 94
92 68
61 13
20 69
9 56
83 3
26 7
13 58
60 14
12 43
23 75
14 32
69 71
79 43
71 86
8 6
92 19
60 15
39 54
33 54
22 45
9 35
72 37
99 23
46 40
73 22
31 23
61 41
13 19
17 80
48 89
33 16
37 98
43 42
35 87
23 61
42 34
58 76
67 84
69 57
72 19
44 80
51 98
4 60
70 71
99 54
49 27
95 86
28 70
40 62
38 46
15 43
46 86
62 42
44 34
67 25
35 84
3 66
59 15
90 57
35 86
74 66
19 79
69 85
65 81
78 59
68 10
89 76
64 97
34 52
72 53
21 69
66 72
26 21
64 40
61 86
97 11
80 98
19 35
69 96
36 44
24 10
58 9
88 94
87 1
88 18
88 51
79 74
46 54
74 56
62 48
63 72
65 92
58 55
65 25
51 24
13 16
14 10
9 88
67 42
35 52
32 11
49 19
48 47
90 99
70 92
63 53
8 33
7 31
91 41
6 76
55 60
49 7
88 91
25 35
73 35
89 16
41 38
14 46
58 25
89 23
87 20
81 37
88 8
21 68
66 90
33 73
2 12
47 8
27 72
49 13
8 71
56 78
6 17
25 12
95 64
57 86
5 71
83 10
18 71
89 9
70 58
68 76
93 12
70 60
36 86
42 99
78 83
25 88
32 4
32 65
76 64
68 8
94 85
54 32
82 8
17 15
62 19
36 58
97 39
26 42
2 63
79 69
64 99
61 22
84 32
3 73
92 20
38 93
76 47
60 97
8 50
96 83
22 34
81 26
61 33
42 60
69 88
9 30
11 15
48 19
12 73
36 3
67 53
20 17
68 67
85 64
49 77
19 54
60 68
30 14
50 51
3 59
1 29
45 19
16 42
34 64
79 33
20 56
81 40
51 61
98 59
91 27
11 96
32 61
69 83
29 86
51 64
29 73
15 76
83 15
6 56
84 53
72 38
73 64
89 19
85 99
9 36
22 91
89 41
72 13
55 93
79 32
68 29
58 97
25 60
89 49
62 2
89 33
44 14
69 13
85 2
3 48
96 74
2 33
41 84
84 70
80 18
39 16
21 71
47 71
50 64
55 40
86 93
97 33
57 89
82 32
61 9
28 89
77 72
10 85
39 81
69 56
21 95
71 39
14 5
22 83
45 67
52 37
56 38
3 22
10 29
98 52
55 71
56 16
66 29
56 98
16 24
65 97
41 12
63 18
1 20
6 23
39 2
43 9
90 54
33 39
16 41
7 21
68 19
26 14
91 33
54 44
70 87
17 96
49 56
28 25
65 88
17 21
24 47
75 44
76 19
46 13
71 74
46 17
55 32
47 15
34 80
15 5
81 69
12 42
2 73
82 61
80 35
44 90
51 99
74 65
97 30
15 75
11 95
74 55
54 82
38 84
82 24
32 52
6 36
99 83
14 72
48 25
38 5
59 93
4 88
38 15
68 95
39 53
26 46
88 6
34 89
90 68
38 13
19 17
74 22
19 69
94 25
52 3
49 63
21 53
68 47
16 74
97 53
1 57
53 93
49 64
36 18
14 85
60 5
9 2
72 32
25 19
30 50
79 47
96 81
83 77
22 14
63 94
46 2
18 9
45 83
28 90
29 32
86 72
20 52
20 70
23 42
47 61
87 83
89 18
64 32
74 20
94 89
4 98
92 15
20 65
18 57
42 9
55 5
58 46
51 19
98 77
83 13
89 69
96 42
92 43
10 89
91 74
88 54
91 60
97 49
78 62
32 94
32 51
21 62
26 37
79 46
76 93
36 21
99 91
71 23
17 16
54 48
83 61
5 81
79 26
53 89
96 1
39 30
63 66
54 76
69 1
67 60
9 8
92 51
96 88
85 50
43 83
54 24
81 13
56 79
38 49
79 73
7 84
84 20
54 70
85 73
87 76
94 2
92 76
1 95
91 43
16 80
85 8
77 21
30 44
60 62
77 35
50 96
14 87
19 28
18 28
21 8
24 75
34 32
16 77
76 40
78 81
71 25
11 1
94 76
90 70
57 65
31 64
86 98
1 88
17 23
15 18
44 33
28 76
75 28
70 96
25 26
37 9
18 17
62 92
59 42
15 30
66 95
93 30
30 54
75 20
2 8
72 25
58 47
96 13
56 35
39 18
48 14
3 33
52 14
66 7
79 2
33 87
49 96
9 99
3 31
25 90
37 66
39 92
20 51
90 26
31 42
17 1
80 10
67 43
11 86
50 25
22 47
41 28
7 53
15 13
87 52
31 98
49 45
63 52
4 34
53 43
3 79
6 70
65 1
22 92
21 65
60 32
82 38
39 90
60 3
41 57
3 8
18 37
30 95
87 37
67 93
63 56
11 84
58 15
70 57
88 30
8 57
74 14
27 23
82 40
91 89
55 97
40 21
48 23
94 43
78 32
71 98
74 81
50 5
20 16
79 35
77 10
14 54
82 52
58 68
1 85
74 62
99 81
50 91
66 56
59 68
84 4
78 19
64 57
15 49
4 28
72 36
21 75
80 99
11 63
59 81
32 15
97 90
38 43
28 78
25 83
30 58
62 67
43 69
78 58
9 92
14 70
43 73
24 34
14 86
26 99
93 97
69 98
41 99
76 32
28 45
84 87
24 96
24 99
88 15
87 98
30 53
81 38
79 71
2 52
87 100
25 15
9 86
84 48
9 50
49 78
71 22
42 85
49 60
37 100
97 29
54 17
85 83
87 40
42 40
50 42
26 29
65 19
14 66
25 21
73 100
31 12
5 7
92 14
59 76
97 68
46 9
64 30
11 41
93 72
1 47
97 14
45 16
14 84
26 52
13 93
25 6
7 90
26 2
20 91
71 33
59 64
80 14
36 94
15 93
50 54
45 85
57 97
40 2
94 78
69 27
34 1
88 72
46 22
28 79
71 34
72 81
46 72
34 23
58 62
31 77
37 64
87 96
42 11
73 69
4 2
32 93
74 31
86 33
26 22
72 85
96 47
45 11
11 16
18 77
68 3
95 85
86 85
68 98
44 99
15 66
61 69
99 75
39 73
17 71
62 65
66 1
46 96
7 62
16 22
13 48
27 87
87 88
56 29
5 27
47 18
43 65
67 22
52 45
94 44
86 45
87 8
4 43
69 66
20 7
61 78
21 39
47 34
18 51
58 56
3 93
12 86
50 4
30 86
95 90
29 46
37 55
65 8
38 90
51 69
18 76
44 18
53 14
29 70
49 74
71 99
68 20
76 22
43 14
49 99
95 5
87 17
12 32
55 87
49 17
71 77
35 94
40 73
28 29
56 76
46 55
99 10
94 19
77 17
21 15
30 28
93 98
5 65
66 25
72 83
7 95
82 56
11 93
28 92
25 22
52 64
10 95
66 89
99 15
91 17
94 87
11 91
61 65
81 14
84 78
52 12
25 37
95 67
5 39
62 89
94 81
53 17
12 79
35 88
59 46
97 52
28 93
93 88
69 9
23 21
31 2
55 56
68 30
1 91
71 52
55 64
15 77
70 26
26 55
10 93
1 98
78 51
60 96
29 2
57 85
48 50
93 87
21 46
27 8
45 38
71 67
48 73
6 22
13 4
31 16
55 8
13 79
11 47
40 99
19 16
28 86
5 20
15 33
49 87
27 60
47 87
78 18
24 98
63 4
97 62
54 36
17 7
65 89
55 89
57 40
95 56
62 38
75 92
65 31
43 82
72 59
5 89
46 78
19 22
53 87
44 7
60 54
74 85
9 34
98 82
78 73
52 92
6 54
15 82
13 27
98 65
100 61
36 42
41 90
78 88
22 37
83 58
53 56
51 35
34 81
31 63
83 12
44 52
90 1
65 53
79 53
81 48
67 86
48 29
68 43
11 60
74 92
20 45
16 63
59 22
18 14
31 93
100 10
81 24
57 67
39 58
5 53
23 22
22 10
67 77
62 77
97 80
12 45
49 66
53 75
81 83
8 74
16 23
21 30
68 37
59 86
47 56
57 73
19 29
83 74
43 24
100 20
61 56
34 76
94 11
9 7
52 29
35 48
86 62
80 72
88 56
12 69
51 4
54 58
84 40
17 95
23 76
35 15
68 96
40 35
67 28
19 97
26 1
25 86
40 51
44 89
61 68
49 95
87 69
43 55
65 47
56 13
17 25
84 47
72 69
77 90
89 61
30 81
45 89
45 64
34 91
62 69
7 94
92 26
97 27
74 86
31 82
89 24
45 95
83 97
76 61
47 21
46 27
41 81
58 19
79 50
57 63
77 99
88 52
98 14
39 8
17 59
92 32
97 71
12 23
91 78
54 16
9 40
54 91
94 16
70 53
56 43
71 40
27 48
12 92
11 35
70 91
59 54
10 53
10 45
10 97
14 93
16 84
39 56
63 55
34 5
90 5
98 61
54 63
72 29
67 18
61 63
42 83
26 97
28 27
15 16
66 65
11 14
73 41
4 79
53 12
70 52
67 59
77 26
55 84
48 71
97 24
84 49
5 33
93 89
31 87
29 55
4 20
62 99
69 4
57 33
12 98
19 100
88 85
45 26
89 47
29 71
40 89
23 91
45 31
78 68
19 11
80 60
48 94
67 30
21 9
84 9
99 98
9 10
11 92
57 27
86 87
67 12
43 49
42 64
30 18
32 77
34 21
2 43
41 24
35 70
90 91
56 41
20 10
65 73
63 8
70 82
50 75
86 27
54 72
10 67
11 27
14 38
48 76
92 49
42 29
38 29
96 36
62 55
71 100
27 14
66 48
78 35
49 36
4 70
69 15
84 93
31 47
29 13
71 3
67 33
91 32
44 77
34 10
70 85
13 37
100 45
92 55
23 47
78 29
3 19
69 75
41 9
74 94
91 58
37 53
56 90
18 34
26 61
30 92
29 7
8 29
76 50
83 94
46 15
41 25
31 27
10 21
62 12
73 95
88 99
100 23
50 10
60 92
23 9
26 12
79 25
98 58
11 50
42 49
2 55
8 66
67 70
7 69
90 13
55 34
45 68
79 100
100 42
83 59
6 65
12 19
90 24
42 27
63 6
76 10
43 85
57 23
52 67
89 2
39 67
36 46
56 84
37 97
87 72
50 59
67 50
26 28
80 57
65 69
13 9
75 82
88 70
54 71
74 41
55 76
42 66
41 60
72 33
7 27
25 54
65 67
80 56
39 50
22 77
74 30
10 74
59 97
4 59
34 63
37 70
65 82
86 37
48 30
27 17
11 8
51 66
20 93
65 36
83 2
9 45
34 82
45 81
18 95
29 95
24 1
81 66
4 61
23 58
41 34
16 88
94 80
20 89
9 20
86 1
89 12
90 65
16 96
99 86
45 97
88 12
95 34
17 28
95 35
54 5
23 63
8 1
37 88
16 81
94 18
27 24
64 20
82 16
39 9
39 3
36 53
8 20
29 33
17 60
77 20
79 48
77 4
28 91
64 12
57 20
94 37
100 76
22 64
1 7
10 1
61 27
71 1
2 30
16 48
20 6
82 44
6 35
41 68
34 66
73 75
49 93
24 87
39 11
57 88
19 64
28 68
62 10
29 37
91 59
94 86
22 54
9 55
56 67
62 46
59 27
11 21
75 97
51 30
50 68
38 2
98 78
32 10
62 83
76 88
78 93
65 63
43 72
1 9
47 38
81 54
81 49
36 52
54 3
47 55
4 48
32 20
3 86
42 76
26 30
55 10
4 86
16 79
83 27
16 75
10 81
20 25
9 22
81 3
9 63
73 4
47 39
80 83
20 22
77 66
41 19
84 3
15 79
41 30
93 58
8 72
84 74
31 30
69 40
54 8
43 25
17 55
4 56
29 17
89 51
7 30
82 77
55 38
45 32
7 28
90 83
51 12
4 92
60 13
15 37
51 43
64 21
52 95
83 7
69 95
8 80
5 69
79 88
38 26
23 64
35 36
51 42
63 96
95 71
33 82
77 68
40 92
22 51
35 45
25 84
42 93
13 89
96 51
54 11
48 82
44 32
67 97
48 55
38 67
72 65
99 89
89 30
100 5
80 67
47 83
12 55
20 99
23 25
25 80
68 52
53 91
19 36
85 61
72 78
22 44
31 33
41 1
29 57
74 39
1 22
76 78
18 42
67 41
94 60
37 82
35 5
71 90
35 74
73 86
38 85
17 39
5 10
77 40
33 70
95 78
62 72
84 72
3 11
98 5
54 15
55 15
22 81
86 41
84 27
59 45
78 82
76 97
8 53
57 95
39 72
15 19
50 55
96 23
65 2
50 33
70 19
76 99
37 8
99 28
49 37
11 89
38 65
26 76
4 49
44 47
86 81
65 59
30 71
94 20
11 13
51 15
83 24
79 37
55 16
20 12
92 38
16 86
9 4
65 28
96 5
42 24
80 81
22 2
17 44
29 54
85 98
9 93
76 80
8 42
9 83
69 23
6 39
3 95
19 98
69 60
12 96
25 14
100 78
49 76
3 69
96 77
5 12
67 48
92 21
5 68
45 36
77 14
77 5
67 49
35 27
42 56
17 32
2 74
46 50
57 39
86 22
62 98
86 56
5 66
8 46
19 87
49 79
81 33
64 26
31 58
21 51
33 9
48 39
75 37
11 34
48 65
98 22
67 17
83 60
61 54
78 85
37 27
76 86
24 11
64 77
59 43
90 51
72 22
22 33
99 14
15 80
25 62
74 50
33 60
22 28
45 42
20 62
6 94
86 91
51 56
51 47
52 83
67 44
52 56
87 54
66 59
4 41
59 10
17 37
50 22
35 92
45 70
58 45
66 40
9 79
17 11
29 75
96 45
7 52
69 52
82 87
43 75
82 3
98 54
48 5
63 43
45 15
25 95
96 10
1 21
16 1
43 31
66 19
19 27
17 57
82 29
17 51
90 47
74 13
13 34
61 3
54 57
32 98
44 86
51 74
57 9
13 99
75 95
48 64
97 40
98 92
8 60
93 95
30 5
84 91
6 67
93 37
41 45
41 14
73 89
54 9
23 59
92 29
28 13
4 21
84 82
82 21
91 25
88 97
34 33
17 8
2 58
31 94
53 86
55 100
47 80
48 42
39 43
74 6
46 87
13 44
51 26
63 30
47 95
56 83
35 100
93 85
77 13
77 46
30 47
91 98
90 58
71 94
100 53
12 63
88 98
36 75
36 83
35 90
36 70
87 12
97 46
13 47
50 84
16 83
51 45
6 3
8 25
31 15
26 35
46 60
58 4
11 99
98 38
91 75
48 93
2 23
5 29
73 94
82 73
24 66
31 13
40 61
58 18
32 26
72 7
32 73
28 32
24 46
50 81
45 23
39 36
37 35
60 81
3 38
14 73
55 86
26 54
45 62
3 53
17 12
60 63
17 10
81 19
66 94
72 61
32 46
51 67
23 43
38 19
77 69
48 97
39 93
42 78
70 30
10 26
80 39
97 35
55 22
2 71
81 18
11 4
21 28
93 41
8 95
82 66
31 73
85 35
79 55
26 75
79 62
41 70
15 23
87 21
69 44
74 4
75 66
18 45
23 95
13 2
64 72
50 65
66 91
2 60
68 49
89 35
86 79
67 66
58 59
3 98
92 89
37 1
73 11
10 23
98 36
16 6
32 31
51 25
80 26
90 21
57 87
56 28
98 40
55 75
57 53
20 76
21 6
13 85
16 78
16 26
59 57
9 94
21 67
75 12
98 70
29 34
53 24
70 81
39 68
25 40
30 33
93 74
16 98
50 43
93 77
64 17
16 40
3 92
15 95
31 46
6 43
90 6
92 95
80 68
96 19
41 5
28 60
97 34
36 60
90 67
51 87
43 36
3 2
55 65
71 10
79 42
87 18
60 37
9 77
62 63
33 58
80 24
23 24
14 19
59 24
29 85
61 31
20 3
74 23
52 55
54 64
60 20
16 34
43 34
90 36
17 63
94 46
46 4
68 100
72 23
58 81
68 4
57 74
24 12
64 3
69 42
44 3
41 71
92 10
55 6
21 42
62 5
73 38
20 37
36 10
65 78
61 46
80 40
87 44
97 81
12 81
39 83
84 79
66 12
24 28
35 41
34 87
45 44
51 54
60 26
31 53
76 9
69 14
5 83
29 49
5 74
83 63
61 18
11 74
80 93
88 2
60 16
32 50
2 86
93 81
87 75
32 90
97 72
97 3
99 30
22 43
93 66
34 79
41 42
50 15
2 41
83 88
21 5
78 77
22 32
87 73
68 88
71 46
10 91
18 96
91 76
26 62
18 31
71 49
13 26
12 94
90 63
4 39
26 50
18 99
21 45
63 46
71 43
73 5
24 20
82 94
84 89
14 55
19 44
57 62
55 27
81 36
24 18
73 76
6 93
2 54
30 25
1 64
98 27
5 93
98 23
74 78
24 48
58 92
68 7
21 20
57 12
44 28
88 60
59 63
27 16
27 89
78 41
85 48
8 26
32 23
22 27
8 77
82 50
48 10
59 9
56 99
97 44
41 6
7 74
84 5
5 1
82 23
63 85
82 85
17 40
91 30
14 91
26 57
16 10
6 30
9 80
61 21
60 23
24 100
90 9
59 70
39 78
41 58
62 24
14 51
39 61
48 56
81 68
94 3
74 82
20 66
32 95
7 64
49 34
58 67
60 86
94 61
26 74
11 23
92 77
79 8
17 24
39 69
33 100
13 65
50 36
25 93
37 65
85 68
82 12
59 14
35 81
100 64
57 22
89 38
56 97
76 82
79 27
44 63
18 85
2 69
16 73
68 18
31 69
61 79
15 28
81 28
36 23
7 12
34 12
64 86
11 46
36 41
65 56
96 58
41 76
34 70
35 24
100 95
29 60
7 14
49 91
58 63
47 32
1 52
59 94
55 94
8 44
70 61
51 84
1 81
69 45
89 14
2 84
100 3
99 6
47 57
5 18
79 76
3 30
63 93
46 85
94 51
87 58
75 96
61 15
2 68
28 53
72 55
52 100
52 41
50 98
6 81
41 37
94 90
27 33
21 31
7 43
37 4
44 100
34 73
33 25
81 82
83 66
85 60
42 80
67 9
55 24
72 16
40 94
71 59
85 41
72 57
65 33
85 66
66 2
68 22
52 78
24 9
56 8
67 81
20 81
10 41
12 99
74 46
75 60
28 35
35 76
61 64
8 84
73 59
57 10
84 10
57 34
33 43
84 94
55 81
39 23
20 88
38 76
8 31
60 61
44 53
34 31
85 75
36 76
97 15
95 39
68 69
85 97
49 62
7 32
68 53
64 91
46 48
50 70
95 6
68 99
49 75
35 71
84 33
47 59
68 6
40 19
38 48
75 22
44 91
75 71
92 8
53 76
1 45
3 5
68 74
95 77
77 56
51 5
78 44
83 89
89 80
65 79
79 70
4 100
99 43
19 90
90 61
26 20
41 15
54 43
94 53
44 62
83 75
35 3
32 2
69 50
55 54
10 40
16 29
11 68
32 99
31 44
14 39
20 53
69 99
34 28
83 46
77 61
54 10
18 3
49 1
5 64
33 35
59 61
50 60
45 43
70 68
89 68
82 18
13 32
59 12
27 41
76 96
53 38
82 89
18 79
47 75
54 68
23 50
95 79
69 46
93 23
97 77
52 27
68 71
69 28
61 91
29 88
64 71
23 38
96 61
13 78
98 90
30 35
68 72
6 24
27 65
16 47
70 8
8 93
60 47
45 30
16 2
35 44
74 100
54 38
3 76
93 92
98 9
57 46
4 55
9 68
30 56
72 26
40 34
79 5
56 7
26 85
17 42
62 29
40 56
9 72
40 3
38 20
19 95
52 61
66 26
25 78
85 53
90 12
32 100
63 98
32 63
3 13
5 4
28 80
82 69
5 43
58 73
29 93
18 35
38 59
83 65
99 66
82 58
88 32
91 6
2 50
4 53
54 40
3 77
46 56
82 97
5 82
99 70
24 26
84 100
28 36
4 18
2 17
23 65
4 57
26 89
55 28
85 22
94 29
98 75
82 55
22 4
25 18
100 63
74 28
75 84
78 55
33 92
96 30
13 70
64 62
88 82
18 20
50 38
35 91
41 100
73 67
26 88
12 6
4 23
76 67
93 83
91 69
97 6
10 64
18 6
64 47
42 20
64 4
52 73
59 84
22 90
11 49
79 41
21 89
67 63
10 56
6 98
77 94
67 26
31 25
10 39
75 78
65 40
52 8
98 67
62 82
100 18
6 83
78 1
27 76
68 65
35 7
57 82
79 29
99 22
69 78
35 8
25 85
14 40
89 96
18 46
53 11
100 91
21 72
8 36
27 40
48 18
60 43
37 33
61 12
47 26
49 3
80 33
40 52
7 67
43 80
87 9
91 37
1 94
7 38
74 59
25 52
57 28
84 90
7 36
72 3
98 7
59 53
54 4
15 65
3 74
79 99
70 77
43 95
42 54
100 82
39 85
31 40
10 79
7 97
42 14
62 76
45 66
37 99
28 11
65 41
80 46
62 43
94 95
85 23
44 12
70 1
83 4
91 46
67 27
1 93
68 36
97 23
45 84
4 33
85 15
15 39
25 57
66 16
48 17
96 29
78 79
80 36
30 55
65 96
70 43
95 24
49 86
91 2
95 22
96 91
80 77
4 17
85 58
81 64
45 88
74 27
73 84
73 37
88 28
63 71
66 76
40 47
43 21
66 86
31 76
30 27
28 63
43 8
48 100
93 90
39 35
6 31
3 50
30 65
66 43
7 73
51 95
28 3
6 86
12 30
46 81
2 25
100 17
32 6
24 32
72 73
41 54
53 35
75 62
55 66
22 40
100 31
5 40
33 63
59 88
48 22
20 54
31 54
90 78
62 31
22 30
98 57
85 67
94 92
17 88
47 9
22 5
90 42
34 20
49 88
28 42
92 45
31 89
71 87
34 99
90 87
91 31
75 2
50 17
16 65
78 9
42 25
51 29
73 26
37 19
34 7
56 37
6 34
46 67
97 95
90 69
27 21
83 70
77 6
18 72
11 87
73 46
7 48
75 14
61 71
23 18
66 80
89 100
51 11
6 51
48 90
4 10
47 72
34 36
65 7
25 47
96 92
5 13
12 56
15 40
92 83
48 83
47 62
46 66
26 100
7 33
23 80
7 45
7 57
57 66
73 55
19 59
58 65
2 27
32 27
26 56
1 83
40 13
66 32
92 16
6 47
12 13
70 44
23 51
3 67
12 50
72 89
78 87
16 49
49 24
10 8
50 83
75 40
9 85
27 9
78 5
64 70
48 80
31 4
59 40
100 81
87 97
42 58
7 78
25 74
70 46
39 44
83 91
47 12
25 1
99 19
88 81
6 15
63 86
83 30
73 80
89 39
84 19
83 14
83 86
71 31
57 58
84 92
62 8
1 31
64 13
87 43
86 26
44 4
11 55
57 94
63 26
18 66
4 90
99 92
80 91
30 36
84 63
45 71
36 92
51 46
80 61
80 87
30 43
95 36
43 89
52 43
85 33
36 66
1 60
42 1
64 98
22 78
14 90
81 2
70 3
73 9
73 45
63 70
19 33
12 74
98 39
21 32
59 87
62 4
61 74
10 35
49 22
73 91
30 34
6 11
29 87
58 60
18 50
96 84
86 69
82 80
74 89
61 37
19 61
20 39
71 76
95 41
53 92
36 84
44 40
44 76
62 16
33 17
12 3
33 6
47 4
30 1
7 4
24 52
83 28
67 29
85 76
52 90
63 41
7 41
62 28
55 53
71 27
1 59
51 58
46 93
35 72
66 52
97 78
52 9
49 26
86 100
88 74
87 5
6 53
78 57
55 33
100 22
20 48
33 75
16 36
65 77
17 56
64 84
49 61
91 12
91 3
72 12
6 64
71 83
7 77
14 36
17 38
74 42
44 21
13 76
40 63
37 67
9 17
59 41
74 15
29 90
24 22
100 67
31 85
66 39
63 13
99 57
80 6
43 46
81 73
25 87
33 62
86 20
96 38
38 33
6 13
100 75
38 11
41 40
77 33
57 6
36 20
16 59
87 79
55 99
94 28
52 72
78 63
22 38
84 34
89 25
29 65
74 54
27 85
42 52
95 9
52 86
18 8
91 62
12 48
100 97
59 36
95 59
45 82
40 70
85 59
44 2
73 88
57 31
63 48
94 45
63 21
24 68
75 81
13 94
33 26
42 33
78 15
23 67
57 56
2 97
16 25
38 37
51 65
14 24
65 85
85 40
70 18
36 77
95 82
21 2
53 23
35 29
17 98
9 66
70 95
11 64
100 14
55 35
100 50
40 60
91 92
6 19
92 66
33 11
53 80
11 75
15 3
61 57
90 37
32 59
23 19
77 29
14 50
75 35
8 83
82 99
1 62
99 97
31 84
2 57
81 57
1 38
63 19
100 27
7 46
89 70
8 81
72 20
8 86
21 70
72 6
18 10
1 35
82 86
90 60
37 30
27 4
29 31
82 13
62 61
21 41
53 61
24 5
69 58
15 91
77 87
62 51
28 10
37 84
6 87
96 73
60 35
18 73
97 70
10 27
26 43
91 79
82 68
44 51
42 88
45 63
80 1
77 84
53 33
39 100
8 32
57 13
28 98
31 66
76 84
59 33
82 20
10 86
27 78
47 91
36 13
57 11
20 58
2 37
93 27
28 8
6 49
37 44
16 93
12 28
39 86
50 21
8 67
44 79
80 4
41 22
46 28
91 48
95 76
31 55
24 33
89 63
50 47
58 95
25 64
6 26
13 73
14 62
55 98
94 70
23 84
81 87
32 19
42 63
51 72
48 49
59 25
11 65
38 24
63 64
97 28
20 59
60 66
64 94
50 1
84 43
22 15
23 92
24 67
93 57
23 77
8 76
18 55
89 86
55 91
88 11
83 38
83 35
86 19
54 86
77 41
9 14
58 44
76 45
95 38
26 71
54 78
99 58
78 92
7 96
43 81
71 20
64 66
83 49
79 38
33 90
70 66
43 35
34 50
16 18
76 75
80 90
40 24
41 32
22 82
100 69
99 93
16 9
52 13
17 89
70 69
3 63
28 50
54 34
78 80
98 29
44 9
69 74
7 6
55 95
65 84
77 24
36 55
17 97
42 92
84 81
83 64
19 26
58 22
45 60
36 71
42 2
16 71
9 19
38 60
4 45
83 84
2 93
47 37
15 14
31 83
19 77
40 4
45 53
51 83
74 47
74 97
80 79
