100 3141
71 99
77 18
57 72
82 21
56 62
9 39
57 20
7 64
39 68
90 69
50 87
57 56
100 81
50 86
15 35
59 37
28 67
99 56
1 30
8 17
64 48
17 83
48 3
60 62
42 87
72 80
38 61
57 32
82 88
84 15
85 74
21 91
24 40
81 53
46 16
52 7
26 60
31 92
93 87
68 49
1 96
39 15
13 8
43 44
71 28
41 99
70 52
7 4
46 58
10 42
69 20
81 69
53 82
20 85
8 90
77 79
14 77
88 49
83 36
49 38
32 25
81 66
3 100
97 44
79 65
78 75
4 79
33 12
93 72
85 9
81 49
81 79
7 65
12 21
63 76
32 15
84 44
99 32
5 100
26 89
67 88
11 54
56 54
59 93
70 84
32 50
16 73
73 47
59 58
20 52
62 33
86 63
13 46
68 73
7 35
34 54
34 50
72 49
8 79
20 64
10 69
6 12
45 11
63 32
42 20
3 99
39 56
61 91
24 32
44 85
40 32
53 91
73 25
49 52
64 44
92 61
30 72
77 88
87 58
26 97
99 39
35 16
99 59
76 82
59 7
88 61
9 92
32 41
20 74
77 33
11 74
46 21
42 46
44 60
37 9
7 98
66 40
61 31
1 75
88 25
80 39
23 50
48 52
69 44
50 67
1 36
48 89
33 47
14 53
75 44
85 73
21 89
60 28
58 65
23 67
57 38
80 73
69 9
16 22
99 90
40 42
96 100
12 37
19 86
90 38
4 66
44 77
21 8
84 89
37 91
16 85
59 73
35 90
83 85
87 80
98 95
13 99
47 4
49 27
18 62
94 56
75 76
15 17
34 72
96 8
37 32
15 21
13 34
57 45
66 7
91 81
89 63
37 23
48 67
5 7
47 26
28 92
15 61
62 47
26 45
68 61
6 94
4 87
26 53
69 63
72 27
76 79
60 83
1 12
24 34
96 26
94 64
51 68
45 90
49 94
94 81
6 70
17 10
93 81
60 34
3 14
75 7
62 93
92 79
89 96
50 91
77 99
1 25
51 24
11 77
78 79
38 73
50 14
59 53
17 19
59 67
6 54
28 83
52 84
8 89
52 43
95 37
95 77
98 76
36 15
23 80
2 75
84 41
100 16
41 65
52 25
12 15
29 14
1 5
39 74
5 21
80 47
23 20
45 77
76 100
13 81
50 94
92 69
67 14
72 62
34 57
16 80
46 28
74 72
79 68
83 48
80 28
12 19
11 67
5 49
92 89
1 11
62 45
58 91
4 92
77 86
54 93
89 43
6 31
43 22
80 59
54 10
50 89
57 88
28 52
67 29
65 64
63 90
23 99
34 52
34 98
93 61
27 3
5 12
77 53
75 4
97 88
23 95
11 49
69 74
16 64
25 12
29 75
4 73
85 52
76 74
88 14
33 51
14 65
37 87
75 99
31 63
99 98
58 14
29 19
68 77
81 60
47 58
100 38
2 26
22 32
66 54
20 45
56 3
18 37
38 13
92 62
49 50
87 13
9 11
20 48
10 9
62 59
64 28
45 16
58 42
30 53
95 1
17 44
32 33
48 25
28 49
65 49
82 28
72 61
39 43
43 2
64 1
31 90
83 95
75 61
39 94
95 49
46 44
67 53
43 54
88 90
91 82
74 57
91 13
21 45
92 93
40 100
90 15
56 19
37 69
27 21
16 2
51 56
57 48
46 74
17 41
86 88
53 24
44 37
54 51
61 87
87 53
11 25
63 52
61 66
38 77
84 7
39 45
92 91
58 93
92 78
89 42
32 92
73 27
37 36
86 44
61 35
41 85
57 97
39 85
37 57
16 62
51 37
5 13
35 4
3 54
60 2
75 15
33 43
19 35
72 75
57 70
43 72
92 19
26 71
100 89
7 56
15 34
80 32
63 11
35 95
62 73
35 83
93 19
1 39
12 41
1 72
30 100
79 58
88 10
35 80
6 97
35 10
13 58
19 78
89 32
2 78
70 42
36 58
35 96
91 44
21 1
76 6
26 14
100 84
80 52
3 13
69 43
78 98
84 4
7 24
91 86
30 71
59 33
24 14
81 34
11 8
54 7
41 55
93 77
36 54
37 81
2 15
8 80
49 99
36 59
76 90
62 49
73 87
25 58
42 5
15 13
67 30
89 69
36 13
68 57
76 28
60 72
23 41
83 58
85 15
93 24
45 49
27 98
69 87
13 50
81 14
46 60
61 85
12 13
84 10
26 38
21 38
18 61
72 26
19 45
91 60
41 70
73 97
37 35
53 62
77 85
80 46
16 83
33 13
11 59
10 37
28 3
71 43
20 33
88 18
24 57
10 34
9 95
14 83
64 56
25 47
66 28
75 50
19 24
71 85
52 16
36 53
79 30
98 93
61 32
55 83
2 37
85 48
91 4
22 3
36 3
86 1
4 42
31 28
59 87
36 38
7 51
35 14
92 99
51 73
15 67
58 64
19 14
32 83
43 3
82 29
65 90
2 25
18 9
60 96
95 71
78 1
52 9
87 68
78 83
72 68
47 13
35 58
11 88
76 41
38 44
78 90
48 90
15 18
67 91
48 77
92 20
87 10
36 61
54 47
66 53
15 77
50 22
39 20
63 62
51 8
24 81
44 29
84 34
45 76
64 18
12 79
90 12
38 84
4 88
74 96
55 16
67 94
49 98
88 12
40 37
48 81
76 38
80 45
10 60
48 87
25 51
18 7
59 49
11 43
13 29
9 27
76 14
88 24
9 91
78 58
76 40
83 92
45 22
95 3
60 45
64 66
27 88
13 6
63 95
15 58
82 42
21 74
11 89
55 51
44 82
12 99
2 64
18 36
46 82
59 23
92 75
94 41
50 54
23 74
42 26
63 40
73 94
47 16
98 21
75 56
5 23
31 38
41 29
50 84
91 70
28 94
63 67
41 80
81 9
60 29
54 30
76 49
78 11
23 17
20 75
71 31
47 46
38 48
87 60
34 68
50 21
16 56
71 36
56 52
24 76
36 78
92 95
25 8
17 50
4 25
32 65
95 38
87 28
70 35
95 56
98 73
82 63
11 61
30 8
91 43
2 91
38 78
57 29
1 45
11 41
93 38
7 20
4 18
12 80
7 34
39 90
3 46
70 49
56 92
23 56
17 96
96 77
28 2
75 21
72 86
88 71
92 77
49 32
5 85
20 94
81 38
84 23
68 41
1 23
71 39
11 38
37 42
98 79
35 87
34 65
60 36
35 71
32 26
71 50
3 7
59 84
90 54
87 17
75 53
99 38
6 75
25 31
56 1
42 32
82 60
99 76
97 47
36 100
86 3
83 34
98 86
15 93
22 71
91 38
36 4
78 85
9 42
93 18
26 22
36 41
21 63
55 13
31 40
95 93
59 5
9 75
25 80
44 18
16 94
34 27
60 56
2 90
90 71
10 64
27 31
70 88
34 36
59 27
24 63
27 89
73 35
83 25
78 69
48 28
28 24
45 29
96 32
33 75
65 23
22 84
69 32
78 30
98 80
26 34
72 7
57 43
75 36
96 24
35 84
42 16
59 17
31 24
69 93
30 32
68 46
53 13
85 72
19 73
37 5
52 74
47 75
12 35
50 24
71 57
37 22
6 78
80 30
88 45
88 65
60 19
63 83
11 84
58 67
4 64
62 66
77 22
5 22
89 35
82 93
59 95
59 54
29 58
49 73
65 38
89 58
93 66
8 37
21 95
46 81
76 85
99 1
20 70
83 74
94 51
55 42
26 48
40 56
61 4
68 98
11 23
77 3
59 55
63 75
20 80
55 50
29 11
97 63
89 77
23 72
57 25
25 5
67 5
47 68
87 94
49 10
33 65
64 25
57 93
12 62
7 96
51 10
45 15
87 52
17 1
70 29
80 90
57 61
15 94
62 29
69 86
26 86
8 88
67 49
95 20
72 19
19 61
42 29
19 53
62 99
47 38
9 20
69 46
82 12
85 8
14 74
79 95
45 55
47 19
65 36
40 3
31 64
28 99
42 99
60 99
77 2
25 60
78 34
37 79
100 7
35 93
53 49
80 81
99 54
32 23
4 86
86 60
38 67
76 84
48 4
65 18
9 83
43 60
41 78
85 23
10 19
10 75
62 25
37 43
45 24
45 38
20 13
19 46
66 84
27 13
81 33
71 48
73 88
83 68
51 13
17 20
32 39
70 77
73 8
93 5
12 47
26 73
21 54
12 28
22 29
44 45
2 32
54 70
35 40
82 98
6 30
80 27
20 8
18 1
89 82
32 90
2 86
41 79
25 53
45 48
27 16
5 33
90 56
33 80
7 11
94 2
23 6
13 98
20 34
60 5
96 36
67 31
59 68
50 93
22 93
55 62
73 64
24 72
28 6
100 26
21 33
50 78
64 14
86 38
26 7
71 24
100 79
6 8
15 83
67 87
70 98
5 94
57 98
12 85
9 45
2 72
34 37
24 5
16 20
67 10
15 59
93 27
51 60
31 45
72 96
31 20
91 85
68 37
90 89
51 75
100 25
1 46
44 2
50 73
61 14
91 48
57 78
59 86
96 52
35 13
31 54
13 52
75 88
72 45
64 55
10 27
75 16
96 27
45 89
42 73
82 47
45 92
65 63
18 33
85 31
10 1
26 88
2 29
17 55
60 31
98 51
43 7
85 1
30 31
33 1
46 9
81 51
71 86
32 74
90 75
35 78
77 13
63 19
1 49
87 46
53 18
88 22
69 66
4 54
40 26
9 88
96 81
99 86
83 73
55 63
24 36
85 80
66 10
73 15
88 46
93 46
77 6
66 11
65 73
13 71
63 5
56 28
82 90
55 65
68 89
4 5
45 56
29 55
7 6
86 84
34 29
27 46
31 15
48 15
91 39
25 43
58 3
48 56
66 75
23 24
94 79
72 33
14 33
45 65
36 99
71 67
94 63
66 56
50 19
30 95
16 30
73 24
41 22
5 92
61 62
27 99
85 2
55 9
80 17
51 41
20 6
32 73
43 16
25 26
73 13
9 71
3 6
90 83
73 12
97 58
42 74
68 65
51 100
42 88
94 74
30 81
34 9
76 34
75 91
9 2
24 56
92 66
10 45
12 45
42 11
41 16
21 19
23 51
66 48
89 24
62 32
41 6
15 78
72 83
85 68
67 82
51 31
13 90
1 34
52 27
60 30
49 71
47 43
66 17
99 31
62 96
18 58
21 99
40 75
58 76
43 34
94 7
65 74
91 27
33 86
11 82
59 18
30 37
55 7
48 47
99 68
16 38
80 57
78 43
4 89
3 38
12 7
86 15
12 84
84 45
96 31
87 43
2 82
83 46
1 100
11 34
65 42
78 32
68 50
84 64
7 9
97 56
4 56
17 12
6 87
81 71
62 13
47 79
21 36
17 30
46 32
76 50
86 83
70 62
27 81
18 48
57 50
86 68
81 92
96 13
55 46
53 22
4 53
36 30
85 11
93 37
6 2
28 88
1 73
61 26
91 30
74 24
73 36
64 15
47 24
63 79
78 81
74 31
54 1
70 75
5 19
28 50
25 30
23 33
24 99
19 48
85 7
61 37
24 39
84 81
74 4
42 15
66 27
59 39
97 65
97 18
55 56
24 27
50 85
90 100
73 10
2 40
51 79
21 47
7 44
50 39
2 33
85 99
54 64
85 25
92 80
39 26
7 31
71 51
41 82
64 13
92 51
75 12
12 55
28 95
44 25
44 56
41 4
84 61
76 77
48 2
84 88
23 79
11 36
22 47
48 5
55 74
14 72
87 88
15 11
98 2
56 5
16 8
68 17
36 72
29 24
38 25
32 7
37 17
59 41
83 99
21 80
24 97
85 46
97 92
24 15
89 97
100 66
31 43
25 13
1 40
68 11
30 51
75 85
78 12
98 8
90 66
11 91
35 68
5 97
34 75
1 69
39 5
17 24
15 88
73 67
7 79
43 95
78 61
97 20
87 23
22 76
67 34
65 72
52 100
6 25
61 22
62 77
66 1
95 69
3 61
38 43
84 62
39 35
47 88
37 73
56 21
8 5
43 96
100 83
19 36
97 62
56 98
29 65
41 34
94 69
53 39
28 1
36 39
93 86
68 91
23 55
16 39
43 58
98 46
24 54
88 79
45 30
59 44
44 30
30 98
61 6
89 86
31 52
66 70
97 4
84 30
45 63
73 66
18 5
79 43
27 45
66 32
94 98
81 42
37 67
11 12
13 97
10 32
29 74
65 17
7 2
57 44
83 57
73 79
5 79
99 73
16 92
20 98
67 33
12 40
27 95
29 88
59 85
34 31
95 33
31 82
60 48
61 63
53 100
1 59
21 44
26 56
76 13
2 27
74 62
93 40
80 74
14 98
36 40
51 32
64 26
34 47
29 71
3 91
42 61
18 30
12 66
9 73
90 26
71 14
19 96
25 79
94 29
63 20
99 20
83 7
33 34
81 43
12 42
69 40
90 25
46 4
76 23
64 3
66 14
99 16
72 6
72 97
91 46
93 55
71 63
44 42
97 99
87 100
8 47
31 36
88 53
100 91
63 7
12 97
41 50
34 63
92 26
56 49
6 18
71 93
50 53
87 83
53 44
61 21
77 5
71 61
10 6
98 74
47 84
74 34
78 26
32 5
24 66
60 63
5 83
95 29
43 40
9 51
25 84
35 52
80 7
77 74
89 39
76 5
52 65
51 12
25 56
68 43
2 1
18 25
78 86
5 69
45 14
42 53
9 22
80 64
51 70
53 64
22 80
71 1
73 71
82 87
27 26
32 95
19 75
37 94
55 75
71 60
62 30
48 33
74 13
3 81
21 77
26 99
71 56
89 23
14 7
83 82
84 56
96 54
84 16
53 43
55 25
82 20
40 52
96 12
8 29
48 92
51 16
3 94
66 3
22 72
41 30
23 61
15 92
46 8
52 71
33 87
36 8
25 36
4 33
33 7
69 27
59 20
5 74
1 60
30 47
3 60
95 7
74 93
70 100
62 42
59 79
38 33
81 83
53 32
39 55
53 35
72 48
99 5
71 80
64 49
29 51
45 53
29 85
72 9
24 8
97 14
69 15
68 88
25 91
44 90
72 18
32 97
83 23
93 97
29 91
90 4
65 70
17 47
98 59
79 26
85 22
57 47
17 56
12 18
6 73
90 61
1 63
88 55
81 17
16 21
48 82
34 92
86 43
32 38
95 53
12 76
73 84
100 32
50 35
9 79
39 69
73 17
39 41
89 51
24 13
17 45
32 67
27 1
37 45
71 62
44 89
24 46
8 60
49 29
38 80
66 15
86 11
26 95
75 26
45 98
64 34
92 24
77 41
31 49
42 2
97 69
99 11
71 42
38 92
85 42
70 81
17 62
85 69
5 51
16 9
15 51
95 86
30 3
52 39
49 93
77 73
87 49
14 42
31 73
21 72
15 44
34 45
51 90
46 30
10 30
61 65
70 38
7 58
90 7
84 77
61 81
11 71
13 92
57 18
33 84
98 64
41 91
68 48
13 67
50 64
37 71
59 28
58 63
48 44
79 66
89 57
84 51
60 37
83 42
18 32
34 66
17 95
65 78
66 52
49 60
64 68
1 26
99 30
18 90
51 82
84 49
43 63
80 48
91 22
36 63
38 7
57 7
90 17
57 54
71 78
74 67
60 79
65 66
26 93
12 65
83 93
54 78
59 56
18 19
51 80
31 14
68 92
100 21
81 45
14 13
38 54
94 86
87 78
68 3
20 86
26 44
75 86
53 23
6 100
56 63
98 61
13 65
11 22
83 6
51 35
16 50
75 43
24 77
7 82
68 81
87 84
71 17
29 78
76 65
83 31
70 3
88 30
48 1
52 41
86 41
4 14
95 67
9 86
7 74
19 70
83 54
3 16
45 32
15 29
68 21
39 66
90 28
55 48
6 99
80 99
19 94
39 19
28 57
59 2
81 86
95 55
48 8
22 63
48 34
44 12
41 73
29 26
4 8
99 79
72 91
87 11
65 3
6 38
9 25
70 33
62 65
22 42
5 72
36 94
48 65
62 1
11 17
14 25
71 45
19 80
98 4
1 9
55 68
5 87
22 10
81 11
55 84
80 76
2 71
76 33
33 98
61 43
69 42
31 77
34 86
90 91
88 17
16 98
27 60
85 58
38 40
23 30
76 42
7 28
69 65
34 91
43 12
75 45
20 93
15 76
82 35
34 46
32 59
85 24
79 31
53 51
28 78
77 75
60 58
13 78
34 79
16 4
61 82
50 83
76 37
74 40
79 38
28 37
68 100
87 9
8 58
61 52
24 98
76 94
98 91
84 92
48 46
20 53
71 59
32 20
10 39
27 92
57 60
63 42
27 43
26 51
93 52
82 75
56 18
37 74
33 91
61 74
18 50
20 27
95 40
77 98
20 73
16 71
1 38
26 15
17 69
54 95
33 40
37 49
90 9
12 60
52 37
86 45
53 2
80 15
76 17
9 3
98 10
90 20
74 8
23 10
75 68
15 16
98 52
75 52
29 33
47 92
38 50
34 44
14 38
95 11
54 46
64 95
100 44
35 26
64 41
35 46
52 91
24 48
17 54
7 16
43 42
48 73
100 55
65 83
91 12
64 38
72 50
95 50
34 59
100 63
6 26
23 96
65 82
42 95
31 33
25 16
29 86
41 96
47 40
54 18
55 19
81 88
64 78
19 8
91 47
33 25
37 50
12 59
61 7
81 39
16 77
39 97
66 67
74 54
62 94
29 46
56 11
42 17
28 17
74 71
63 80
68 80
99 33
1 92
32 55
66 85
32 77
2 89
40 11
6 48
50 25
48 32
55 89
34 80
73 7
81 10
54 73
79 2
15 8
93 28
88 95
88 16
60 11
86 66
14 49
4 9
6 69
1 88
82 1
33 66
66 72
43 82
43 19
82 15
3 80
36 12
16 17
97 60
92 60
5 70
36 87
72 31
82 68
45 13
25 77
86 28
13 69
62 36
73 5
59 22
80 75
55 27
30 74
89 7
35 94
28 25
77 10
89 38
51 36
38 10
67 47
62 50
96 48
81 16
68 40
65 5
49 2
5 64
96 68
75 94
97 96
99 29
76 31
41 60
63 44
16 82
85 95
6 79
17 93
61 51
86 47
3 92
54 22
97 15
94 47
72 92
56 86
91 14
19 98
94 30
85 55
7 17
74 59
58 22
5 20
1 16
26 76
13 41
38 55
4 80
11 96
2 46
14 9
58 98
68 97
80 31
38 51
93 14
39 61
49 18
58 37
59 10
74 47
60 67
24 11
76 69
64 86
5 50
92 18
64 8
85 21
37 98
13 9
68 94
5 45
5 55
7 46
5 81
6 74
69 57
24 12
14 52
34 12
16 87
9 63
98 55
72 12
70 78
51 78
65 89
48 49
84 67
49 66
46 78
45 61
90 19
10 8
60 88
79 97
91 57
70 1
27 75
32 58
53 40
66 57
72 81
22 87
29 37
64 89
69 68
2 67
46 70
42 59
19 28
55 78
13 28
66 13
10 4
32 47
24 55
77 40
10 20
52 50
32 72
64 39
92 86
25 89
46 67
84 58
14 28
83 62
98 81
57 16
44 5
73 28
61 46
89 83
37 77
80 43
55 99
73 52
25 69
69 31
79 27
43 90
49 35
63 84
90 84
56 74
27 71
55 1
33 35
75 37
36 64
67 7
35 43
51 47
2 97
80 18
23 15
73 70
2 70
9 98
3 15
54 75
76 3
61 96
96 20
89 13
16 36
45 6
6 44
15 1
53 10
23 91
91 32
29 98
38 63
19 34
31 18
57 64
17 52
42 41
70 76
28 21
46 36
53 31
51 99
4 94
60 42
57 31
20 72
24 43
79 50
81 18
64 62
45 58
65 16
5 31
7 60
84 95
67 80
47 2
65 96
55 54
22 56
89 46
100 14
49 96
23 81
96 33
29 21
82 95
51 19
18 86
65 57
41 47
76 66
72 35
92 29
69 3
27 86
73 89
77 83
71 75
25 20
75 28
21 6
23 38
87 29
16 60
4 15
80 100
60 23
68 44
80 60
98 65
63 93
83 8
30 48
32 34
93 32
78 67
19 11
10 95
8 100
79 96
100 61
24 83
23 70
37 70
72 56
77 7
44 19
93 48
88 48
46 77
35 98
36 52
35 76
53 72
10 96
2 81
52 11
26 94
82 56
3 32
29 39
12 74
34 16
73 55
95 12
56 30
73 11
4 13
64 81
27 5
47 76
31 97
17 85
91 6
70 22
14 46
97 49
41 72
50 47
41 53
8 65
88 59
37 13
75 11
42 30
50 44
95 46
44 39
77 43
32 17
6 88
78 56
47 28
46 92
77 54
27 7
31 44
58 74
43 28
72 94
93 78
92 100
67 26
76 52
49 57
93 6
97 77
79 55
70 83
73 40
50 63
95 48
86 61
85 64
54 72
58 100
27 32
43 76
18 100
50 70
71 100
9 60
51 62
22 23
21 20
79 75
4 70
52 2
94 9
73 23
32 85
81 90
73 44
30 52
14 18
66 46
94 12
9 66
10 99
33 52
40 7
67 62
18 69
60 61
78 39
1 13
17 6
28 27
59 92
94 88
30 64
61 8
52 59
7 48
92 76
53 27
68 14
68 54
63 96
24 65
76 87
87 92
58 9
55 30
66 45
24 33
93 9
8 12
69 75
83 52
5 2
67 68
74 78
80 37
88 33
50 66
90 36
39 96
26 16
70 58
3 41
85 19
15 14
86 32
35 81
29 90
97 36
99 67
34 97
33 60
92 57
70 89
54 33
91 83
98 62
36 57
8 1
1 14
82 50
86 82
48 39
12 9
75 41
28 34
86 58
77 91
64 61
62 23
38 2
19 74
87 31
16 74
49 7
37 26
96 55
63 81
32 16
92 40
55 2
22 6
66 31
21 81
71 34
42 34
32 8
98 48
21 39
73 63
71 96
31 55
94 31
47 78
16 48
10 100
64 22
63 8
31 22
56 81
64 6
74 38
85 56
39 4
14 69
91 94
10 80
69 70
2 83
51 14
33 90
27 85
50 42
79 89
26 10
25 94
35 3
21 4
45 82
47 81
83 71
65 26
92 94
9 32
87 71
90 42
50 30
24 35
25 61
17 57
14 62
30 15
98 53
20 37
4 71
89 99
100 13
42 3
45 51
59 45
62 7
44 27
82 3
87 57
1 35
35 69
95 41
94 45
33 56
50 97
22 90
65 19
5 54
11 57
68 15
92 10
21 35
2 11
61 10
60 24
91 42
23 47
100 65
13 95
58 33
49 91
70 60
40 70
55 97
6 59
64 27
69 82
55 92
74 15
29 83
19 57
17 18
52 15
63 23
1 22
28 16
72 76
57 10
6 84
14 11
31 1
19 40
24 69
76 7
20 88
23 52
64 59
40 13
25 78
57 27
34 23
27 62
93 10
64 90
81 50
74 66
68 9
59 21
65 86
78 97
85 37
50 46
31 68
70 74
74 90
51 22
32 98
72 11
100 72
16 40
6 80
78 33
93 39
1 83
62 82
94 24
26 36
93 51
87 21
87 74
43 84
19 42
80 86
50 100
39 11
91 8
24 58
94 93
6 62
17 70
87 3
52 5
31 65
70 18
56 41
25 97
2 58
11 90
84 93
67 36
96 45
5 84
13 79
78 20
78 3
46 79
20 68
58 82
65 71
10 55
39 83
6 35
10 2
95 60
91 31
79 48
64 96
83 41
15 6
89 5
97 41
14 92
79 90
76 4
88 35
97 23
44 9
1 51
41 40
15 47
91 17
42 96
95 75
94 71
73 74
81 12
59 48
93 12
51 11
50 48
26 82
28 9
94 77
40 98
42 38
68 42
14 40
31 39
49 63
49 47
23 46
81 31
35 22
95 72
10 97
92 39
23 90
13 26
66 21
78 40
97 48
3 59
54 29
15 40
48 12
26 50
12 58
84 97
31 8
14 48
86 70
97 45
7 78
10 76
89 76
85 67
5 98
63 57
52 19
67 35
35 20
36 91
46 90
34 87
54 86
19 16
3 84
12 39
83 30
27 17
22 40
99 58
63 26
72 89
77 8
33 22
49 4
57 86
29 1
37 83
94 14
77 42
8 18
66 29
87 98
54 65
41 63
26 5
80 24
78 95
1 79
12 31
58 44
90 87
90 60
47 90
7 23
43 93
93 70
97 54
76 86
54 84
89 93
27 23
9 61
62 20
62 91
83 20
99 8
43 14
78 62
69 28
29 27
8 43
87 39
89 17
49 92
78 72
8 75
86 24
26 85
89 47
50 98
90 98
38 17
62 85
80 5
21 14
4 12
29 9
18 94
40 89
36 66
59 65
55 11
17 63
96 66
63 6
3 39
57 35
11 4
4 38
95 70
25 54
31 50
77 100
1 32
23 4
98 3
27 19
7 88
22 99
14 54
75 64
30 5
79 18
21 70
60 38
39 58
72 87
68 90
65 1
90 53
56 47
95 8
54 32
58 31
36 74
36 44
9 54
38 29
43 18
1 37
42 8
28 89
28 98
25 10
7 29
30 24
1 43
45 41
2 20
87 56
37 90
58 68
28 4
28 72
100 39
19 79
95 97
49 24
15 50
69 60
81 20
70 48
21 52
31 11
38 41
67 41
89 78
66 99
33 94
81 95
67 19
80 94
51 48
49 3
66 8
47 45
73 43
5 86
21 22
22 92
49 83
92 73
28 11
62 15
84 40
55 36
68 52
71 84
98 31
62 39
71 68
20 18
86 42
84 21
22 74
54 52
12 20
29 89
73 21
84 31
56 50
8 7
32 84
49 46
82 10
92 43
62 41
75 81
96 80
67 51
12 14
45 54
62 35
14 99
19 95
92 30
50 9
67 9
87 97
51 28
7 10
40 62
33 30
67 96
74 79
78 68
68 7
35 59
85 100
66 18
10 43
59 46
65 20
92 90
27 63
49 85
90 94
47 95
92 7
87 1
26 52
62 54
45 50
96 94
2 31
85 36
7 13
76 68
42 21
2 13
59 63
57 8
66 51
10 12
27 65
84 8
43 94
18 98
4 83
96 87
6 55
41 81
96 91
96 14
19 64
55 20
93 47
19 22
33 45
38 56
31 17
86 12
12 52
46 25
1 41
21 13
18 29
81 19
92 36
73 86
2 34
69 16
96 83
86 7
18 26
61 80
35 2
91 40
47 36
89 31
80 49
41 31
50 51
27 58
73 96
9 99
77 65
53 56
81 44
100 4
16 13
71 41
5 91
13 39
23 98
8 14
42 33
96 22
72 73
81 4
86 96
10 36
60 17
89 60
10 16
84 68
8 86
99 94
30 85
84 46
67 43
82 36
92 58
3 53
37 66
5 47
9 5
65 93
49 100
96 34
56 14
78 96
20 50
11 20
7 69
31 78
88 91
98 41
57 1
49 61
21 86
99 74
34 5
17 21
22 57
97 19
6 71
17 13
83 12
49 89
23 78
70 53
61 17
81 52
60 22
28 53
43 62
95 36
99 52
55 35
5 88
77 23
78 53
90 85
80 91
79 72
82 38
42 64
3 85
79 80
7 70
89 15
86 6
69 55
54 8
77 35
79 62
91 15
77 26
26 3
44 93
51 85
33 73
4 34
53 29
3 1
94 8
74 91
53 57
31 88
66 2
88 23
63 14
100 12
20 54
80 89
17 97
11 98
23 86
34 55
19 37
5 36
75 89
9 62
72 3
40 59
76 59
32 70
9 74
69 77
10 50
40 79
73 30
36 6
86 51
20 100
16 66
96 59
49 23
11 100
33 37
98 67
78 60
49 41
11 21
68 25
88 38
48 100
29 23
38 71
46 62
10 48
84 37
67 90
22 82
7 71
63 30
18 85
4 29
90 50
18 21
85 28
49 40
14 55
40 60
76 88
80 56
43 15
28 35
12 30
86 52
81 29
52 60
31 19
50 92
20 4
92 23
99 45
81 32
94 59
23 43
2 62
72 29
93 56
70 44
28 100
84 48
80 1
93 53
62 21
64 11
63 10
99 72
32 13
39 72
30 4
41 74
59 25
86 22
79 54
83 19
8 39
96 38
69 23
85 63
58 48
54 23
6 39
17 82
71 92
61 58
72 98
47 18
75 65
68 62
62 86
71 10
3 96
53 71
19 100
77 78
58 26
28 26
47 27
77 4
54 80
51 74
27 33
54 39
14 6
9 31
