100 314
100 52
26 33
35 55
37 29
50 15
70 13
97 46
76 63
48 77
83 41
35 61
43 69
25 86
65 97
52 22
80 37
84 27
11 63
20 78
74 2
16 7
15 53
12 65
52 27
95 37
5 88
16 72
4 34
60 26
17 44
27 8
47 100
74 84
86 40
27 88
12 3
65 28
82 91
35 9
62 28
46 90
70 19
51 48
52 26
23 38
2 14
74 51
2 34
78 4
40 53
100 42
23 42
35 10
16 78
9 30
53 31
7 6
11 31
20 23
39 52
25 18
80 39
44 52
45 72
50 94
99 58
5 99
92 69
61 59
40 80
47 29
29 81
92 88
22 31
27 55
73 36
94 66
62 66
31 37
88 87
17 75
26 20
7 71
71 60
64 76
33 62
45 42
11 35
10 15
78 8
85 17
68 39
67 57
20 98
76 40
39 44
85 87
67 77
92 74
79 59
21 35
25 23
93 19
98 2
26 93
89 61
9 52
8 86
84 5
53 81
90 52
53 3
78 52
41 39
59 36
34 6
46 50
63 8
17 5
28 26
26 48
87 74
6 44
86 95
91 51
79 24
88 51
31 95
54 3
36 67
60 29
67 84
39 35
55 2
65 43
64 45
86 77
91 84
36 34
32 29
79 27
84 100
67 91
66 7
15 74
85 49
22 73
85 30
99 73
47 30
71 97
36 96
71 88
3 34
52 73
96 19
63 78
33 47
80 100
45 10
91 48
96 53
68 18
22 57
74 53
61 48
95 15
63 21
88 59
3 56
94 92
23 27
47 60
95 59
80 82
73 72
19 49
69 22
3 26
84 29
73 51
66 36
33 7
90 66
54 8
64 55
83 38
30 69
88 54
54 6
78 65
44 38
2 76
14 77
47 61
61 33
78 2
13 49
76 79
92 91
56 16
25 69
1 11
19 89
74 79
20 4
7 63
19 16
85 12
72 61
56 20
61 51
55 82
94 79
4 9
43 98
5 61
93 71
4 95
59 7
30 70
27 40
4 23
5 2
32 84
28 25
55 51
1 36
70 100
78 5
20 77
84 37
94 99
33 18
82 50
69 66
26 71
67 38
47 97
29 67
50 47
82 64
68 52
66 80
95 90
35 48
45 87
16 73
47 55
81 95
54 15
11 36
85 79
86 23
84 42
77 8
38 13
50 44
42 49
72 6
17 52
47 19
94 40
48 2
60 34
41 3
97 84
97 58
38 80
78 7
88 53
89 3
99 21
46 15
64 16
96 71
19 33
94 91
77 81
27 6
47 57
54 77
30 89
14 46
67 46
31 1
85 19
54 70
29 83
41 75
51 75
54 31
93 98
48 86
75 26
43 24
1 100
23 75
20 11
17 19
20 18
26 67
33 59
20 48
77 39
25 60
83 7
49 41
46 72
95 30
96 31
16 46
54 42
47 75
