5000 156
3975 4012
4014 4386
706 3969
1820 1027
4427 2533
1328 1461
3303 1668
1794 2881
1616 3072
1933 3781
156 1092
4205 3815
2738 1237
2054 3441
1571 2951
3461 115
460 1572
421 4118
1082 641
199 3278
3816 2003
484 2157
865 2340
1784 2498
652 1095
1693 2963
3723 921
1868 2477
1645 3117
4841 2714
1631 1677
4016 1531
877 925
1466 383
843 2858
4388 27
2971 1657
2319 66
3560 4019
3489 4114
1797 234
4895 3638
1166 2186
1982 4782
733 685
20 3703
4021 826
554 2226
4490 270
2512 1870
2818 1637
3859 523
2505 1430
890 2337
1503 4149
3513 2621
3886 1540
1160 786
1760 3131
153 644
3932 479
4655 3593
4050 3819
4562 1506
2205 1006
4937 2349
227 4954
2855 2841
2169 1962
3764 3695
2700 4630
725 4239
2394 4265
1125 4465
168 3956
1755 3801
4317 4740
4323 2150
4919 3532
4792 5
1567 2739
1136 668
1680 2733
379 3885
859 4594
2030 1443
3044 1813
1258 1516
4439 864
1442 4810
1447 1815
1926 1821
4101 1411
3118 1718
2717 2293
2261 4686
1763 3275
4518 750
1178 1854
205 4386
1607 1372
287 465
1322 1504
3515 3328
3775 1996
4778 2037
1042 812
571 1100
4638 4139
3648 2216
1426 1884
252 3838
3621 3624
4511 1600
3111 1149
868 3906
1588 44
1654 3221
4211 3961
3159 4881
801 1521
4818 1437
4791 2008
2359 1862
1424 2274
2040 1145
2918 3540
4314 2081
4606 2999
1554 2300
2264 1405
671 830
2118 4062
2762 4749
1278 3895
3124 2707
2554 1506
1260 3381
3921 3414
1726 3160
4093 870
2933 3582
1956 2949
2262 360
3828 3817
2105 2007
3807 358
2683 2377
3653 2581
3760 2666
4981 470
3606 4665
2714 2219
4820 3318
50 4995
1423 682
