100 638
3 36
98 48
97 67
18 65
65 46
75 54
7 60
23 97
84 12
81 98
67 53
55 1
31 3
34 43
71 24
25 38
86 56
11 10
25 81
28 78
10 58
16 95
8 56
28 72
77 70
78 22
20 19
89 32
69 47
57 38
15 23
71 65
74 39
15 97
55 6
13 52
93 71
21 81
48 69
36 41
55 12
48 10
36 3
76 15
44 64
7 9
31 46
44 79
58 85
79 44
47 48
65 24
99 28
10 21
12 86
74 71
64 47
5 46
99 22
69 64
79 11
22 59
99 63
60 50
85 10
98 44
58 44
64 57
48 44
74 93
74 5
38 44
31 18
91 19
99 59
66 20
21 58
62 4
3 74
81 10
10 68
83 93
37 7
1 86
42 20
65 83
56 33
72 2
29 75
90 94
91 66
9 62
18 5
91 80
33 35
47 98
29 42
53 67
64 10
47 25
34 50
19 92
13 33
47 69
72 77
28 45
12 13
22 63
77 30
48 68
28 77
40 61
58 10
67 87
41 93
19 49
1 62
79 98
9 96
33 56
33 90
81 69
34 8
16 88
84 43
24 83
60 86
98 57
17 67
94 6
56 86
69 85
92 80
31 83
28 59
79 10
38 11
99 14
48 85
25 11
35 60
27 80
60 56
37 43
32 88
46 71
98 85
7 62
96 52
50 60
24 18
62 43
14 30
12 84
3 71
23 26
36 24
13 50
35 62
90 33
63 28
32 16
57 10
80 54
60 34
12 8
80 75
43 1
73 95
67 97
8 35
86 9
13 55
6 37
48 11
3 65
36 74
49 66
82 92
34 35
34 62
77 45
39 46
85 58
79 69
58 57
26 15
100 20
84 60
48 57
93 18
15 76
80 20
8 55
36 39
7 8
33 12
42 75
88 73
44 21
83 39
25 10
53 76
12 6
17 15
31 41
85 21
68 38
46 24
67 17
61 40
69 79
37 13
38 48
30 59
68 69
3 24
4 62
4 34
24 46
91 82
34 86
48 58
77 22
10 85
62 34
56 35
1 96
97 76
14 77
52 9
94 62
47 68
57 85
18 83
99 78
21 57
2 70
25 68
21 10
57 58
49 18
2 22
22 28
2 59
9 55
48 79
12 55
22 30
29 27
12 94
76 53
58 64
92 82
94 86
35 8
99 45
45 28
85 47
99 2
41 46
85 81
64 38
68 44
78 28
59 63
95 51
3 46
44 68
11 64
70 45
42 29
19 66
2 78
27 91
45 14
38 25
98 21
83 46
42 92
93 74
11 38
38 58
50 13
65 3
78 14
87 67
4 60
63 70
64 11
31 74
45 22
21 11
25 57
35 37
35 9
73 88
92 66
44 98
5 24
42 82
79 21
60 1
41 83
21 79
98 69
64 58
22 2
10 64
85 57
70 78
44 48
60 52
80 92
43 8
82 75
66 100
78 77
94 35
56 9
21 64
96 7
5 83
23 53
81 57
71 3
57 25
18 31
76 87
5 74
49 20
11 58
62 37
25 85
58 47
74 36
59 78
9 84
83 31
68 21
38 79
92 20
86 6
22 77
11 85
44 69
39 18
33 50
68 25
75 92
47 11
86 8
43 62
55 43
68 57
43 90
49 100
85 44
21 98
14 99
82 19
44 81
64 98
70 2
84 6
48 47
44 57
93 3
10 48
47 38
96 94
27 19
75 29
24 36
39 24
86 90
29 66
19 91
44 58
88 16
54 42
65 41
12 37
33 60
10 98
87 23
100 75
96 13
79 64
24 71
7 34
23 17
1 84
29 82
74 65
50 55
39 71
86 55
51 89
13 90
79 48
75 66
71 93
94 84
5 36
30 22
86 62
71 5
92 42
36 65
22 70
6 1
20 29
18 36
27 42
56 12
81 68
76 97
31 36
81 47
90 4
82 42
69 68
58 68
39 3
36 46
30 28
26 67
16 32
44 10
71 39
33 43
6 8
10 81
3 5
78 59
24 3
18 71
94 90
71 97
78 63
70 99
59 40
62 33
30 14
75 20
69 11
11 69
53 23
83 71
64 68
60 12
85 48
89 16
46 3
8 34
66 49
78 72
29 92
45 99
87 17
2 45
43 12
77 63
21 85
49 91
31 39
27 49
77 99
37 4
28 99
94 37
18 46
54 27
39 74
21 47
64 48
34 13
97 15
62 86
41 71
39 83
46 65
87 26
98 64
38 98
48 25
89 73
68 64
62 12
49 27
6 9
52 13
25 64
85 11
21 48
54 66
24 39
78 99
98 58
17 97
68 58
84 7
85 25
94 55
38 10
93 31
46 93
55 8
87 61
10 69
70 30
48 98
34 84
18 39
65 18
57 21
31 5
83 65
59 77
71 46
30 72
24 65
47 79
63 14
21 38
100 92
74 3
79 81
96 46
89 61
39 41
35 96
86 1
57 69
81 85
13 86
54 92
85 79
57 48
38 57
18 24
36 18
8 50
19 82
36 31
53 17
74 41
84 86
46 83
72 28
70 77
38 21
97 26
18 41
10 57
27 29
70 28
60 43
30 45
28 30
45 59
39 36
52 94
22 45
84 9
12 60
38 64
70 59
68 10
39 65
20 27
36 5
4 1
47 57
29 80
57 44
35 50
34 4
84 8
54 82
69 81
68 48
55 94
1 12
45 72
50 6
33 7
31 65
23 67
28 2
43 4
4 33
63 72
38 85
96 8
15 87
9 37
15 17
47 44
33 84
85 38
93 41
62 55
4 86
43 33
12 7
34 1
58 70
64 69
51 88
71 83
79 47
21 68
79 38
45 2
56 34
37 84
67 23
38 69
29 19
85 64
55 9
18 93
57 81
36 71
66 29
11 98
98 38
71 18
10 44
69 21
6 35
84 94
19 54
100 66
29 49
58 98
