100 1636
39 37
76 57
7 13
32 49
78 22
13 37
2 69
14 20
3 2
83 36
22 78
10 2
78 61
95 58
34 82
38 69
29 66
42 36
93 72
4 84
47 2
89 45
58 4
53 74
72 90
84 67
53 62
43 5
93 5
28 36
2 62
27 4
25 8
11 27
74 93
84 58
29 19
34 84
35 10
55 66
52 53
9 51
76 55
61 72
22 43
17 7
94 5
16 33
61 93
34 95
100 41
39 35
69 32
21 66
38 48
54 92
85 90
39 48
17 41
56 21
17 16
39 52
39 22
39 85
74 92
35 74
74 86
87 74
99 100
37 79
43 90
92 72
88 2
17 52
2 41
90 52
76 11
7 48
72 2
10 74
49 69
51 9
2 99
41 90
69 87
16 62
92 17
65 20
98 66
45 9
46 44
15 26
39 90
53 52
53 92
88 90
49 100
78 49
63 31
1 83
3 62
2 54
29 58
4 66
21 34
47 92
86 3
80 27
72 61
50 45
58 98
56 66
2 3
51 89
85 39
25 60
17 10
37 86
74 10
49 53
61 3
71 14
93 78
47 79
82 98
54 88
7 62
98 80
84 27
32 43
86 74
21 58
87 54
16 92
7 99
44 8
3 48
3 43
37 72
5 41
61 62
41 52
80 29
55 98
29 21
67 21
3 38
79 74
48 92
39 10
4 19
79 100
29 84
90 86
37 43
80 40
55 11
4 95
90 48
98 95
93 43
93 52
88 53
99 90
66 4
61 54
4 82
78 37
40 21
22 69
85 88
32 92
69 37
4 67
61 100
41 48
48 22
95 11
61 52
98 86
54 39
76 95
82 76
38 43
62 3
27 29
82 19
17 87
43 47
9 75
62 92
62 16
48 3
19 58
72 79
72 52
36 28
70 30
58 19
61 87
38 78
48 47
56 82
61 90
54 49
17 13
58 29
17 86
50 89
43 74
94 61
56 40
3 33
54 16
99 35
88 86
7 17
52 17
74 79
80 11
54 13
62 48
79 72
47 99
16 43
76 82
66 67
88 35
43 100
57 55
57 84
54 2
98 27
32 87
85 22
89 77
3 17
43 17
52 2
67 66
39 94
32 13
21 56
16 38
100 7
92 16
19 95
54 61
78 86
86 47
79 7
79 78
93 85
85 13
84 80
94 87
55 76
47 61
63 28
7 74
32 61
90 78
16 69
11 98
19 57
7 54
85 10
56 29
34 21
62 47
5 49
31 1
87 10
40 84
69 35
93 17
41 17
22 48
100 53
43 38
35 33
80 4
47 69
4 58
99 49
45 77
96 51
7 90
17 90
22 2
47 7
69 41
13 35
17 48
43 22
16 35
82 55
47 10
94 16
53 69
18 15
41 92
18 91
62 94
82 56
87 53
87 79
60 25
100 99
61 13
2 61
10 16
33 2
33 48
99 16
93 94
9 50
92 33
63 77
89 9
17 72
92 39
53 10
90 69
41 35
22 47
4 55
94 90
94 3
18 26
55 56
32 2
83 6
69 94
82 80
5 94
52 74
92 85
84 98
78 43
11 40
72 32
41 39
10 17
38 47
99 54
13 38
57 67
39 3
40 57
40 29
38 35
5 33
24 91
87 90
66 58
99 47
78 48
78 93
74 32
4 57
72 88
33 92
95 67
35 5
52 69
34 57
92 37
78 41
29 11
43 37
12 46
53 79
10 92
10 3
49 99
49 93
38 53
90 22
66 84
35 17
16 13
39 92
32 39
49 85
76 21
79 16
32 93
49 39
92 94
3 94
13 17
46 25
60 12
38 79
67 55
38 99
19 76
79 37
14 71
72 13
70 71
47 33
72 49
19 29
40 98
13 33
77 9
42 1
37 78
90 3
38 62
67 80
32 10
11 84
30 14
5 53
58 82
10 54
21 27
62 35
3 32
27 67
88 38
76 4
57 82
22 100
11 76
78 3
61 38
72 38
49 62
10 47
26 97
78 85
49 10
24 59
16 100
39 69
37 62
87 69
63 83
30 65
87 32
19 55
13 74
57 4
22 10
47 22
39 43
45 51
96 7
22 7
21 80
35 79
54 38
16 32
20 70
99 5
58 84
33 54
82 57
95 34
95 56
48 2
69 38
62 49
54 7
5 85
23 73
52 48
93 49
95 82
87 47
74 13
85 16
5 92
17 22
87 94
78 54
21 11
5 37
85 99
54 53
87 16
43 10
49 48
62 88
57 58
13 90
62 32
66 34
59 24
88 16
95 80
86 61
53 3
19 40
5 16
22 39
33 17
80 82
66 40
47 35
69 47
54 74
48 94
88 13
27 95
88 72
98 34
2 86
49 92
88 39
19 34
99 37
94 92
43 7
47 93
52 90
1 63
67 98
21 4
86 78
49 54
21 76
3 92
48 7
3 5
92 38
100 86
7 38
96 77
93 38
32 99
74 37
29 56
94 41
32 88
61 79
37 94
93 32
86 33
66 82
72 74
62 41
85 92
17 85
54 94
33 69
49 33
49 41
62 79
90 85
21 84
41 85
81 59
48 79
96 89
37 3
96 50
52 22
99 61
11 29
13 93
32 7
89 50
40 95
72 17
21 98
58 55
82 58
53 90
10 5
90 13
60 8
72 33
33 3
7 10
86 92
85 72
20 71
99 85
53 22
47 53
85 37
43 94
87 99
33 62
58 56
90 39
79 33
61 48
57 40
100 90
14 65
69 85
86 49
85 74
87 48
33 61
73 65
39 33
54 5
43 93
22 72
53 16
74 2
76 40
68 81
13 7
3 74
27 21
88 69
16 93
34 27
72 22
86 100
33 37
53 93
43 41
40 4
54 22
17 32
90 72
58 80
47 41
32 35
92 43
66 11
90 32
52 33
80 58
51 75
86 10
87 41
7 92
78 69
36 1
33 38
17 61
87 37
69 90
14 70
37 39
99 48
13 85
88 10
47 62
58 95
100 10
99 87
55 95
13 87
48 61
52 79
11 58
9 45
41 5
92 88
67 82
61 88
53 54
27 57
37 10
53 35
16 87
73 71
100 43
38 33
53 37
27 19
23 71
72 37
75 50
98 67
92 5
22 79
48 85
66 19
67 34
21 95
22 62
80 95
17 99
72 62
78 17
87 78
7 53
58 11
43 61
79 90
47 87
90 99
54 62
10 62
92 49
52 78
3 90
8 25
52 41
95 76
59 15
21 67
33 5
11 4
85 3
69 7
76 19
67 84
89 75
22 32
4 80
99 86
17 78
52 7
74 39
85 79
38 54
43 3
66 76
78 90
53 78
10 33
93 53
82 21
21 55
99 72
11 19
61 69
53 2
17 93
16 99
39 62
48 90
88 62
32 78
35 52
7 39
33 93
56 84
95 84
99 2
88 93
48 87
46 12
5 74
47 74
3 86
93 48
55 21
70 73
92 87
67 95
22 53
81 64
10 79
78 2
35 54
16 72
69 61
47 49
43 78
52 99
80 76
100 74
74 41
58 66
94 32
47 39
10 90
85 61
27 76
17 94
6 42
2 49
92 35
34 66
53 88
85 69
94 100
2 5
39 16
96 9
99 17
56 80
7 5
10 48
16 94
7 79
85 52
98 82
21 57
79 10
61 92
57 98
2 10
41 49
19 82
100 3
92 53
61 2
57 56
98 40
79 87
86 85
47 5
54 69
2 72
7 61
62 17
56 55
41 72
13 43
2 16
100 88
17 39
61 85
80 66
27 80
54 72
74 47
4 27
86 48
11 56
32 72
24 15
43 49
65 73
16 10
13 69
34 80
85 35
41 43
35 41
47 72
16 37
61 49
5 52
51 45
71 23
11 55
79 48
85 93
74 85
76 84
56 19
62 10
22 99
27 11
78 74
27 34
40 27
19 21
79 53
5 99
85 87
79 43
2 13
88 54
42 31
37 13
57 76
9 96
62 22
22 49
62 74
82 66
41 78
20 23
48 74
97 18
69 92
69 39
58 27
90 49
10 93
29 80
38 10
11 57
95 29
86 94
22 90
80 55
35 22
67 58
33 94
55 82
43 16
92 22
86 5
43 69
74 52
32 69
69 49
38 37
53 49
13 3
38 74
35 37
15 24
85 33
69 16
54 48
87 33
79 88
60 46
84 21
37 32
74 5
32 53
94 33
56 27
57 66
62 99
37 100
10 38
17 3
3 78
41 61
6 1
92 79
82 84
62 7
88 78
65 60
40 55
83 31
87 39
48 100
65 23
5 90
4 40
48 62
26 59
2 33
73 14
31 42
2 47
58 67
16 22
32 41
51 77
55 67
99 62
40 82
92 52
90 74
92 62
10 53
76 98
19 67
10 7
69 93
5 54
15 91
22 16
38 17
26 91
88 99
19 4
2 37
61 32
100 17
62 39
72 100
57 27
86 69
10 88
34 55
56 57
41 3
13 100
100 61
98 55
27 56
34 4
61 74
41 38
100 33
7 37
79 39
95 57
74 72
56 67
2 48
4 11
100 5
16 78
10 86
100 62
47 16
49 2
16 90
49 52
70 23
35 7
23 65
20 73
52 61
16 5
100 16
49 3
91 24
86 99
56 58
11 21
3 47
59 26
95 98
2 78
59 97
53 38
17 5
85 94
74 69
4 29
3 41
99 92
13 47
48 39
5 38
57 80
74 88
90 87
40 56
85 86
50 9
38 49
52 86
56 4
41 62
53 99
72 93
34 58
66 98
66 27
41 94
87 52
32 74
34 29
88 74
87 35
7 22
94 22
11 66
84 19
4 56
19 80
90 54
13 92
82 4
39 38
33 39
30 73
93 54
91 26
88 47
5 87
49 37
43 2
92 48
37 16
9 89
100 93
6 63
2 32
5 10
37 54
44 46
3 93
76 56
13 88
72 69
32 22
69 54
1 6
72 92
4 21
94 72
61 99
50 77
5 3
79 94
6 36
48 5
38 39
77 75
92 7
13 22
32 33
95 55
90 53
74 38
38 22
5 7
39 2
62 85
47 85
47 37
10 39
41 16
30 20
37 87
49 79
94 38
97 26
99 22
41 87
37 69
32 79
43 62
41 10
76 66
40 11
10 72
85 78
86 38
17 62
84 11
22 61
35 48
67 19
93 100
32 86
79 13
35 53
22 87
58 21
57 34
56 34
43 72
52 92
99 88
2 17
27 98
99 7
93 39
43 35
78 39
79 2
92 90
33 79
94 49
92 10
74 78
57 95
92 47
21 82
93 88
92 86
66 55
7 72
78 47
47 52
10 87
74 100
10 32
13 54
10 41
58 76
99 10
2 93
99 3
84 57
28 1
94 48
84 82
48 69
6 83
82 29
35 90
29 27
85 32
43 48
52 87
48 53
86 43
55 19
100 65
5 17
12 44
17 53
67 57
7 86
87 13
21 29
7 94
62 33
38 90
94 78
37 99
47 78
52 47
76 29
41 88
78 62
39 17
13 39
76 67
94 17
40 66
98 19
79 93
3 87
80 84
100 79
49 7
40 58
100 72
93 99
19 56
95 21
35 69
67 40
41 32
66 95
43 87
98 29
31 28
72 16
11 34
86 90
49 35
49 87
86 7
93 10
61 22
37 48
48 41
49 61
14 73
34 98
16 3
13 16
99 78
29 98
88 48
13 78
4 76
17 100
53 100
100 92
90 61
52 38
4 98
92 100
55 29
67 27
27 40
54 10
69 62
43 92
38 16
98 11
5 61
80 34
66 21
94 74
2 85
65 30
85 62
69 100
49 47
57 21
29 55
4 34
53 72
41 13
3 52
3 10
38 52
85 38
62 93
94 86
34 56
54 17
82 34
17 47
75 89
40 67
67 11
29 57
12 8
84 4
54 79
43 88
61 37
22 92
92 93
95 40
61 86
29 4
35 49
27 84
14 23
79 41
29 95
35 87
43 13
32 52
52 13
76 80
85 47
76 34
87 43
87 62
33 16
53 39
43 99
79 69
29 76
69 48
35 72
43 54
78 94
2 39
78 87
88 41
58 34
32 48
5 100
93 79
61 5
94 52
56 98
69 3
35 88
37 7
92 74
80 67
86 53
89 51
59 8
53 17
100 94
67 4
3 39
75 77
61 33
79 32
22 33
88 32
34 67
99 74
95 27
11 95
69 99
41 2
90 38
23 14
48 32
62 53
39 13
57 11
55 40
76 58
69 2
5 79
27 82
45 96
33 85
13 10
84 29
55 57
49 90
72 78
84 34
74 61
2 90
84 40
62 87
53 33
40 80
100 54
33 7
55 58
100 13
16 2
88 85
25 12
78 7
98 21
57 19
10 35
16 47
16 74
55 4
48 37
56 95
16 49
22 17
49 22
80 57
94 10
66 56
87 17
35 78
82 11
3 61
41 22
2 88
88 5
13 5
3 49
38 86
98 58
58 57
27 58
35 92
99 52
33 43
32 17
45 89
54 3
73 70
54 47
48 43
10 69
3 99
87 38
79 47
41 33
93 86
58 40
40 19
100 37
50 51
48 13
76 27
52 35
86 39
94 79
67 56
5 88
74 48
52 62
28 6
93 90
80 19
35 43
54 78
27 55
86 41
79 99
35 47
53 48
35 61
2 38
62 78
52 72
14 30
72 47
47 86
24 18
41 47
82 67
11 67
55 80
80 56
29 34
57 29
72 39
3 54
19 98
74 90
74 54
52 3
38 7
19 11
1 28
33 78
21 40
82 95
18 24
33 13
16 48
45 75
94 53
29 82
13 52
3 37
56 11
11 80
8 60
82 40
38 93
87 72
75 9
39 72
98 56
52 88
62 52
11 82
74 22
32 90
52 10
90 2
48 10
100 38
25 46
33 47
71 65
20 14
21 19
36 83
93 16
88 87
2 43
47 90
98 84
32 38
52 43
94 39
84 55
26 15
38 5
7 49
84 76
66 29
54 85
41 7
80 21
35 94
80 98
72 5
39 99
86 93
40 76
75 96
5 93
38 2
84 95
61 16
90 10
61 17
7 87
90 5
87 100
30 23
94 43
78 35
95 66
43 53
77 51
32 85
100 35
91 97
99 79
98 76
62 86
54 35
33 99
15 18
47 48
10 99
48 78
33 90
90 16
1 42
84 56
38 32
37 47
10 13
88 37
36 42
85 49
55 34
67 29
34 76
13 2
66 80
22 74
86 88
33 86
100 48
33 10
19 27
5 86
54 86
92 69
2 7
16 61
7 78
10 52
3 16
33 32
62 2
85 48
16 85
88 94
48 35
34 40
74 33
82 27
5 62
19 84
99 38
47 3
35 99
7 33
98 4
74 43
37 61
86 2
19 66
67 76
84 66
48 49
94 47
100 47
96 45
86 17
13 41
92 41
72 48
54 100
7 2
74 53
54 37
90 37
43 32
38 94
64 68
74 3
43 85
2 100
56 76
69 33
99 53
61 47
39 61
90 88
72 85
93 47
13 49
