1000 8577
266 431
500 286
313 464
164 840
267 278
741 54
717 188
176 566
332 388
852 386
656 774
270 941
91 559
889 308
882 191
902 137
848 260
972 286
934 279
525 446
430 387
498 974
628 559
814 159
381 738
840 808
706 866
438 807
580 674
634 900
674 142
900 662
249 344
730 403
136 88
66 886
525 241
133 226
724 276
216 972
559 125
972 464
379 20
324 926
74 949
747 756
45 984
380 59
354 49
525 544
351 228
781 461
766 143
609 564
156 894
807 308
979 665
707 188
814 935
344 172
916 390
437 581
379 866
126 1
60 803
799 75
581 279
438 562
582 125
254 436
902 358
684 180
477 14
586 646
533 354
840 299
663 586
420 774
780 638
780 909
270 803
60 637
491 178
459 559
916 524
683 616
898 580
505 743
260 909
172 861
439 308
681 537
14 382
23 318
692 840
926 299
226 170
268 883
852 292
12 386
218 204
873 942
70 540
93 898
159 153
310 725
40 799
942 386
537 616
86 159
574 616
763 586
753 873
31 852
169 308
18 237
420 379
54 278
638 692
572 963
574 580
805 411
20 528
7 903
780 330
204 328
537 147
263 859
492 20
12 831
627 587
494 899
97 739
772 342
49 789
763 828
665 637
354 672
701 235
60 916
916 180
92 491
276 707
922 824
527 316
315 291
836 533
981 576
49 382
741 91
79 672
417 749
700 140
8 330
839 571
505 730
492 267
941 159
723 973
608 88
303 630
562 739
902 898
147 792
808 459
62 72
54 640
674 184
299 537
882 15
792 628
562 415
707 62
264 325
657 184
358 525
439 289
390 264
480 75
411 93
789 79
498 169
299 672
439 780
831 544
574 639
881 422
463 629
76 593
621 79
968 100
559 537
600 754
147 794
72 79
153 60
436 804
537 40
379 313
39 590
75 411
537 381
403 74
761 49
234 14
610 701
347 682
438 908
831 169
266 313
309 568
97 803
40 580
431 386
278 330
392 530
340 73
416 937
848 91
663 656
707 684
241 12
753 308
847 210
644 170
814 344
415 354
524 741
805 40
12 337
234 266
886 715
74 125
289 54
133 170
60 464
194 115
663 464
637 804
145 19
241 861
81 600
278 942
415 525
160 773
559 508
700 920
942 794
979 350
292 446
646 372
164 40
542 278
162 572
23 20
792 701
765 392
153 743
204 218
882 645
984 31
796 896
946 436
514 871
708 211
60 500
411 582
848 292
169 60
524 753
672 969
631 674
180 278
308 276
992 279
776 130
837 926
533 674
753 534
799 266
477 289
774 899
367 369
136 743
610 97
420 963
308 180
804 464
889 789
386 162
5 603
172 926
588 379
164 446
267 562
710 270
278 544
695 218
480 710
660 421
416 784
36 659
557 765
267 23
831 431
662 360
586 761
724 935
85 583
559 379
386 446
226 20
140 965
45 332
753 657
379 492
316 61
533 27
692 86
133 537
439 86
216 330
972 738
446 898
182 366
580 807
637 963
20 794
542 446
318 170
272 958
460 606
41 648
313 562
972 789
949 180
72 763
388 935
505 31
784 360
559 942
773 261
831 574
225 367
836 739
317 433
547 12
804 534
45 260
54 332
203 345
763 439
741 926
528 861
588 97
977 488
639 929
684 512
942 445
935 136
683 738
512 631
54 763
916 354
147 866
318 572
266 445
572 249
14 88
534 818
646 586
299 27
734 121
598 999
289 20
580 344
378 134
415 672
446 831
287 408
738 512
500 873
318 674
19 736
516 420
440 310
318 514
386 929
588 621
154 855
541 203
267 318
249 926
724 439
799 438
627 66
946 656
250 455
164 761
164 979
15 864
14 170
898 637
452 705
313 162
358 574
292 508
979 792
292 497
949 741
631 528
270 707
625 739
266 941
508 818
966 623
687 666
162 254
72 480
254 562
508 763
302 66
358 639
562 792
521 893
52 474
707 808
147 289
302 284
430 925
533 390
663 743
794 792
97 672
774 354
599 724
644 625
844 12
172 582
403 837
533 324
411 572
674 350
59 825
79 559
38 743
215 686
104 608
15 859
836 325
497 97
561 809
86 289
309 475
289 235
898 93
701 979
559 929
586 478
254 537
62 761
498 235
493 321
837 908
818 188
8 804
382 169
350 299
8 172
766 32
20 823
625 478
45 889
972 949
674 480
146 915
873 147
73 237
949 494
332 625
91 837
965 4
836 164
137 180
977 453
86 738
492 562
804 324
717 512
889 91
706 789
959 863
831 330
794 62
170 91
741 701
889 761
657 500
657 464
640 963
674 188
270 640
840 382
178 93
140 284
431 133
987 136
525 180
831 848
31 147
683 763
260 136
282 749
411 542
742 702
524 379
803 75
808 494
679 653
8 544
774 292
260 388
142 464
299 446
53 836
66 166
861 278
631 524
75 599
62 644
929 625
575 81
658 949
935 657
142 926
266 547
382 656
902 390
299 164
824 523
628 805
164 794
379 818
984 979
991 905
330 969
498 97
972 514
672 852
126 456
498 663
136 638
372 445
292 804
984 267
2 689
234 208
276 508
27 14
796 272
646 909
516 828
621 403
683 701
829 215
908 638
844 710
537 665
137 264
562 492
665 743
808 159
289 681
411 808
420 390
743 188
238 556
840 477
640 804
411 289
627 750
907 671
974 724
363 503
899 249
692 93
621 505
664 688
400 837
172 62
763 400
164 292
494 366
325 216
926 987
88 741
159 497
210 784
38 289
559 14
958 881
684 528
784 183
267 292
979 514
491 818
289 420
599 663
559 814
97 31
683 92
38 491
299 88
185 388
226 871
292 142
74 23
190 186
861 40
993 143
663 292
99 636
599 330
166 645
679 648
8 803
861 663
431 91
436 62
254 792
318 908
743 706
707 805
808 492
91 54
794 974
491 446
537 505
446 88
984 411
870 326
208 852
616 390
260 372
20 480
318 188
480 164
717 743
544 159
318 658
329 139
235 8
382 580
908 640
574 658
643 522
984 916
400 276
984 289
789 75
174 141
871 372
630 303
674 512
814 267
415 898
580 425
324 366
400 706
588 658
492 979
446 254
344 185
524 411
61 722
76 548
866 621
382 379
886 237
325 318
701 621
332 710
93 136
639 562
625 562
655 617
908 807
415 683
534 12
562 31
692 814
974 170
629 247
170 185
264 683
92 528
899 125
364 69
634 937
657 91
797 880
599 935
259 16
337 544
743 299
403 400
148 988
278 182
805 431
289 74
235 663
739 292
308 514
267 289
876 700
663 684
299 508
909 27
93 153
340 284
542 241
909 480
415 562
60 804
628 547
86 837
37 195
332 984
182 337
382 40
60 366
93 491
337 216
31 972
239 39
840 761
125 445
498 799
60 807
33 413
188 852
445 8
837 803
528 104
516 92
871 459
467 584
525 104
79 562
72 743
844 477
372 381
866 162
828 942
379 354
366 91
477 794
204 69
836 674
926 656
898 86
86 292
625 292
446 656
715 627
420 979
497 31
848 625
982 280
129 564
20 270
324 97
969 926
162 415
422 958
743 318
804 491
724 837
324 873
237 920
621 544
147 963
27 902
547 60
658 899
608 403
524 828
62 480
219 10
949 935
264 153
803 292
168 424
74 162
963 49
350 780
545 540
710 182
804 497
916 74
533 805
162 492
722 653
625 169
332 436
899 663
270 831
533 707
185 818
84 412
582 525
459 249
852 908
159 49
20 500
574 683
409 342
588 459
942 226
431 188
852 836
8 646
734 421
164 674
644 184
337 382
628 852
478 706
299 681
14 133
533 599
888 485
866 840
8 54
926 814
505 415
313 871
799 480
238 369
136 780
586 665
494 616
730 249
48 581
92 547
136 425
188 805
226 837
807 162
774 908
508 500
949 684
533 45
508 14
354 542
494 354
400 582
559 657
958 422
188 125
8 234
75 60
41 911
621 792
657 814
808 350
492 972
375 565
185 286
916 804
585 917
774 75
276 761
972 172
508 54
799 478
639 774
610 308
888 611
86 445
599 500
665 20
372 683
963 420
278 500
379 534
340 587
185 358
60 159
234 935
979 12
548 206
8 366
848 586
837 533
400 807
45 528
185 949
799 794
514 929
505 582
984 852
20 366
461 429
580 49
276 235
774 799
852 621
510 958
631 137
610 780
388 799
969 640
663 987
586 739
758 754
717 45
75 332
286 987
459 386
350 514
492 62
386 313
805 926
374 218
763 831
313 372
987 464
871 497
382 852
979 420
1 793
909 60
72 344
379 544
823 286
82 227
302 73
645 882
498 807
14 969
534 828
909 45
49 524
691 513
254 172
188 299
641 754
724 780
350 866
902 235
358 12
572 926
684 97
388 717
805 45
663 178
741 382
828 308
318 926
177 869
436 153
946 628
91 929
538 360
369 225
420 74
159 683
266 637
157 598
528 381
84 418
185 178
8 216
182 974
963 683
299 926
276 908
53 724
805 350
354 979
764 822
11 517
381 27
344 866
979 75
908 574
837 674
498 31
941 804
483 118
761 178
196 994
31 674
942 153
216 23
241 684
171 334
267 188
866 663
117 435
60 276
898 185
143 947
707 137
92 136
544 646
941 926
544 264
848 743
185 500
646 730
516 803
805 610
276 325
249 27
409 858
739 241
916 542
309 295
332 949
49 608
23 804
882 248
974 684
119 466
537 386
260 494
706 62
537 657
284 864
492 898
974 178
864 340
382 987
987 505
137 436
480 125
278 125
608 137
891 755
386 717
831 358
823 330
586 350
136 180
663 477
656 808
267 873
308 330
874 471
27 358
671 285
861 572
90 600
514 270
710 330
491 91
439 62
235 717
320 345
909 852
358 235
702 173
464 235
21 623
979 929
789 318
905 115
237 340
344 278
164 142
864 813
684 381
73 191
581 992
588 38
178 861
852 20
763 534
828 761
979 525
118 143
722 649
332 963
235 439
862 314
191 886
393 632
459 639
20 420
178 908
935 216
657 431
941 848
524 464
498 379
851 629
27 692
92 147
663 159
823 420
803 902
889 840
514 681
628 403
639 542
911 303
562 898
465 389
23 480
984 631
48 437
512 386
672 616
164 497
911 839
844 332
671 351
494 972
188 707
547 235
170 241
4 920
235 164
162 942
130 510
27 803
866 837
278 38
848 299
637 91
366 524
637 137
72 525
208 366
639 599
724 701
8 616
963 372
235 987
804 260
241 505
266 162
639 533
589 168
559 104
753 49
681 400
908 610
631 909
97 844
344 180
366 266
97 164
610 54
318 445
748 144
289 929
946 899
436 608
420 289
663 582
631 547
637 621
596 556
871 8
185 974
562 625
299 92
750 191
162 559
53 388
372 608
437 363
289 908
919 224
147 949
949 477
987 38
962 697
72 926
707 979
164 477
853 600
6 369
599 942
324 935
638 188
555 347
112 364
935 873
453 412
743 278
528 873
110 473
226 707
320 660
420 88
75 639
254 162
979 23
792 45
88 477
439 381
803 54
644 478
514 608
963 93
235 763
91 79
27 646
40 902
103 202
325 172
45 792
873 500
697 200
60 710
142 27
125 330
14 411
684 403
492 494
572 739
793 116
235 325
827 996
537 831
638 861
40 663
241 234
132 451
710 494
588 382
574 646
713 146
809 375
286 969
837 125
25 702
400 313
804 184
159 388
741 774
946 350
580 658
559 60
53 753
497 963
866 72
223 529
717 235
524 665
889 431
497 278
478 763
400 929
672 644
738 133
263 140
587 237
295 367
354 807
819 633
409 448
544 188
926 324
169 692
88 459
908 75
93 638
415 582
743 724
867 239
707 178
871 379
657 169
446 516
946 582
289 292
172 848
658 235
439 497
480 831
665 477
640 631
155 927
929 665
125 344
908 707
59 546
823 534
701 234
234 494
264 889
97 512
621 325
628 637
612 829
144 943
464 528
38 420
136 439
325 941
859 4
136 724
780 446
625 172
941 12
823 366
332 260
738 235
949 683
12 823
890 312
681 657
477 491
724 491
672 415
477 178
14 559
137 972
621 8
153 88
963 542
267 610
325 180
395 131
147 823
8 184
544 528
342 448
142 235
254 814
266 672
420 325
81 630
23 508
86 941
411 803
75 658
308 350
381 974
49 313
38 544
491 644
235 542
646 79
436 946
172 741
40 491
963 916
8 60
142 637
31 608
459 372
97 153
663 979
182 818
658 386
941 644
536 166
599 45
86 692
963 588
586 358
266 49
53 480
805 324
718 248
840 289
656 289
40 45
940 930
572 241
833 933
170 724
949 657
942 497
284 140
949 929
292 640
889 388
79 866
498 525
957 306
542 60
105 600
969 153
634 698
508 638
324 572
761 984
325 270
64 230
902 403
88 599
144 796
142 963
926 899
820 927
631 170
674 270
889 637
54 974
689 648
646 226
302 166
400 264
610 379
50 751
899 14
544 621
840 20
703 201
837 542
79 599
794 350
325 415
59 964
292 436
116 1000
512 436
789 185
608 625
927 391
528 969
935 625
137 987
416 312
548 940
235 159
516 264
789 403
249 644
125 987
544 249
690 479
494 27
743 657
92 60
169 646
500 381
508 969
637 358
802 872
888 530
882 920
684 208
743 480
355 723
237 718
514 542
278 638
582 586
738 92
331 734
800 647
62 929
805 494
14 125
775 132
478 638
14 942
137 308
984 537
79 330
52 829
969 446
226 74
497 580
544 382
835 856
344 789
644 621
639 386
386 93
599 93
14 324
707 254
169 574
366 588
436 382
328 858
125 372
663 249
639 799
568 511
795 720
292 780
45 861
379 491
783 786
125 464
93 92
308 14
79 445
182 60
382 438
852 984
992 64
500 153
308 621
420 621
184 420
774 79
188 909
644 574
807 628
488 870
553 877
510 748
972 438
830 649
459 478
169 753
665 184
774 525
299 313
301 591
709 654
29 796
771 548
169 494
674 533
208 97
935 701
789 142
665 411
738 40
459 807
454 747
997 9
62 358
574 226
226 159
332 665
31 74
411 164
324 848
899 580
422 272
763 544
525 133
909 330
249 93
814 324
208 182
147 403
178 743
823 908
893 576
292 889
511 596
23 644
241 942
844 313
974 445
337 276
631 20
717 264
382 366
140 750
740 698
60 902
836 93
234 681
169 873
160 261
172 185
61 41
866 828
498 53
438 226
266 665
147 972
949 185
836 684
706 974
386 665
710 792
477 318
546 397
871 929
637 23
898 528
658 528
149 262
677 924
474 708
208 537
638 492
896 144
93 861
514 559
916 823
559 524
260 681
299 808
306 816
159 621
503 64
180 512
324 459
534 169
761 133
837 544
86 818
625 254
159 249
908 264
789 738
794 512
542 249
318 818
438 308
403 445
599 814
60 254
62 525
972 38
344 313
237 645
480 318
639 871
93 14
823 480
91 20
806 612
926 683
730 62
638 823
241 792
625 621
104 498
337 292
794 332
27 170
249 658
657 559
8 926
83 85
207 195
266 184
226 436
88 935
292 403
337 582
254 494
79 625
599 372
805 946
445 492
278 586
169 172
681 804
721 923
823 459
929 608
898 170
308 610
120 232
386 12
842 230
241 276
382 136
38 216
807 74
926 861
949 672
608 562
902 8
515 244
506 469
420 866
413 383
852 969
27 241
270 249
388 949
92 514
514 512
299 390
495 501
848 62
637 525
663 354
909 235
344 292
792 180
140 864
871 707
264 774
823 104
979 534
88 972
267 946
926 544
147 828
340 15
644 792
542 494
799 366
902 837
657 516
441 878
91 226
75 270
610 514
895 728
689 41
741 420
873 528
801 566
379 640
79 528
963 403
225 295
381 500
226 537
308 889
379 848
724 743
12 730
260 147
497 162
916 692
836 49
180 683
308 805
411 278
606 111
979 54
31 97
616 646
266 674
829 891
12 505
234 480
500 74
255 345
75 926
125 574
425 62
295 309
159 665
889 208
908 286
358 724
464 942
492 184
324 27
439 512
661 680
730 8
188 40
588 491
717 544
311 634
425 979
848 657
507 339
899 267
533 974
807 241
738 808
942 972
93 823
290 187
64 48
137 738
625 54
105 853
586 533
572 628
249 270
780 599
379 608
794 942
533 178
683 379
480 354
53 286
88 133
739 963
525 625
803 324
909 979
313 400
180 54
866 743
823 861
20 616
530 238
763 942
399 298
350 804
653 111
637 672
292 182
969 672
27 525
86 137
379 497
639 159
264 828
625 372
43 609
648 679
871 588
147 899
674 79
718 340
984 400
748 272
717 534
249 388
610 137
366 8
445 478
686 481
979 354
871 837
172 72
962 838
403 514
381 188
251 265
249 478
241 941
559 136
844 337
142 974
184 542
972 807
716 465
574 264
621 508
542 580
230 503
381 616
658 86
536 15
416 900
505 72
807 20
16 258
719 842
979 861
334 535
86 929
974 464
526 825
426 427
638 780
1000 850
828 580
705 731
379 780
292 616
234 621
500 446
916 508
325 836
180 75
488 380
498 147
674 169
684 185
38 142
987 53
298 716
588 264
852 909
672 184
616 459
264 706
69 328
674 133
844 763
249 330
530 611
657 621
955 33
536 302
366 656
724 508
400 866
770 319
584 59
191 750
984 75
738 491
264 871
330 949
254 621
52 612
235 184
500 763
866 774
492 608
701 382
646 706
20 963
162 159
524 420
41 754
803 616
386 91
753 381
640 871
871 431
97 354
380 490
508 528
896 510
390 477
446 286
941 344
464 814
78 149
730 763
665 837
188 477
299 908
340 813
516 266
249 104
12 494
72 372
534 23
62 616
344 848
848 899
830 810
542 40
909 574
644 949
72 707
182 516
674 559
574 547
44 456
133 866
987 324
459 23
400 631
330 580
707 264
22 883
372 318
511 568
834 703
216 436
706 104
706 325
97 445
414 865
853 830
848 170
814 62
299 684
898 53
258 304
669 51
542 803
559 93
782 798
92 926
935 684
332 898
137 656
808 147
93 235
400 72
969 929
710 159
216 625
871 344
720 331
178 45
777 353
505 621
613 549
753 818
916 516
823 946
661 167
621 420
390 104
588 794
805 908
340 700
379 386
133 935
399 742
831 582
838 341
397 434
184 92
439 464
257 985
330 692
761 524
647 669
722 89
717 831
439 743
512 803
583 760
270 525
40 639
270 628
386 803
644 646
325 665
40 774
628 508
358 861
438 420
366 180
320 206
209 347
514 386
972 665
459 226
836 235
898 492
178 270
711 194
537 86
40 717
135 432
866 818
260 743
873 637
582 318
153 794
840 497
738 805
814 807
171 613
381 753
586 840
929 425
196 334
91 739
625 137
552 742
309 530
719 992
599 524
153 852
516 276
254 706
631 580
69 112
710 941
840 547
514 92
88 337
831 794
803 580
844 621
926 665
425 738
141 611
524 153
491 299
431 49
970 812
438 264
580 738
324 497
599 358
390 313
225 238
512 74
929 533
388 235
621 616
963 524
350 739
366 313
780 381
263 587
153 278
610 984
866 208
626 558
656 544
942 169
96 727
169 505
106 145
665 415
313 54
533 969
818 278
426 613
831 226
23 92
430 275
534 524
615 555
142 178
142 852
572 610
974 234
74 979
534 873
792 908
276 260
706 665
494 974
104 625
392 141
266 508
665 125
207 435
979 608
547 136
178 438
637 848
960 416
929 681
104 574
544 23
823 172
169 909
780 524
107 19
480 844
330 415
462 205
852 337
638 372
159 516
674 226
180 439
861 492
588 494
431 267
323 604
164 425
610 313
411 972
807 582
804 354
254 60
828 400
810 911
930 331
164 789
803 497
350 528
8 278
61 830
337 871
665 23
803 286
902 459
403 621
420 828
512 142
289 62
8 672
559 91
803 525
707 162
72 902
38 477
350 665
730 684
799 180
828 866
739 525
234 354
823 741
612 215
903 203
963 637
628 946
354 559
330 908
88 494
984 184
650 475
993 483
93 477
379 814
31 332
185 125
325 562
902 701
45 909
104 672
821 490
644 974
180 580
946 332
54 411
133 739
516 730
379 974
388 324
276 637
289 631
41 839
673 493
497 724
909 182
62 574
739 942
807 12
813 920
504 958
925 304
136 354
616 861
325 480
446 761
325 926
9 194
658 278
663 512
799 286
260 382
509 209
937 784
823 929
60 184
918 634
170 137
169 324
909 438
663 610
55 966
254 942
350 508
445 534
516 792
616 803
889 562
20 425
261 826
184 332
286 514
337 344
366 276
54 172
142 674
512 97
844 53
657 974
929 147
66 284
950 931
180 974
987 20
640 861
180 254
610 646
608 658
18 248
588 814
537 324
375 482
946 180
761 844
938 114
873 852
978 655
621 572
586 313
270 789
237 191
270 672
208 147
325 332
616 547
574 823
292 185
14 234
324 789
491 514
987 299
861 254
459 445
606 543
318 763
142 902
644 27
188 935
823 889
368 113
789 497
162 537
490 59
525 332
942 979
379 264
656 941
836 266
136 72
267 987
935 332
940 345
929 574
582 92
170 665
610 683
366 516
266 136
243 667
987 337
93 54
943 748
498 701
654 767
53 86
73 886
270 828
836 534
902 266
438 761
808 616
208 75
478 837
889 658
419 396
739 644
534 38
935 249
979 706
726 550
298 591
891 474
81 897
639 707
658 133
439 916
73 813
270 497
987 608
308 125
942 792
761 710
657 266
930 345
935 74
438 332
477 987
804 848
625 185
289 267
20 638
813 140
807 386
170 313
241 701
330 681
706 631
234 142
172 828
62 241
888 295
741 889
400 707
386 616
908 188
53 823
639 763
908 354
91 935
140 4
587 645
681 40
72 547
672 93
831 438
979 828
478 628
622 798
439 241
534 182
501 923
638 508
828 987
249 31
559 445
49 79
337 478
86 60
313 621
490 579
743 97
823 580
691 613
254 987
445 818
14 741
129 327
494 492
963 390
937 520
902 656
184 278
45 411
899 537
142 459
27 91
701 949
498 899
345 548
393 991
234 534
974 674
794 681
961 56
93 147
818 459
807 916
946 799
974 505
350 234
169 62
254 88
322 356
350 270
147 941
222 160
163 797
510 422
266 386
792 692
159 631
12 621
360 108
876 4
942 133
497 794
15 876
88 909
674 498
706 637
780 572
20 949
205 83
610 93
79 169
93 544
844 792
459 818
844 972
136 803
646 91
180 663
507 790
525 974
739 62
899 420
459 902
264 681
72 741
140 191
799 500
925 139
803 637
574 780
695 112
54 162
969 803
599 381
831 639
739 20
582 382
445 403
342 204
534 743
172 97
508 761
644 182
216 54
350 774
276 379
237 965
270 337
254 182
278 972
49 706
547 324
47 691
182 640
180 241
434 418
831 403
823 184
804 840
542 104
935 62
297 975
415 974
92 86
438 710
6 295
381 445
949 665
804 717
808 235
640 23
266 898
105 61
164 792
861 979
97 505
333 34
498 528
871 514
366 264
477 267
137 267
276 184
464 631
596 530
805 739
963 792
663 899
717 260
840 411
445 972
425 658
388 234
789 208
656 147
510 504
946 153
286 644
122 664
332 684
415 267
153 330
810 90
241 308
180 79
908 40
480 382
544 164
749 967
861 366
969 537
491 969
505 400
909 969
83 206
170 216
226 169
719 193
586 837
861 803
264 644
840 425
49 926
828 358
588 62
191 66
185 480
23 72
533 909
631 318
969 420
184 23
987 153
169 299
266 828
14 683
379 411
254 400
324 621
185 701
492 639
935 500
350 425
86 234
979 267
184 761
512 208
492 54
533 637
818 805
582 425
831 180
848 706
8 562
119 860
142 840
91 75
384 968
807 738
8 942
823 638
182 789
631 93
256 995
792 909
286 276
582 170
74 354
868 476
295 765
987 739
212 879
908 436
263 718
318 528
374 378
908 963
384 391
616 657
628 710
172 774
909 889
97 260
137 789
608 789
710 684
249 808
332 639
97 159
866 147
201 654
289 276
898 464
646 366
244 399
182 330
861 459
332 53
580 789
871 739
807 86
403 739
898 524
861 616
125 814
415 916
497 942
706 929
185 616
226 814
796 29
707 823
941 381
320 727
844 984
170 544
542 848
401 606
808 852
640 381
724 946
170 582
599 873
512 717
386 104
575 111
510 29
208 411
588 803
963 646
621 805
516 610
93 350
524 542
805 492
648 649
724 31
905 9
735 532
852 707
472 123
313 799
637 400
665 381
425 216
984 91
381 871
528 445
340 882
354 492
718 715
840 8
492 701
260 684
639 93
491 241
234 692
517 195
967 564
492 657
814 54
828 625
974 908
372 366
185 133
185 497
657 547
327 252
49 908
12 969
45 608
891 211
805 381
638 908
250 17
761 97
808 929
60 840
640 984
254 799
658 49
91 299
684 53
260 525
241 446
637 477
799 60
464 534
254 276
372 637
358 162
916 582
935 899
562 91
162 270
350 318
871 692
480 804
774 717
659 107
45 299
184 480
104 162
172 639
288 977
796 881
64 363
710 313
831 308
91 354
66 340
23 665
535 171
309 174
364 342
898 804
640 753
547 780
794 159
627 645
62 805
166 4
74 899
684 38
241 580
409 364
889 188
537 142
330 657
299 289
38 72
542 638
909 358
984 386
142 580
780 663
72 537
665 840
886 73
528 75
279 842
276 299
178 899
753 929
533 665
276 818
324 267
902 425
38 162
263 920
459 86
514 344
359 229
916 717
382 684
267 162
159 420
136 267
438 582
267 415
586 823
386 672
928 912
40 803
739 908
840 62
974 62
386 358
332 459
799 588
72 534
814 431
692 528
848 889
157 554
425 93
898 292
979 730
672 987
547 657
873 844
12 753
631 38
159 60
562 710
164 125
559 707
876 864
929 104
308 616
12 741
706 159
45 137
706 234
313 631
299 478
147 235
313 741
182 54
628 8
166 718
109 735
464 478
27 621
825 995
159 478
926 803
848 663
908 403
308 837
684 963
308 249
346 768
512 411
61 460
533 542
459 330
318 692
916 254
658 837
436 313
610 72
92 610
683 534
133 701
260 45
638 631
616 741
692 963
182 514
344 438
575 571
840 724
899 852
87 734
170 267
640 542
422 130
464 325
494 137
142 559
278 969
73 876
693 26
972 142
580 987
941 909
49 717
66 920
136 226
446 663
889 40
559 74
153 574
74 828
142 916
382 621
325 313
621 446
94 177
124 48
658 818
639 358
400 681
300 336
700 191
20 780
241 86
354 547
497 88
646 658
133 805
497 267
86 582
610 836
524 789
616 31
14 86
525 325
534 866
23 425
400 852
945 960
753 382
909 23
761 500
20 289
390 657
873 49
681 805
889 969
499 659
233 549
75 459
20 372
646 388
241 350
403 125
343 28
754 80
658 153
889 185
422 971
492 949
792 674
447 913
411 477
459 621
500 79
48 832
425 823
616 172
183 800
805 840
86 586
644 544
909 241
586 547
741 644
289 792
142 162
899 683
906 561
889 534
208 439
665 534
93 498
193 832
330 464
62 390
264 286
582 743
866 31
972 86
358 512
574 164
299 23
400 480
366 350
873 674
572 491
53 828
651 7
684 730
248 886
49 972
381 625
79 684
182 683
525 54
45 706
789 866
386 524
366 330
172 804
646 803
639 286
382 559
81 460
72 324
576 520
386 844
162 264
497 439
784 210
866 544
889 608
286 949
478 153
136 898
582 104
500 743
459 534
386 75
774 332
665 524
358 184
324 710
189 756
74 54
446 381
640 390
15 882
608 381
528 249
386 92
232 63
439 75
681 807
425 724
644 390
178 264
637 909
125 665
480 286
889 512
390 684
226 505
431 580
136 818
898 366
663 372
799 929
208 640
942 646
446 681
512 942
249 866
278 761
494 823
23 516
313 898
707 640
547 730
548 85
286 586
692 400
799 415
949 512
724 866
505 663
480 266
14 325
608 185
681 574
403 681
972 133
942 639
929 366
889 724
439 147
628 235
328 218
599 400
656 814
381 420
739 608
533 494
491 831
182 325
45 559
508 38
470 693
382 445
8 717
235 23
492 260
385 78
610 420
494 837
683 588
477 164
974 828
562 586
344 844
311 51
276 267
344 639
873 54
324 547
916 942
638 848
631 289
814 794
663 562
237 859
787 962
761 38
533 710
830 401
883 764
744 966
724 20
254 524
492 852
125 366
2 606
267 40
260 717
704 907
313 616
270 415
392 309
191 859
692 354
717 500
515 678
34 953
104 366
267 639
974 743
136 580
491 170
20 861
162 799
580 949
289 741
949 637
403 657
431 142
861 438
425 241
400 498
987 898
12 216
464 162
692 789
480 170
153 724
586 60
226 92
516 942
237 15
864 536
836 27
866 852
438 974
969 637
572 542
225 888
478 497
358 792
180 267
146 709
81 853
12 425
544 494
284 15
88 692
995 84
599 79
49 866
542 23
464 753
482 197
181 680
559 681
902 942
299 692
497 136
761 848
542 500
588 415
544 608
572 942
381 12
562 657
266 40
29 896
739 544
608 844
464 182
324 582
951 589
513 613
780 926
20 741
276 332
14 899
646 324
861 871
861 739
420 12
516 656
563 430
864 882
840 524
638 683
98 910
446 379
559 963
899 743
908 818
459 72
926 799
226 658
692 125
638 137
613 47
572 381
382 446
415 861
823 818
707 840
793 502
524 916
534 137
494 491
372 431
86 963
464 537
407 914
184 804
514 524
254 286
528 753
980 21
403 425
873 164
23 818
458 827
672 681
898 381
439 8
53 162
871 984
185 23
607 259
608 534
8 23
799 185
572 638
162 464
136 498
459 358
372 836
738 582
637 147
724 62
337 286
86 125
633 819
993 468
949 234
755 891
136 436
344 672
818 866
314 268
637 794
307 130
580 852
23 580
289 164
963 844
477 658
358 136
799 837
507 745
207 99
219 801
706 178
260 701
142 599
162 949
97 794
403 264
505 628
133 344
358 701
188 871
431 104
88 324
876 718
90 111
20 104
692 837
926 494
741 941
439 683
707 439
110 877
20 599
528 20
935 415
761 644
814 889
973 355
260 763
949 498
372 492
436 308
234 818
524 807
572 72
899 505
445 908
681 942
638 344
789 508
949 264
425 330
216 27
516 318
840 159
665 656
332 54
657 707
494 803
537 431
533 738
637 188
133 325
264 902
738 425
805 169
692 344
74 861
425 31
324 743
316 653
431 491
160 405
104 533
318 852
292 935
979 208
174 650
916 537
984 871
445 438
984 170
332 178
186 245
683 599
8 439
448 204
837 902
36 790
285 601
808 637
780 542
38 324
81 105
8 12
524 717
431 438
254 53
415 803
523 96
147 381
14 492
248 750
483 32
665 172
241 133
683 805
984 616
133 814
662 669
665 147
818 528
439 366
382 45
807 665
639 984
260 658
608 350
345 320
810 401
525 984
836 730
889 498
974 774
381 337
767 713
949 379
792 808
372 23
897 630
410 702
313 572
542 75
74 216
889 831
325 974
91 866
491 761
562 761
153 350
899 178
88 547
41 853
828 969
701 330
390 75
949 789
527 41
86 616
810 853
852 807
790 449
804 438
637 979
639 182
580 946
93 234
753 524
238 487
8 637
929 142
188 354
739 92
45 382
400 381
625 31
743 803
738 972
741 491
388 299
477 692
308 23
460 839
54 292
941 60
963 38
162 987
330 599
739 684
182 500
401 105
794 929
994 233
616 665
894 687
621 381
652 570
866 803
861 840
582 40
249 350
805 388
789 104
866 358
20 505
516 354
344 162
79 941
114 355
724 794
318 249
330 644
779 122
75 292
299 741
683 289
361 845
88 683
898 780
588 400
90 303
152 677
908 586
76 345
873 792
534 318
234 572
325 979
308 75
935 494
366 710
178 780
657 267
739 972
318 516
542 93
926 792
681 753
379 45
574 74
577 526
500 805
738 464
963 730
478 899
379 104
828 492
738 318
792 267
350 500
628 381
93 871
674 74
898 683
789 534
805 658
516 628
12 153
942 621
162 8
984 372
235 599
226 180
74 658
381 861
198 783
392 511
627 166
866 741
516 638
283 833
873 38
628 701
324 38
935 949
266 972
544 625
448 364
23 62
289 415
40 852
763 684
965 191
861 289
542 808
492 438
963 909
840 899
524 184
462 778
270 420
537 580
164 133
412 59
840 848
638 599
528 500
288 950
551 822
807 844
342 218
583 970
707 182
350 267
330 226
112 69
439 354
497 445
608 164
951 673
27 497
169 164
814 278
763 508
332 216
299 586
823 147
942 49
574 637
916 935
278 738
492 684
828 610
40 987
542 459
20 898
38 908
542 899
299 74
248 700
390 804
415 241
780 459
267 330
508 88
701 439
318 979
320 205
60 730
556 530
663 646
478 184
837 208
625 866
178 478
528 739
743 717
533 170
501 721
753 898
400 415
216 182
438 840
616 848
631 866
153 142
639 942
387 936
534 805
657 692
459 498
460 758
608 969
446 946
780 92
318 559
53 332
188 93
823 388
211 708
831 324
637 514
869 463
547 241
399 173
438 804
45 837
400 286
136 542
663 533
541 255
415 324
372 79
837 942
644 431
169 902
840 498
581 934
180 586
436 861
586 431
281 620
572 104
505 946
987 972
730 20
478 942
580 528
270 574
439 707
969 372
717 226
318 8
672 386
989 315
390 946
53 672
730 308
534 672
908 580
147 226
765 888
235 916
685 849
958 896
31 599
308 972
324 14
765 485
91 586
264 710
946 184
803 372
656 916
852 866
582 20
399 678
949 286
431 286
366 840
761 226
909 534
292 763
761 235
105 303
969 178
941 403
525 208
286 159
828 318
544 724
949 324
853 2
852 136
439 644
153 909
292 621
267 480
127 811
638 86
136 159
390 828
949 88
497 684
559 616
439 753
178 789
763 807
492 159
780 178
574 169
572 979
17 404
235 178
313 325
580 45
485 369
637 49
255 128
710 774
512 963
286 946
852 761
494 586
274 787
350 72
92 497
286 500
826 37
831 491
438 162
330 738
425 533
799 324
512 738
97 276
902 170
750 718
572 774
136 379
348 119
557 487
753 807
706 184
381 683
859 715
124 64
689 316
804 446
53 804
180 125
683 646
180 533
180 794
586 580
740 521
871 743
464 926
537 180
861 241
498 354
979 31
611 557
637 987
260 308
979 717
494 372
588 916
799 979
153 621
516 873
540 393
527 653
169 170
941 524
674 706
74 403
972 823
657 382
153 823
223 991
308 840
514 789
286 789
425 318
500 62
534 425
45 308
286 182
35 744
169 14
516 808
88 234
254 929
494 514
969 498
672 837
707 260
969 807
717 979
234 663
559 808
823 637
958 130
774 182
505 631
337 266
91 692
739 572
286 528
289 400
324 182
170 672
899 516
350 533
445 656
899 8
184 38
159 935
929 492
400 136
799 701
358 415
278 97
350 588
278 388
866 586
806 110
464 562
580 164
235 828
692 226
739 379
860 328
379 216
866 792
883 713
53 861
266 400
394 727
969 136
672 324
286 208
88 542
254 27
644 75
234 926
861 382
658 178
691 676
178 498
640 949
72 683
534 574
432 777
53 512
525 582
378 374
681 969
208 804
572 267
996 231
104 8
844 386
741 572
814 31
477 580
644 935
727 393
963 299
90 460
683 818
349 594
730 741
8 276
753 799
12 818
133 38
534 164
335 52
685 465
757 212
508 547
366 828
871 172
260 974
216 137
559 665
267 446
431 330
142 861
743 62
631 926
542 916
572 706
234 79
480 640
497 79
159 528
316 527
74 646
681 147
516 657
908 332
53 657
266 559
796 748
185 386
717 266
610 260
270 72
544 684
640 188
278 625
381 941
264 324
216 286
401 460
266 439
318 53
952 22
234 588
54 93
681 837
241 656
439 27
792 706
390 86
289 640
254 180
425 831
130 307
372 949
337 20
987 909
631 644
431 88
197 854
12 411
388 431
571 722
23 415
289 572
497 234
131 595
710 644
795 812
974 562
243 523
580 692
254 234
381 681
172 480
866 692
494 325
789 599
624 293
681 330
138 696
909 286
24 9
657 987
478 411
350 572
278 823
494 267
866 674
528 949
459 8
182 299
386 974
497 289
525 899
386 366
72 492
263 536
303 316
665 325
455 362
730 608
330 525
313 332
324 866
48 550
283 472
616 324
324 823
66 718
524 492
818 142
573 42
31 889
675 484
97 330
295 556
382 818
38 610
178 844
949 738
182 390
871 572
374 791
578 414
741 537
556 650
332 637
656 852
325 739
763 844
381 492
8 74
324 717
79 60
133 738
267 683
164 707
780 525
926 420
559 415
208 524
415 97
599 823
92 20
708 686
840 500
730 235
534 400
226 480
562 266
524 276
497 508
706 684
915 713
804 278
926 730
91 337
235 512
326 458
91 136
665 710
942 93
887 921
267 663
582 621
254 366
899 86
656 763
445 987
974 185
90 758
935 125
889 54
104 861
93 264
261 11
125 738
270 547
477 631
544 972
516 741
606 648
640 45
208 794
611 367
683 608
852 692
574 93
142 292
683 663
866 974
62 935
477 382
303 689
899 840
332 162
184 608
854 817
420 188
873 45
683 266
707 724
701 946
974 286
987 40
400 803
216 646
823 508
480 582
366 814
514 873
91 330
972 91
701 216
681 372
621 574
229 447
547 908
234 72
974 494
763 438
364 448
637 390
717 525
805 525
808 640
902 436
184 505
984 840
774 40
984 672
79 125
46 5
547 185
780 439
803 963
188 234
739 935
439 805
379 681
861 929
392 611
974 267
672 125
381 72
278 963
184 706
942 332
548 121
446 142
946 706
586 814
226 431
162 60
150 545
871 178
291 323
984 276
582 480
125 477
572 93
686 280
324 763
638 574
366 446
763 142
804 935
226 730
761 763
724 324
416 981
984 533
54 464
276 974
192 55
283 887
700 859
935 524
465 515
683 445
260 574
846 103
743 497
446 808
403 909
142 547
40 935
286 610
292 358
541 940
332 208
586 505
738 8
701 8
188 616
180 91
12 381
352 32
40 683
483 221
86 799
610 86
707 974
436 324
386 241
926 382
180 780
408 377
428 288
278 169
386 278
425 799
400 657
739 382
354 164
366 780
354 808
608 27
27 208
692 497
289 753
61 303
706 582
639 332
542 372
692 889
60 264
423 539
525 840
436 672
309 511
91 738
764 709
45 621
49 53
216 241
572 899
638 684
848 498
366 184
640 267
743 974
180 226
254 935
533 49
760 206
431 354
844 805
74 53
949 828
724 180
478 547
60 415
987 738
75 963
840 53
628 366
688 46
386 270
621 337
268 862
873 701
353 531
942 533
805 92
492 299
882 536
945 416
478 852
651 421
843 127
841 118
710 350
178 803
308 137
91 814
724 861
542 289
91 147
415 608
97 498
814 439
512 91
898 761
27 774
248 864
665 794
20 93
658 313
91 436
298 25
701 908
184 534
14 266
754 41
403 226
498 837
29 958
818 266
929 542
381 533
308 267
178 162
324 159
133 730
97 586
68 457
885 720
104 544
680 695
6 888
411 902
13 374
665 142
738 638
354 270
86 266
974 949
644 889
580 86
616 804
852 929
205 904
464 184
621 62
478 54
161 601
495 319
273 423
508 372
439 902
656 260
188 657
439 344
556 511
286 818
91 170
759 618
730 625
136 836
394 223
544 354
512 431
621 794
500 701
254 439
608 264
125 180
62 692
342 328
792 946
184 640
372 75
972 137
919 798
379 431
330 789
45 147
534 844
480 390
717 637
352 747
544 805
137 278
233 47
576 585
706 528
563 275
808 814
498 104
792 188
178 169
234 125
881 504
946 38
174 369
717 267
580 162
324 738
330 844
505 184
610 390
344 97
299 436
738 332
390 439
31 388
4 859
520 183
172 889
681 637
979 640
249 663
929 640
169 40
929 241
276 972
92 45
844 935
774 318
568 6
659 506
638 844
533 743
524 182
799 31
899 491
837 75
547 672
72 942
831 500
372 260
681 23
505 54
911 401
828 524
838 851
229 499
372 544
701 505
969 547
828 743
542 172
170 524
332 226
308 185
807 710
621 172
533 804
618 77
844 500
901 383
562 559
672 188
267 38
684 533
672 400
586 159
241 136
53 403
91 537
299 382
53 234
808 420
208 382
833 107
572 780
390 267
476 785
92 625
514 684
125 533
292 337
625 844
381 807
710 264
289 216
477 276
439 537
553 110
75 45
520 784
366 415
213 257
528 710
946 142
935 400
636 322
278 656
86 792
308 524
512 8
390 350
178 366
14 837
889 814
235 400
681 908
97 478
586 500
226 12
926 908
332 823
514 525
276 823
133 313
804 866
431 514
916 425
610 299
104 582
31 436
761 942
739 492
445 137
632 905
464 270
974 164
155 820
743 159
446 411
580 873
550 43
344 984
97 403
431 665
949 979
415 54
646 172
946 431
415 388
411 125
831 799
234 730
663 628
233 994
88 831
477 582
73 587
616 534
234 184
478 807
656 425
344 638
62 372
768 668
508 260
20 438
476 894
674 871
411 780
816 123
789 62
596 888
86 852
72 208
137 153
286 941
516 400
723 114
840 260
710 254
508 684
908 848
663 799
985 432
866 498
90 401
79 337
235 431
267 837
420 528
54 987
683 208
286 185
137 774
949 861
792 464
264 267
683 963
949 74
20 386
559 739
151 747
588 574
278 88
631 260
544 610
738 299
372 241
27 942
125 646
325 537
235 344
14 104
247 486
899 53
663 137
903 720
969 657
760 320
621 844
88 180
580 562
505 638
266 902
837 188
798 927
73 140
74 411
932 509
684 188
657 439
692 763
616 49
987 861
313 147
354 400
206 795
840 464
462 83
860 395
86 372
533 313
807 684
15 263
818 260
104 182
858 218
616 807
926 45
241 979
818 254
459 170
935 60
837 516
318 588
578 729
574 963
425 436
170 528
57 757
144 748
837 804
701 270
20 8
480 142
684 27
468 841
454 744
89 722
494 646
438 818
492 79
459 514
388 544
72 644
791 134
763 381
684 358
514 8
230 64
431 837
73 715
394 819
459 38
178 658
91 313
671 704
254 459
836 308
74 692
49 848
743 656
665 789
20 178
908 738
799 379
498 537
814 763
873 185
599 436
276 739
799 628
738 792
663 480
270 898
993 756
324 86
172 683
953 746
384 100
388 498
170 942
542 717
831 683
866 182
235 941
804 916
411 692
741 445
902 254
91 574
293 652
392 238
85 885
568 487
313 75
533 525
270 656
344 710
4 66
972 60
446 169
372 446
631 763
339 417
731 96
446 916
386 574
852 640
780 91
74 500
837 164
400 514
909 505
844 400
902 639
638 491
710 381
681 916
973 120
18 813
736 82
45 516
249 439
93 40
644 799
439 184
73 340
848 286
724 74
711 501
848 909
899 464
984 104
814 289
308 226
786 349
39 245
542 366
631 382
436 638
941 588
594 190
525 807
646 547
937 893
665 93
710 805
556 141
171 676
137 780
789 216
278 60
74 665
639 344
803 588
125 949
646 75
178 516
738 663
479 407
694 833
925 368
924 857
162 582
640 684
411 249
657 12
6 225
172 631
589 642
945 520
45 926
235 241
912 129
436 164
292 707
741 808
344 582
572 366
497 969
133 270
533 260
170 684
228 107
130 422
987 79
23 684
170 848
861 53
325 286
625 184
941 23
382 974
637 8
943 896
169 20
664 258
707 730
681 153
933 566
111 758
608 344
88 610
91 260
873 91
234 324
400 586
639 276
172 625
572 840
313 318
86 439
234 586
14 350
185 908
142 683
442 857
935 537
504 896
528 492
836 972
599 639
533 544
738 836
136 774
386 23
753 516
807 184
684 794
81 527
543 370
542 701
40 753
505 480
831 780
580 639
179 978
431 562
153 292
166 700
524 743
916 79
459 780
683 831
382 358
418 256
74 379
505 616
898 478
943 422
766 737
599 909
521 945
492 133
86 774
14 848
358 949
318 477
74 574
324 646
935 866
972 508
828 153
889 400
852 415
710 586
525 656
794 836
520 900
267 344
644 350
147 498
71 106
27 464
341 300
972 308
396 635
743 640
681 792
500 582
593 583
831 354
153 631
372 574
60 459
657 741
706 270
216 60
648 575
761 608
871 818
524 497
235 446
542 574
621 789
741 949
774 610
254 514
264 743
264 494
663 780
438 164
147 524
324 425
497 104
159 738
184 537
415 814
464 625
38 439
344 184
663 254
86 188
818 169
271 955
164 480
743 844
533 861
278 848
358 267
325 639
706 388
411 445
631 169
969 216
859 700
214 419
344 684
439 942
208 807
637 692
249 582
38 403
544 500
267 899
45 289
354 646
534 446
372 415
425 91
390 780
935 325
656 31
32 947
315 1
741 631
386 586
681 831
459 425
54 125
270 386
611 485
800 311
678 301
840 286
806 954
498 185
931 821
640 683
350 438
683 382
185 180
411 637
372 477
799 147
362 489
794 491
62 582
534 208
344 621
837 741
646 344
104 871
80 641
848 559
8 182
972 344
882 18
949 480
451 834
172 249
60 235
40 908
576 900
162 390
547 459
12 873
188 381
117 773
393 243
880 986
286 266
182 889
672 559
861 162
93 133
534 861
803 92
525 588
644 683
837 431
774 803
74 337
805 337
79 91
136 381
949 646
184 125
263 119
354 935
267 631
38 638
814 133
574 792
72 234
840 916
659 469
576 634
547 381
899 792
692 524
111 460
388 974
52 280
836 974
544 86
49 547
794 588
27 38
780 681
803 403
14 909
528 332
390 234
733 17
831 289
746 98
344 354
500 299
574 350
559 528
692 730
188 159
898 308
949 505
730 162
900 416
706 480
525 730
51 937
992 581
208 544
979 739
910 277
308 354
646 313
104 14
792 684
508 929
948 253
984 628
234 942
663 337
942 665
497 871
848 974
38 909
457 406
267 425
260 400
753 646
52 335
153 14
184 289
446 572
799 638
388 31
91 889
984 208
49 178
616 582
337 946
898 178
717 724
845 714
599 91
692 492
366 172
459 753
185 657
40 898
963 313
93 337
525 14
422 29
38 88
840 182
431 658
681 743
264 908
276 848
805 53
104 172
66 876
902 234
584 380
692 178
923 319
780 491
873 808
964 579
382 439
6 511
38 62
330 646
865 242
60 582
480 724
488 546
491 840
866 23
184 403
180 559
899 949
886 263
235 972
460 722
137 683
528 803
681 93
162 234
701 431
744 221
137 72
909 946
941 808
873 267
188 60
215 481
822 952
166 715
780 38
916 147
739 916
644 358
350 707
799 88
403 524
172 559
113 998
400 403
135 291
494 254
125 500
972 753
789 657
580 497
337 780
639 628
313 286
267 313
866 354
480 656
731 452
164 580
60 477
449 790
808 692
137 818
628 411
949 516
84 598
481 891
580 91
902 72
815 736
992 124
54 74
926 185
980 448
796 307
303 600
53 610
125 420
939 781
56 156
14 45
324 439
169 184
54 133
464 54
382 949
322 165
425 350
234 45
182 169
133 372
657 180
524 337
829 982
911 61
100 155
445 935
805 445
610 741
658 836
147 935
489 618
814 730
866 477
625 638
497 178
405 517
610 608
147 431
656 208
544 631
431 382
88 926
486 68
722 571
23 170
763 559
587 140
942 75
93 415
142 610
794 500
398 406
544 104
184 899
840 559
441 966
818 730
547 478
861 403
612 52
516 40
658 72
299 40
898 75
142 12
621 162
656 79
898 438
139 496
438 942
54 358
439 379
542 586
641 648
354 763
889 707
185 415
665 657
844 672
169 837
508 125
848 184
436 400
644 91
86 184
710 525
588 425
299 477
808 425
58 453
12 909
729 762
542 644
741 831
182 75
689 61
216 431
390 969
823 524
439 684
456 126
586 170
276 730
839 911
875 346
31 780
753 949
972 724
266 350
639 382
497 14
674 889
49 657
692 559
537 898
372 379
707 92
104 631
984 354
808 172
234 411
562 446
264 508
588 411
159 984
807 616
79 544
505 514
480 491
969 701
72 908
836 431
497 358
147 93
403 104
89 630
155 384
969 492
308 701
97 60
837 169
497 286
588 445
739 984
866 946
542 818
142 270
717 379
325 27
631 403
195 165
547 969
840 792
542 492
904 593
403 562
991 9
133 72
926 572
574 459
755 481
464 382
547 53
540 997
568 367
987 823
974 871
799 663
133 803
185 505
370 788
241 27
436 498
313 226
658 446
908 27
803 178
621 828
344 637
813 718
53 337
45 172
818 628
125 828
364 195
22 713
717 164
74 534
774 415
416 918
986 961
45 318
823 909
74 184
415 741
191 700
34 67
754 527
184 93
394 371
734 651
898 818
249 337
415 909
852 234
312 698
792 929
658 92
75 949
180 979
276 683
646 125
696 34
714 670
497 366
312 981
8 638
510 307
340 965
292 23
49 93
313 278
717 459
97 899
124 363
431 498
656 701
53 313
899 97
136 438
254 79
929 445
588 547
876 237
818 62
491 559
2 89
20 169
984 946
656 902
263 191
525 276
707 794
828 60
974 289
568 238
100 968
324 761
574 23
434 376
542 411
670 624
60 831
887 220
789 969
332 794
330 500
330 929
289 724
646 836
267 681
861 741
409 772
182 562
3 581
855 976
616 372
836 610
75 674
537 572
946 235
681 439
415 844
278 941
707 658
646 916
382 278
533 889
366 818
183 360
844 439
49 497
788 470
445 640
792 480
464 514
276 684
599 972
439 672
8 289
309 557
866 172
684 837
299 125
483 841
450 602
941 916
226 524
23 979
968 384
678 465
381 505
403 379
360 662
180 807
31 663
390 308
774 979
638 873
698 312
599 86
147 844
528 701
125 498
185 137
828 873
86 542
432 697
147 871
557 174
974 270
949 446
780 807
226 292
508 692
745 675
446 147
637 537
743 559
549 691
216 638
830 679
358 969
528 372
908 837
815 442
534 14
260 180
275 387
332 270
420 987
498 72
628 621
295 392
249 508
628 761
572 743
807 805
907 285
949 902
114 63
270 136
304 138
929 730
638 831
60 308
491 54
942 692
382 241
153 27
949 608
86 804
516 663
588 789
837 415
803 142
941 235
241 707
885 541
813 340
621 45
738 534
88 318
547 987
935 638
898 270
810 689
237 18
717 142
672 848
751 329
289 683
141 367
210 699
695 364
562 871
332 92
941 216
628 794
823 292
178 38
946 330
324 683
599 616
14 929
724 235
366 681
972 631
889 478
478 608
425 386
75 260
380 58
804 366
557 295
987 438
153 379
638 866
497 763
292 674
743 707
616 684
556 367
684 844
93 286
92 637
793 457
644 516
684 898
808 75
562 438
332 164
235 185
625 646
717 97
350 162
235 226
514 844
202 704
734 205
313 477
8 683
789 249
153 684
794 926
741 823
621 477
528 159
706 873
930 970
808 638
14 828
621 226
512 861
941 861
254 480
227 102
979 710
38 625
133 97
658 969
497 264
547 804
472 921
646 672
908 514
616 818
366 54
332 717
544 984
500 792
425 276
929 935
898 260
379 49
208 562
899 264
715 166
580 445
205 970
241 438
38 516
657 330
420 848
969 823
908 180
104 836
62 710
155 499
390 431
234 337
617 287
877 298
267 266
648 401
277 50
774 439
170 38
648 630
949 366
49 701
517 773
151 483
354 38
637 616
125 254
689 810
557 530
325 516
379 941
27 234
987 804
516 508
616 942
104 480
588 86
682 152
153 808
571 648
311 647
30 114
170 963
494 431
969 172
818 774
142 436
154 454
908 701
75 20
464 644
278 844
680 661
580 20
743 372
929 184
45 972
62 379
178 86
710 974
715 645
64 279
464 86
299 608
74 672
86 313
270 142
873 972
524 318
53 350
484 294
658 159
420 159
235 208
941 366
125 459
53 707
909 814
616 946
260 828
38 871
503 832
221 189
477 330
562 337
234 640
439 45
974 544
49 12
979 38
81 648
693 980
559 710
944 213
445 807
730 439
478 792
93 226
358 53
383 729
151 766
789 379
808 337
363 719
582 514
616 533
426 676
364 328
828 45
852 27
537 477
636 165
172 586
537 436
658 62
38 942
848 276
38 665
794 774
14 431
60 91
805 267
463 858
477 38
435 207
649 758
774 162
459 963
439 153
38 60
610 480
62 498
185 498
645 627
701 814
516 372
803 761
780 308
867 854
365 959
575 648
180 478
637 492
236 712
266 358
500 425
292 308
313 125
945 576
941 208
836 403
974 172
999 101
528 657
86 984
425 852
616 415
658 344
72 987
245 402
681 717
898 807
74 837
53 125
351 82
104 60
188 706
949 382
249 254
852 235
159 807
645 813
330 439
628 866
400 31
438 439
547 873
529 338
354 574
439 739
571 303
49 516
497 852
503 437
732 214
665 40
972 840
372 908
180 459
182 533
915 703
639 916
672 133
804 528
66 965
572 354
676 513
208 610
128 331
852 226
639 738
492 774
249 208
475 6
837 159
438 45
753 379
325 420
153 8
446 741
592 619
625 899
308 500
92 799
74 836
337 54
125 610
658 792
420 169
305 560
574 674
431 436
237 715
909 984
763 172
392 174
852 658
497 400
390 656
3 832
935 780
724 40
799 234
147 390
899 929
882 66
807 185
265 726
159 500
512 610
225 765
616 379
558 932
930 541
981 647
286 318
739 381
582 420
828 267
640 836
111 689
26 980
528 572
738 344
582 344
14 616
909 525
238 530
730 621
142 8
350 984
792 972
805 803
718 166
478 169
818 941
935 542
60 949
639 12
480 963
185 241
572 692
610 292
586 738
12 780
848 969
337 836
537 478
75 987
676 334
159 505
792 646
889 12
559 505
248 920
696 785
137 808
23 60
683 710
753 837
836 159
372 644
805 332
153 180
400 267
342 695
848 162
386 54
446 20
226 761
512 979
656 926
608 588
760 940
621 332
86 216
533 136
984 153
818 184
49 637
998 471
674 330
445 514
579 554
477 684
216 706
497 93
97 544
638 898
684 12
173 553
436 987
9 833
14 142
799 534
739 524
104 136
707 60
142 794
53 264
185 97
794 710
814 639
606 653
292 610
674 929
840 14
678 389
621 445
547 508
974 386
723 322
943 958
621 497
899 446
837 264
35 737
888 369
628 178
599 836
366 324
403 188
21 441
593 421
178 49
60 350
599 871
320 593
491 572
369 485
379 836
674 646
987 984
266 808
514 12
278 763
741 492
182 508
169 974
54 610
949 807
979 431
439 574
504 144
571 80
684 935
844 75
400 739
861 916
753 979
738 547
24 269
147 12
706 344
949 54
572 717
637 674
780 916
270 381
582 730
913 343
178 840
707 478
178 621
974 12
20 639
344 717
899 963
390 299
725 181
580 628
390 739
674 185
866 681
313 753
390 533
162 49
144 958
185 79
803 739
172 350
866 289
946 20
153 324
438 533
480 580
804 40
124 279
189 352
147 31
60 586
372 984
637 292
226 386
235 628
547 27
800 444
162 216
638 162
446 153
88 848
25 473
638 366
238 475
902 445
871 14
794 780
525 60
379 792
38 631
572 574
707 372
377 179
497 774
235 804
969 388
583 651
706 23
411 946
54 79
963 104
876 263
40 657
313 730
929 505
683 730
254 852
166 237
794 706
303 90
701 188
345 734
271 783
313 889
848 631
27 588
415 625
805 278
823 987
916 53
551 22
644 916
354 459
706 542
193 48
525 445
537 926
639 260
608 266
818 208
808 54
852 23
260 542
644 494
89 460
500 491
972 267
185 74
525 774
45 491
415 792
828 88
425 789
645 715
935 180
889 836
439 254
898 828
763 92
215 211
500 537
707 459
92 459
491 92
91 909
656 494
358 658
372 184
318 74
588 861
270 411
908 45
871 724
792 12
692 169
634 740
891 806
87 583
103 161
260 142
988 884
27 439
899 72
831 559
182 707
96 9
184 654
8 684
497 164
324 871
270 286
125 249
276 491
474 686
621 646
427 833
382 49
638 23
477 908
610 439
553 25
330 366
79 266
936 569
899 216
406 190
949 97
776 272
942 763
562 172
861 249
856 109
97 492
79 372
987 431
926 706
191 920
721 711
972 963
848 226
439 984
724 852
656 137
91 941
53 987
318 372
96 529
799 178
560 57
350 436
436 492
813 66
216 164
828 133
574 814
805 162
334 676
180 104
27 142
582 852
216 142
828 254
861 79
635 50
805 446
162 761
681 381
587 882
871 480
631 508
844 446
753 172
789 836
808 20
739 137
415 188
795 541
710 477
286 963
542 136
101 950
518 154
741 942
159 142
572 431
844 866
234 97
182 477
929 14
692 23
806 474
344 234
97 386
105 316
582 182
840 366
571 679
308 292
516 866
436 537
144 130
14 445
388 27
439 774
292 637
544 899
45 38
38 270
169 216
27 631
979 837
814 792
335 829
137 582
637 278
136 665
794 984
588 164
908 710
299 544
445 299
159 147
69 218
831 97
147 969
6 141
681 941
11 826
27 638
176 427
621 180
8 308
386 625
31 184
916 235
97 439
941 871
415 658
976 32
616 344
188 169
777 271
798 155
267 799
390 544
929 464
631 987
403 170
555 273
792 170
836 178
753 498
390 8
474 954
53 184
753 324
392 596
235 74
388 508
93 628
970 660
947 518
739 889
169 292
330 840
609 251
803 941
738 104
231 290
752 589
889 640
639 45
722 839
425 657
946 533
949 528
644 492
45 226
27 337
956 802
307 504
52 215
391 155
62 803
254 547
588 533
972 804
27 672
608 741
438 415
782 820
848 31
391 224
226 91
724 547
155 391
61 105
31 497
707 866
309 596
309 238
379 559
542 942
159 724
433 71
628 313
358 388
836 640
20 807
420 439
491 74
828 935
899 909
528 313
804 53
492 388
23 672
646 963
889 93
899 608
542 710
763 459
4 536
264 580
147 278
133 53
987 580
289 861
625 799
84 493
184 366
556 6
844 208
142 49
96 905
724 763
136 582
823 325
946 379
237 302
631 818
621 14
954 982
512 899
676 994
898 97
31 792
169 616
886 587
382 794
371 223
289 172
318 464
823 308
235 942
249 178
574 935
225 556
844 88
608 8
656 574
31 491
886 813
20 866
159 8
516 180
946 318
625 497
512 831
332 494
969 524
147 439
500 142
794 866
147 701
147 926
436 286
595 348
514 153
185 459
710 292
162 873
658 663
92 631
478 500
701 831
794 889
536 864
23 86
60 946
899 534
260 537
908 861
969 254
665 403
908 415
505 86
264 386
8 631
888 557
299 226
942 260
330 805
572 663
85 128
107 317
807 38
701 852
8 381
388 534
469 790
226 852
302 18
92 93
946 837
741 582
182 178
180 544
153 929
337 308
514 142
616 299
125 104
984 142
289 537
420 807
446 580
805 572
40 828
54 208
184 707
520 918
78 933
226 710
972 330
382 739
514 701
873 559
672 431
489 733
807 852
267 730
683 942
335 982
761 512
147 241
436 125
639 794
701 987
840 79
289 658
147 516
49 987
8 62
420 142
644 987
565 94
528 692
14 717
276 31
710 836
516 350
260 12
92 542
755 52
276 153
45 701
738 644
478 45
516 692
79 446
136 599
31 840
8 431
278 260
497 628
184 62
40 420
226 446
672 147
337 92
970 206
182 761
91 512
836 514
949 610
264 180
761 162
40 88
582 524
153 318
92 325
459 400
491 332
909 625
204 342
982 829
411 372
926 537
8 741
438 53
458 240
292 325
852 724
313 40
942 478
734 541
66 302
366 963
674 332
478 831
169 792
278 313
463 274
533 93
836 31
266 170
638 45
706 871
182 628
159 646
438 963
23 926
848 707
982 474
681 235
625 332
683 254
111 810
28 229
861 528
254 478
344 837
31 814
528 344
14 547
505 497
308 54
741 672
54 153
866 524
672 979
808 208
332 599
963 658
54 741
184 142
516 133
616 8
86 386
738 324
614 370
941 559
969 330
439 162
411 23
491 542
537 935
908 267
20 318
425 644
631 286
252 573
539 373
789 665
738 178
180 330
49 97
537 75
562 264
104 436
80 648
337 354
804 344
388 898
508 180
420 608
344 74
946 761
125 572
902 524
332 701
216 403
805 547
72 439
898 264
93 692
31 941
260 480
481 335
642 526
104 75
63 938
226 164
979 180
527 81
453 418
969 332
849 110
683 969
330 53
97 941
892 615
930 771
942 889
464 684
889 646
235 104
23 180
358 93
276 254
949 292
437 842
86 681
516 292
354 133
572 580
45 789
264 701
289 780
861 804
926 381
991 529
133 610
588 74
140 920
674 491
572 420
908 761
299 616
792 153
254 38
445 916
638 477
683 358
332 38
707 753
660 121
542 741
49 588
672 763
591 552
204 409
292 828
758 679
264 512
863 843
975 148
136 27
411 318
706 308
95 597
403 866
182 478
911 653
420 628
492 640
303 460
920 965
254 692
596 225
204 112
743 358
195 405
388 753
852 425
382 844
866 439
31 807
738 254
692 828
136 142
616 805
505 354
730 599
211 612
505 683
544 505
848 823
144 592
241 500
60 761
23 637
318 547
828 14
494 625
621 411
415 663
473 389
929 292
23 844
722 606
804 684
527 689
963 608
254 93
445 53
313 580
715 4
969 984
299 763
260 500
354 386
272 796
645 66
979 637
307 958
494 840
336 990
763 180
753 803
104 415
75 133
684 717
658 831
425 480
554 428
65 600
235 902
411 588
185 162
640 974
586 684
147 308
282 339
425 354
325 908
799 710
909 40
866 137
325 38
104 12
628 216
805 616
74 707
763 848
500 330
508 942
763 710
487 225
534 497
294 282
640 514
32 454
866 159
850 502
547 92
780 637
272 776
45 753
286 400
425 459
619 815
814 381
478 270
799 494
794 180
372 403
436 54
172 941
799 62
941 514
818 547
325 264
972 831
86 170
128 83
464 388
14 692
76 812
505 542
439 610
665 267
8 478
804 828
730 638
459 382
492 899
500 831
185 706
823 337
92 710
656 498
366 741
75 663
871 674
889 902
358 411
807 717
902 182
586 525
881 958
492 974
625 492
872 135
40 350
362 618
628 350
599 388
610 438
639 188
635 34
477 379
639 147
92 628
972 20
828 808
162 646
159 38
572 494
866 525
40 264
464 646
964 752
491 104
929 580
717 738
137 147
637 631
754 606
542 180
741 710
805 621
505 763
741 692
182 657
402 353
814 803
86 241
814 459
491 524
386 439
308 415
68 990
750 248
188 672
386 325
512 657
814 358
182 544
170 514
235 836
969 873
8 459
711 495
603 563
547 278
842 581
147 663
498 739
774 491
674 663
674 372
737 143
266 837
446 497
522 34
655 978
559 270
324 707
400 908
226 525
38 249
390 631
794 216
647 360
234 49
358 681
916 136
2 600
133 264
289 45
92 818
31 164
684 516
379 133
344 372
898 738
45 480
840 512
289 852
104 313
871 808
814 631
216 464
366 185
392 568
462 320
386 572
262 385
266 97
631 808
508 498
324 804
153 337
848 610
828 54
823 789
404 759
641 679
400 350
792 266
497 935
909 350
388 692
710 681
478 436
164 308
14 60
941 974
459 646
23 74
801 219
706 818
655 860
701 672
562 411
818 514
644 640
512 400
15 750
91 807
147 537
804 332
646 350
72 681
620 983
538 945
223 371
889 741
54 774
324 916
534 172
278 537
728 835
871 524
79 308
446 926
805 828
420 278
308 492
639 136
390 415
45 235
586 54
254 372
994 676
216 599
516 929
836 889
640 512
888 487
861 547
979 491
572 949
153 889
524 62
638 74
621 763
761 438
431 926
40 574
324 386
54 559
415 372
184 390
382 899
803 249
972 644
234 707
534 332
916 14
415 350
215 982
289 739
616 524
512 289
935 344
837 38
738 753
681 828
83 76
917 800
400 27
266 836
242 561
337 49
318 724
808 610
780 935
373 892
235 739
908 572
386 935
580 646
669 210
448 409
388 72
182 656
92 644
799 707
610 524
608 840
580 133
431 38
730 27
284 920
130 504
780 337
381 491
840 379
701 464
942 741
803 8
987 390
20 572
330 792
386 226
289 926
260 23
926 133
826 591
643 607
837 20
12 672
400 60
286 580
414 349
163 735
240 870
498 794
438 969
164 692
549 426
871 899
381 497
528 984
434 951
40 739
683 848
133 599
789 963
886 965
292 814
899 717
667 922
420 542
761 949
689 653
909 753
514 656
616 276
354 366
794 234
533 415
436 844
136 500
608 172
337 588
778 812
390 837
286 582
692 586
780 332
381 743
514 260
724 289
125 935
753 14
266 125
325 608
580 104
789 656
512 871
974 969
528 185
187 281
807 27
357 834
807 763
828 814
350 313
62 848
54 730
941 753
350 818
381 286
384 782
497 625
908 873
411 381
588 542
358 379
125 916
701 27
974 500
935 185
974 537
663 789
804 646
492 514
853 527
946 941
789 332
753 871
949 946
74 97
564 95
234 38
316 2
403 848
902 388
170 92
220 472
494 505
621 972
350 208
753 425
324 133
774 805
852 547
446 717
465 301
901 198
805 308
280 335
799 358
639 439
674 308
478 62
710 14
235 478
234 169
724 498
75 464
464 20
873 86
572 75
393 150
330 852
562 524
512 390
537 318
86 497
900 538
672 235
20 60
216 761
23 537
789 717
372 38
803 639
400 241
674 276
836 172
645 859
753 638
235 91
420 93
743 582
683 808
753 180
193 3
837 379
692 899
545 633
762 217
899 941
180 358
331 76
519 246
805 807
208 692
420 381
498 464
433 102
337 278
313 184
494 559
761 308
75 38
420 292
984 27
421 87
188 683
640 185
325 75
580 683
388 582
866 701
226 831
60 31
454 993
898 20
692 505
837 234
974 241
908 672
514 588
491 710
657 23
439 170
799 172
182 984
805 644
663 844
31 38
574 27
248 140
871 38
340 66
390 610
852 814
366 420
388 844
937 847
260 739
942 739
431 439
898 491
861 136
425 792
514 425
134 13
253 341
264 278
706 49
208 62
774 27
264 761
382 38
866 241
941 899
86 908
104 706
590 398
208 172
367 557
909 941
14 79
542 681
487 367
741 804
332 337
136 431
264 542
185 804
608 40
97 861
683 325
785 5
640 792
403 350
319 770
730 45
411 386
185 75
812 462
628 188
478 23
681 497
658 807
324 656
544 492
102 351
23 559
266 498
743 692
162 916
415 27
707 508
672 844
77 721
358 542
75 180
899 805
270 14
446 562
818 498
390 23
575 401
998 779
803 79
276 984
445 431
487 596
789 500
908 350
794 524
814 902
663 534
893 444
852 54
505 62
464 789
38 941
855 756
811 297
608 372
386 828
805 159
533 372
390 717
168 752
438 325
498 625
926 898
898 514
309 765
789 425
55 370
608 286
153 266
808 49
794 646
431 178
188 949
656 628
638 836
949 831
125 803
691 334
852 537
763 170
730 386
631 741
828 534
656 497
241 388
425 844
390 692
836 840
586 133
927 622
658 840
904 76
653 641
465 36
491 724
381 86
505 266
899 542
478 492
625 528
603 476
134 374
808 780
943 796
715 140
972 325
701 514
172 508
919 782
899 753
572 313
354 582
136 289
638 464
848 431
226 344
701 74
178 836
709 801
823 79
994 196
216 159
415 807
330 582
14 276
53 873
513 47
823 92
185 582
72 574
828 763
420 512
260 753
344 276
559 372
449 469
537 789
926 941
753 674
153 185
292 542
710 580
42 108
512 324
260 586
459 344
627 876
763 628
216 382
124 503
741 31
25 877
48 934
805 8
136 390
774 814
40 27
663 60
354 40
628 182
672 350
125 45
491 873
819 394
254 382
172 616
8 730
710 559
133 780
516 616
497 814
477 170
876 284
769 443
142 169
93 49
431 803
836 738
31 741
699 740
62 639
580 235
332 299
20 840
332 464
60 608
175 440
105 830
62 743
700 66
969 665
837 12
588 249
701 40
524 657
657 27
308 358
337 898
637 818
631 313
344 188
230 992
679 90
915 551
478 379
946 646
439 420
429 365
436 717
763 707
848 379
216 547
949 533
264 411
683 544
313 761
663 478
929 494
710 803
425 464
844 420
889 425
403 717
420 270
663 318
639 372
324 674
438 984
53 644
658 480
987 803
908 972
188 162
332 935
153 208
717 415
123 283
381 185
299 866
358 741
516 382
743 180
354 724
147 266
254 62
566 176
313 254
692 436
557 367
707 871
180 799
722 600
79 837
390 638
8 572
23 803
954 806
630 653
267 717
778 651
521 890
929 741
31 137
640 665
549 334
949 898
663 524
182 873
169 464
706 164
302 965
889 899
800 847
736 227
965 302
557 225
299 724
524 574
700 263
706 492
439 631
191 18
608 763
665 949
60 226
684 710
831 836
909 14
74 88
208 909
478 941
325 403
730 780
924 626
403 528
525 979
142 133
162 823
743 616
27 459
765 309
987 86
40 8
935 926
500 544
640 625
832 437
337 969
464 318
794 574
817 956
903 121
916 780
672 14
514 137
230 934
616 909
857 305
54 692
267 54
941 625
808 497
987 184
38 616
480 45
204 695
552 173
828 608
97 946
780 379
276 628
982 52
818 707
292 54
663 926
334 426
559 276
169 497
451 895
54 706
612 708
381 386
354 62
658 814
344 27
491 516
641 41
929 180
698 585
62 844
588 792
935 844
27 572
184 446
12 289
774 656
216 308
86 572
707 49
761 497
480 400
741 133
158 154
696 953
987 234
879 199
436 562
278 840
672 60
597 675
169 803
502 578
182 276
804 514
547 142
718 750
133 794
644 234
27 574
38 684
836 899
631 53
269 243
695 69
153 738
330 873
445 500
388 559
299 631
188 264
72 142
330 628
911 460
363 992
136 547
477 8
710 572
547 692
299 20
264 582
873 382
260 344
86 949
929 264
133 808
909 683
648 689
807 640
376 577
873 411
169 730
738 372
657 235
53 415
330 104
41 606
270 8
792 512
372 559
31 381
537 492
974 533
852 492
562 182
491 147
386 984
358 366
12 498
234 497
672 738
891 52
935 963
337 763
873 707
946 621
861 508
908 137
942 241
770 455
436 188
147 420
366 804
313 524
91 701
878 192
185 38
308 208
814 537
658 707
381 23
926 436
178 276
80 89
691 535
914 482
79 62
142 741
144 307
159 20
812 651
249 528
234 761
86 524
990 901
831 963
898 8
80 460
333 522
542 97
831 804
254 739
637 780
665 153
534 308
547 799
572 386
74 898
665 984
296 614
241 289
325 987
926 372
514 516
224 100
684 292
14 804
379 512
246 482
828 807
852 142
356 222
637 75
741 844
136 681
516 761
62 14
638 270
286 386
125 512
647 538
612 954
354 464
500 710
597 450
844 588
701 684
330 974
80 754
172 439
358 318
180 657
481 211
81 758
426 196
480 562
88 963
656 97
534 899
62 640
683 657
91 631
400 823
514 861
471 868
692 278
167 769
701 164
929 185
873 226
805 379
899 74
38 741
164 844
674 534
208 572
471 998
898 935
525 497
706 580
871 276
803 840
984 508
12 840
710 178
110 591
358 844
805 969
621 147
946 807
534 706
637 706
889 684
528 562
53 524
739 534
142 313
136 941
153 789
743 979
941 774
178 866
871 637
899 979
926 942
758 89
480 547
997 922
337 616
88 62
159 208
79 657
249 753
386 916
55 296
628 516
628 663
372 344
684 941
492 663
814 512
637 153
938 567
562 701
658 415
567 30
724 528
332 608
889 799
692 656
871 831
203 331
572 170
505 646
415 828
683 644
308 88
324 292
599 162
823 254
344 683
4 886
503 3
884 163
100 798
517 117
350 621
185 208
908 658
572 909
646 984
758 527
837 979
403 706
79 386
808 53
60 794
658 665
580 941
596 511
249 512
20 497
823 814
668 875
45 804
153 400
656 898
286 808
108 928
908 942
610 935
821 157
724 92
491 701
616 74
516 104
665 79
53 582
866 871
54 164
398 906
308 49
920 750
743 289
147 807
559 640
753 972
278 226
823 898
799 692
73 750
580 656
425 637
147 774
250 923
969 528
390 97
534 505
184 837
464 656
772 204
270 942
621 234
172 505
60 640
840 534
984 492
929 514
62 610
672 260
896 422
248 284
840 388
79 72
871 889
403 794
497 544
264 162
159 637
650 309
583 795
586 354
60 185
372 332
180 963
580 60
625 86
599 264
866 514
805 54
875 433
382 74
866 266
449 36
921 957
266 848
125 292
663 366
780 871
789 162
848 761
182 289
54 390
669 890
241 681
184 249
663 969
914 867
899 241
254 926
984 498
926 439
260 478
861 350
185 350
897 600
844 610
706 908
927 798
67 874
436 508
848 580
653 105
372 780
733 250
480 803
475 511
902 789
972 814
774 358
616 308
121 7
386 182
562 464
169 941
135 44
270 477
382 724
15 73
38 75
75 234
14 8
403 497
858 409
226 683
761 741
840 278
93 164
823 848
62 807
763 739
639 480
700 813
62 706
871 684
926 844
707 706
153 514
436 325
512 62
45 942
663 528
792 640
737 35
746 329
137 366
572 278
542 562
431 23
23 445
172 208
302 882
534 492
649 689
780 707
92 831
512 616
389 685
672 325
743 889
292 753
627 263
916 388
436 663
645 237
344 899
623 296
344 477
987 403
942 54
182 147
97 873
308 681
446 270
344 780
75 153
325 184
701 898
172 318
525 818
780 692
753 640
20 707
574 672
807 164
142 987
427 694
477 761
86 741
559 628
344 147
388 789
744 151
974 88
840 640
53 318
53 621
730 739
289 799
443 175
436 142
987 701
330 780
480 753
510 144
984 524
941 574
537 350
717 420
946 54
444 960
27 379
997 24
706 92
226 681
121 85
774 562
180 12
199 827
963 644
200 948
803 738
638 313
350 562
836 354
260 292
226 27
743 807
260 902
963 706
949 354
270 104
580 92
651 970
559 185
60 873
147 358
582 358
439 92
753 804
574 254
58 752
431 707
812 76
697 190
761 972
45 97
666 361
717 439
38 929
382 681
881 272
217 519
616 544
683 137
610 136
289 8
866 710
254 308
984 38
663 324
741 533
494 478
776 958
710 318
91 74
533 159
873 926
621 266
15 4
8 524
165 405
909 663
805 425
20 445
941 439
420 889
864 859
491 185
743 789
712 989
153 935
169 665
337 400
80 853
45 178
173 849
415 621
366 234
831 974
621 979
500 534
674 289
208 344
23 972
494 337
983 592
836 45
741 308
909 403
658 142
62 621
420 234
350 534
814 12
804 852
848 512
532 775
491 390
325 871
494 38
700 536
263 750
235 38
381 45
191 140
372 542
49 185
140 73
639 31
837 528
45 949
104 743
49 184
940 734
949 162
112 695
498 49
6 765
303 606
743 125
420 840
276 74
987 372
692 97
277 430
216 508
496 333
672 761
625 743
533 299
79 637
600 105
459 840
602 507
180 658
837 852
717 837
902 803
439 438
379 164
53 276
611 369
743 388
763 72
415 136
415 72
638 929
92 299
916 23
10 357
74 478
804 153
640 710
366 908
318 164
665 372
628 445
161 202
807 153
313 533
638 706
318 260
224 391
772 409
415 264
485 309
436 27
382 313
701 49
388 908
424 642
665 639
299 235
180 646
525 909
464 62
572 53
639 505
480 534
302 191
941 889
400 459
605 449
528 188
358 814
559 20
354 60
628 289
276 88
902 286
40 808
785 563
544 379
51 981
401 600
278 774
184 497
763 324
741 836
807 500
971 881
637 969
13 378
477 935
445 681
935 909
770 17
804 963
45 350
226 580
945 740
338 70
415 446
511 367
191 340
494 916
91 681
411 508
172 497
494 40
684 823
88 658
898 172
580 172
556 343
844 658
182 184
366 494
594 690
184 241
984 574
776 796
183 945
572 871
531 236
646 318
279 3
533 844
717 836
403 185
534 8
610 241
464 445
748 971
140 237
438 49
226 97
528 717
500 49
518 766
792 588
674 75
332 524
386 946
656 646
785 643
730 188
625 828
278 494
386 537
534 366
834 22
324 588
333 785
638 31
169 969
184 464
425 337
646 459
764 915
580 621
379 656
738 216
436 92
738 628
40 572
803 794
185 88
455 618
23 621
562 133
616 941
753 616
18 166
707 528
266 45
313 478
267 608
248 587
460 810
810 754
425 97
926 804
415 979
756 158
753 644
580 814
23 638
713 709
935 49
631 492
586 266
559 439
162 91
382 706
147 8
369 568
750 882
916 104
724 88
639 234
184 400
415 963
437 279
621 681
125 559
844 379
941 683
260 234
730 674
828 79
260 646
170 40
972 386
270 909
498 23
299 946
582 241
292 241
616 86
97 866
737 454
354 478
663 836
599 23
963 610
251 726
86 916
681 464
739 344
569 732
234 153
890 945
972 491
234 512
683 241
599 382
684 350
622 968
866 739
466 617
256 951
631 264
446 692
710 136
14 672
645 248
289 14
136 533
12 147
480 873
45 831
15 302
492 216
743 366
710 929
264 987
794 909
159 534
789 902
100 919
332 681
946 889
640 286
79 852
935 528
753 780
917 847
601 846
790 605
949 644
588 608
324 180
570 939
828 137
498 446
946 547
321 157
807 898
625 753
235 984
974 663
646 497
75 478
710 866
537 656
446 909
340 302
439 639
640 831
527 830
963 717
789 674
79 292
497 514
437 48
909 88
420 400
794 358
903 83
528 14
805 789
604 944
537 411
630 839
12 403
637 941
674 27
216 852
125 270
656 270
909 524
93 142
140 886
241 692
445 692
926 216
307 776
642 467
79 235
516 477
730 267
789 477
301 685
188 241
663 637
906 777
701 625
125 54
631 411
115 150
818 789
491 899
136 216
92 683
840 142
400 464
965 18
337 264
692 439
464 692
916 608
45 91
172 610
