1000 4370
421 389
188 62
731 684
160 573
802 277
986 628
529 28
187 739
908 549
999 632
402 160
585 41
969 533
630 981
470 924
290 784
34 565
327 368
733 421
989 670
353 1000
224 757
631 432
514 75
156 865
864 242
837 445
518 123
641 862
270 226
771 440
966 941
719 801
390 25
14 286
985 419
107 69
43 540
959 435
311 626
819 249
287 541
344 514
844 359
818 117
1000 703
274 158
952 537
65 436
836 599
447 332
228 449
217 341
141 803
697 1000
40 224
882 43
371 571
641 33
784 73
60 252
374 725
707 621
68 223
18 101
520 959
862 76
217 271
344 449
952 640
609 18
862 697
240 879
835 626
172 568
351 626
114 732
793 501
283 537
380 337
290 573
531 583
152 320
985 358
702 979
22 627
321 81
646 182
372 307
272 84
65 398
327 896
215 424
46 984
161 660
227 834
303 121
512 960
368 33
921 481
641 573
380 680
438 871
862 506
255 688
590 518
402 582
605 396
28 18
896 252
418 647
341 259
65 549
434 500
353 670
81 1000
327 588
119 631
533 994
831 300
400 511
641 353
204 794
71 798
163 99
440 240
237 74
337 707
756 887
380 702
892 850
321 784
674 525
305 213
424 423
444 984
943 136
976 784
510 332
656 164
744 386
76 989
515 74
479 201
19 915
482 118
951 269
137 575
81 784
298 865
69 891
606 790
682 638
857 67
851 544
899 45
887 527
33 252
37 938
309 522
332 14
5 546
527 875
889 626
60 93
410 316
711 670
241 947
522 714
206 900
383 993
295 947
871 369
756 334
241 624
882 31
283 217
828 223
275 463
582 640
114 419
978 426
756 726
253 207
699 605
321 1000
529 752
556 625
244 190
731 145
227 144
505 172
552 928
697 931
98 486
385 736
321 414
331 568
18 768
500 419
807 462
818 128
295 828
515 655
170 123
14 638
358 549
918 553
405 606
328 471
449 201
37 880
844 717
81 511
977 100
81 697
976 217
151 470
980 348
1000 73
128 364
609 962
697 33
221 558
915 596
262 307
999 556
18 561
649 400
436 419
364 577
735 985
237 231
334 887
25 732
506 805
926 235
392 918
846 400
876 670
120 983
485 73
163 157
931 341
137 339
270 424
449 886
931 368
538 364
368 485
262 463
395 896
540 742
799 674
322 280
181 178
976 714
223 804
699 234
41 440
424 525
81 442
353 572
330 279
259 527
821 949
674 707
355 398
353 582
108 138
353 887
235 957
327 714
500 370
756 421
283 688
352 98
588 255
947 372
885 508
205 746
411 445
908 358
969 22
706 705
740 449
424 707
589 301
31 134
312 52
353 255
63 888
490 810
711 976
649 73
368 805
603 190
498 417
220 972
694 9
532 351
426 113
227 608
344 516
402 726
76 271
573 714
849 979
321 896
524 746
969 440
590 169
229 364
646 968
733 414
697 976
279 416
732 355
276 681
656 449
849 707
341 805
808 244
692 463
657 45
195 576
41 518
561 752
274 134
697 334
786 914
290 511
577 332
917 728
222 45
160 421
472 826
699 70
837 678
217 688
674 423
725 611
717 398
694 682
659 375
549 512
818 337
657 561
641 989
309 875
733 573
16 701
572 93
178 87
516 655
402 588
504 403
786 540
370 960
876 259
887 389
862 511
670 875
831 386
792 884
703 389
688 511
140 376
109 903
333 958
311 685
241 372
778 835
485 537
506 875
244 684
46 548
810 45
640 527
646 470
622 69
224 694
90 309
217 400
43 886
444 943
395 252
887 688
76 670
355 960
999 201
711 887
182 516
775 49
389 726
862 522
784 33
964 166
171 63
640 670
430 758
929 852
93 522
114 844
13 602
568 14
742 239
61 858
336 777
68 804
114 512
364 701
740 445
656 886
945 250
9 124
284 282
629 246
9 227
641 876
166 710
33 421
976 395
599 320
756 846
167 505
402 368
344 146
283 527
882 13
402 649
622 99
818 701
483 221
372 223
596 486
735 549
591 900
252 875
137 871
164 867
221 900
582 537
19 18
295 624
615 2
402 217
389 259
442 76
245 376
214 528
287 808
976 887
862 217
646 632
735 65
857 802
444 556
224 799
853 549
832 445
799 673
316 81
81 522
573 309
705 145
952 389
433 684
558 265
436 246
624 692
46 136
524 95
754 540
853 687
290 506
202 288
290 414
834 253
424 577
97 839
271 726
702 834
337 207
327 389
976 640
818 505
76 400
588 573
68 307
831 302
699 239
81 255
148 281
442 703
395 726
271 640
952 252
706 386
690 246
771 524
81 334
442 389
905 736
76 283
913 510
76 60
818 663
853 878
334 805
163 627
702 207
999 88
978 842
682 577
784 60
999 968
485 93
538 702
550 924
433 541
197 219
277 213
985 359
394 360
656 444
20 457
952 334
373 607
253 16
646 742
975 253
70 865
609 709
223 47
147 311
285 997
952 573
55 763
620 190
9 621
400 875
311 923
140 312
913 663
207 423
903 610
735 690
25 629
976 876
979 337
368 309
117 712
582 93
621 638
134 411
442 784
182 158
609 490
242 872
145 684
90 421
844 419
198 178
259 93
853 370
135 964
334 506
259 688
656 540
608 707
234 625
641 670
309 805
129 798
383 787
814 326
649 341
237 605
976 252
60 726
391 817
899 222
984 514
663 332
274 556
812 439
90 259
620 300
180 911
853 434
263 804
306 974
36 806
650 354
298 344
9 834
510 380
655 231
898 20
306 45
815 740
438 626
886 156
274 152
852 738
14 525
808 744
782 140
67 101
703 90
174 150
353 421
924 742
622 897
306 810
444 865
688 846
343 694
816 260
275 47
485 341
518 284
160 572
309 252
667 980
479 968
633 329
846 875
290 640
85 779
667 557
818 343
117 979
774 497
818 682
899 94
825 299
756 527
168 419
21 129
808 190
756 327
670 93
370 717
334 259
321 255
353 217
864 669
217 485
60 573
292 331
301 320
603 807
321 93
668 314
318 406
33 640
871 980
784 389
426 366
884 224
2 830
620 684
709 312
864 717
735 500
424 124
517 10
710 698
799 128
215 16
151 678
649 784
189 796
256 677
138 427
215 663
334 414
162 171
836 43
897 636
237 666
168 732
35 504
513 523
99 130
33 887
957 176
567 661
605 158
582 341
228 625
862 93
83 551
786 924
649 703
274 666
73 733
52 752
969 987
250 204
796 493
828 804
537 670
473 206
765 624
733 846
364 680
785 467
252 846
859 990
636 590
542 963
160 703
688 714
548 556
9 525
389 973
434 669
325 771
353 290
506 896
395 217
402 90
368 573
193 746
191 467
652 385
600 767
712 226
31 201
247 601
649 733
270 936
582 271
137 473
694 337
515 479
353 714
867 231
399 87
818 694
979 525
364 682
402 395
234 672
712 621
641 1000
321 368
927 838
786 84
500 358
488 961
754 550
434 358
745 37
25 358
769 189
442 341
411 201
533 232
620 560
33 714
588 1000
784 640
358 766
487 708
434 436
368 714
95 315
538 117
896 400
500 436
756 309
363 933
505 638
274 301
398 878
137 218
356 260
943 75
862 714
283 572
942 691
421 875
893 310
588 703
527 714
331 337
13 914
945 938
912 118
68 624
255 875
908 872
442 93
857 752
592 559
433 462
421 414
81 90
670 414
1000 640
837 231
334 875
168 242
102 264
181 188
283 255
586 600
907 495
327 522
871 626
500 960
117 424
167 32
327 400
390 864
307 47
985 246
985 549
756 582
887 414
663 286
687 872
442 887
218 221
18 915
237 599
240 745
913 936
827 490
572 896
636 214
947 804
96 382
588 688
459 938
442 896
342 503
889 311
255 573
692 223
876 33
444 146
306 403
799 757
107 284
790 870
831 236
578 854
190 705
40 849
862 414
140 480
887 252
785 118
692 804
727 830
568 364
438 219
705 788
656 550
271 973
948 659
277 403
160 217
272 699
240 214
711 805
130 869
478 696
341 688
805 989
245 67
896 875
727 615
838 266
831 731
500 717
656 70
350 684
976 73
151 158
703 60
168 500
438 221
151 411
290 976
518 869
22 232
242 512
35 28
537 259
697 805
434 864
372 262
474 282
144 207
376 28
350 788
836 158
321 887
321 973
353 389
176 476
354 569
882 445
272 136
782 974
490 802
611 5
344 301
529 403
46 599
711 73
369 206
383 2
703 73
721 55
646 445
599 31
641 341
46 672
711 93
321 73
440 879
301 156
207 757
663 638
703 989
587 730
862 711
365 845
862 805
853 419
132 462
380 447
551 184
77 982
804 307
969 459
681 460
154 769
599 786
804 275
50 218
440 170
412 940
111 677
270 975
711 896
467 118
908 985
114 960
290 283
255 414
697 283
973 255
483 348
90 522
81 805
920 775
191 830
271 875
129 52
649 60
876 60
81 400
734 91
832 158
65 246
994 879
136 540
560 803
168 629
125 352
41 824
296 650
292 913
399 715
94 490
674 226
368 341
968 146
908 434
270 979
649 442
798 45
529 125
887 640
329 938
968 740
344 231
706 116
393 630
688 875
25 65
117 128
931 389
712 691
719 71
614 596
799 680
167 172
910 950
786 344
470 134
529 798
327 259
876 522
603 808
703 670
188 813
924 666
529 312
209 276
65 629
420 693
160 389
572 726
663 226
693 790
190 706
389 714
353 726
271 896
582 973
646 656
889 265
190 116
1000 726
577 253
331 834
984 605
331 979
283 93
526 760
1000 421
353 442
180 618
215 380
70 445
899 802
832 556
226 638
42 468
952 73
75 516
908 766
862 33
395 271
223 275
331 942
952 511
76 573
395 733
999 445
353 976
376 709
293 268
298 699
402 252
688 400
73 90
999 540
801 657
887 255
656 632
331 16
337 14
25 114
820 642
560 684
327 506
343 364
156 867
320 865
925 352
963 448
504 899
537 255
801 177
588 733
237 411
832 754
334 421
197 348
390 65
228 344
442 714
321 846
649 952
395 572
71 222
522 400
646 70
370 878
265 835
298 444
657 213
685 221
262 275
385 351
76 876
815 146
298 156
862 309
368 522
136 231
829 991
88 836
11 639
735 114
46 655
334 670
527 93
925 768
194 412
599 632
60 421
259 973
323 608
164 136
561 486
395 60
70 740
421 573
647 595
547 905
338 250
81 527
136 156
140 490
685 871
343 207
803 616
616 541
641 733
876 255
534 294
380 423
46 74
94 42
305 915
65 359
442 846
270 215
128 757
95 938
309 726
519 191
815 678
641 414
217 259
395 703
953 28
931 573
353 931
424 286
678 924
424 757
290 73
532 369
368 414
43 182
931 259
506 976
573 670
199 503
142 297
982 704
515 13
508 55
836 234
40 834
331 849
402 989
88 239
146 516
343 975
358 436
270 32
144 707
905 221
624 223
128 172
358 732
712 424
782 42
572 255
459 891
641 572
474 204
505 577
40 124
100 478
697 876
241 262
440 338
862 290
862 321
295 275
353 309
271 511
882 943
59 737
164 344
436 687
434 65
613 165
323 663
705 78
722 475
29 174
757 707
291 512
718 488
733 973
638 680
42 752
327 414
411 914
334 726
649 670
767 115
53 335
242 717
999 274
646 625
71 48
160 506
837 865
23 938
591 218
625 924
469 24
94 18
160 511
342 417
975 979
955 675
485 1000
655 239
298 134
682 124
808 300
289 238
270 913
76 259
735 434
165 407
952 688
509 920
599 754
353 76
323 16
538 229
899 561
828 262
144 568
75 632
395 255
876 887
157 794
524 794
999 886
908 853
470 540
283 309
711 485
160 522
885 763
835 17
255 309
414 511
217 573
442 283
139 870
836 837
41 204
368 688
960 878
46 602
616 300
164 239
389 511
244 159
931 527
853 985
60 973
229 286
323 849
428 929
862 252
137 15
979 638
88 886
746 904
407 51
801 67
26 748
185 313
99 987
334 640
345 244
582 573
979 712
343 702
953 962
557 438
421 93
217 846
321 572
169 967
170 214
641 255
160 670
841 586
594 491
620 831
383 118
470 886
389 93
380 128
114 766
331 380
191 787
784 887
327 60
605 742
756 414
368 90
674 286
973 511
242 358
861 451
641 896
953 52
834 207
390 246
641 160
282 880
582 714
527 252
151 837
1000 887
782 19
40 380
259 400
490 480
95 205
271 572
529 657
931 733
657 177
312 802
747 686
800 230
40 423
754 678
908 690
876 271
228 146
786 740
466 507
591 15
410 317
46 666
402 321
31 589
641 271
147 905
358 512
500 690
401 870
625 968
735 864
442 572
801 312
559 501
965 77
504 480
663 128
305 468
527 573
785 993
364 16
636 99
263 262
58 741
114 687
711 33
368 527
985 732
887 511
697 875
975 638
952 368
60 640
988 598
480 657
766 246
719 403
23 897
550 396
971 455
573 805
442 522
71 657
153 111
627 987
701 286
483 197
321 805
358 717
124 32
306 802
413 751
832 646
311 900
832 815
217 93
731 116
25 512
74 396
844 355
327 875
19 768
480 403
31 151
60 73
636 969
593 365
252 688
327 255
766 359
445 301
444 234
505 229
146 84
270 702
588 368
768 915
217 537
168 355
908 436
925 403
522 688
896 93
207 124
697 400
502 304
244 145
845 135
73 511
504 245
931 952
321 60
976 846
292 568
703 887
387 97
9 680
341 670
395 714
334 255
844 878
434 370
245 529
369 652
321 688
640 714
649 537
28 810
321 726
432 420
222 802
733 726
869 123
518 163
92 239
236 78
158 867
15 736
720 946
152 914
62 178
952 572
634 542
735 25
447 638
380 621
844 246
212 606
473 736
76 537
733 252
913 707
259 726
215 32
582 400
709 962
160 283
339 147
32 673
253 423
756 321
942 757
395 389
402 255
633 240
206 558
395 309
52 962
843 4
65 370
629 717
649 711
270 144
568 424
602 754
999 837
23 169
799 663
943 158
177 752
65 114
132 620
337 834
270 292
974 98
338 130
307 275
756 442
298 632
862 334
754 411
271 259
605 74
191 118
766 355
81 733
850 951
321 573
543 248
331 167
501 873
91 955
641 537
327 217
396 158
729 418
76 703
947 262
629 960
238 131
140 403
73 875
82 110
518 994
784 400
588 875
638 701
760 597
952 309
508 159
605 449
702 323
307 463
144 757
252 670
864 512
357 216
707 423
151 239
473 15
95 590
568 707
117 674
21 468
678 344
810 52
548 136
368 896
582 703
33 875
783 648
846 714
421 572
28 101
719 810
372 692
470 740
975 337
433 807
684 744
608 337
292 510
887 573
272 605
327 93
81 952
442 537
167 323
442 506
925 18
40 701
327 33
837 74
572 670
784 805
90 973
727 467
973 714
25 436
548 449
483 667
641 283
73 688
117 124
657 798
331 525
28 403
81 670
262 804
341 255
306 28
908 717
756 290
272 886
548 666
637 425
110 387
152 136
444 589
795 555
801 19
90 989
144 124
952 442
443 273
73 259
33 309
245 802
234 445
42 827
588 414
504 486
705 616
70 867
399 188
931 973
60 309
585 879
260 854
196 843
370 629
529 129
588 973
682 621
408 454
94 810
640 846
8 474
853 355
549 419
864 249
292 16
137 558
766 436
449 75
224 568
757 701
290 389
81 506
207 447
390 242
476 39
331 757
390 908
897 879
76 714
636 440
694 229
470 632
703 255
130 528
799 424
979 757
93 875
862 952
337 621
437 120
712 207
622 533
690 512
887 93
582 485
215 207
940 143
745 284
312 19
383 191
750 773
582 389
301 201
514 152
255 252
31 678
952 887
857 403
28 915
703 572
922 373
92 479
991 72
974 21
485 400
215 757
857 42
464 791
905 369
67 768
129 48
231 672
656 75
711 341
295 263
160 33
515 968
649 573
232 627
622 518
694 680
519 912
90 414
21 403
224 292
350 616
3 988
862 341
707 638
818 215
862 670
993 830
329 315
311 557
140 101
884 911
341 989
670 522
931 896
864 766
442 875
71 177
805 93
65 844
482 2
832 589
905 195
960 398
444 548
114 246
227 577
164 666
603 78
442 395
313 927
504 101
244 731
756 81
144 337
975 172
711 309
538 16
280 713
182 666
160 368
389 255
690 872
625 540
442 33
389 400
993 118
252 989
884 342
242 687
470 742
117 423
271 703
71 802
327 846
582 259
506 572
434 355
776 388
395 93
168 690
283 896
294 762
217 60
573 93
33 60
402 875
88 479
172 253
314 944
632 156
529 925
124 286
762 29
70 602
242 114
274 924
395 875
672 914
711 875
766 878
203 729
560 807
40 638
287 116
69 518
379 261
479 75
254 645
625 152
206 835
505 332
67 181
913 682
719 468
343 332
621 680
973 846
28 98
65 717
295 692
852 328
40 799
321 283
353 334
90 572
32 757
340 7
22 816
156 231
832 514
984 136
548 602
765 692
65 419
13 867
887 733
953 67
460 720
646 234
368 400
952 395
824 157
441 155
931 670
641 588
882 754
807 145
621 423
786 151
229 680
598 498
887 805
37 163
608 680
482 615
151 74
727 118
485 733
177 101
215 942
837 182
255 522
735 878
151 550
186 456
721 508
899 18
242 398
160 733
450 926
733 537
735 246
90 726
641 711
712 673
290 670
13 672
92 540
334 976
641 368
347 6
588 896
228 396
42 657
857 305
678 514
339 348
160 1000
434 398
237 556
642 644
864 732
199 72
532 778
175 375
844 960
271 522
602 625
81 290
828 372
993 467
592 618
269 881
864 436
442 976
223 463
395 522
180 659
219 15
974 752
782 98
107 163
510 936
739 142
649 160
404 127
978 498
640 896
882 301
697 688
132 731
261 772
661 970
641 93
894 643
699 228
343 849
207 691
876 421
857 376
421 640
290 973
42 480
697 255
896 522
103 761
334 271
223 307
887 875
434 246
827 67
319 598
33 259
561 277
485 714
21 752
156 158
329 459
623 82
402 81
57 783
975 128
359 872
537 846
862 537
136 516
131 103
646 158
90 896
485 414
268 930
224 16
649 309
390 355
942 849
985 687
217 1000
283 805
931 485
987 967
88 837
726 252
125 609
548 156
863 700
242 370
866 254
506 252
389 875
989 714
339 667
193 205
818 32
368 511
485 527
514 158
442 973
370 766
274 479
979 673
236 145
656 470
556 589
786 479
815 136
646 13
125 67
271 389
588 160
809 12
588 90
88 151
947 263
862 271
548 882
121 30
493 695
41 891
246 398
610 986
514 740
756 896
158 914
908 65
815 320
584 813
799 364
215 423
952 582
853 65
169 193
290 703
978 825
65 687
538 663
766 549
674 124
995 422
140 915
298 599
699 344
234 134
39 285
556 146
215 447
445 924
334 90
321 670
928 105
490 352
13 88
976 90
368 989
711 572
444 13
90 255
733 511
390 419
771 636
28 798
337 680
711 414
555 776
999 646
345 603
35 810
115 318
573 511
811 469
399 198
709 468
40 682
168 853
953 899
818 979
656 31
979 682
337 423
323 682
76 309
697 896
475 357
81 973
449 865
390 434
389 537
304 998
879 338
556 984
402 640
732 690
321 733
939 53
756 703
88 320
915 45
815 396
784 341
227 207
657 28
255 511
666 914
434 878
968 514
952 60
94 480
226 424
23 533
707 525
367 747
152 740
259 805
54 967
172 14
402 60
81 688
60 846
134 301
533 69
752 486
283 511
832 914
212 963
672 742
424 32
128 447
748 898
889 980
80 58
585 232
341 511
933 623
548 164
73 522
25 242
425 823
572 973
402 688
52 48
649 255
399 813
381 902
298 449
212 153
76 334
827 52
399 208
694 757
756 271
691 701
864 25
692 47
519 787
70 470
694 128
28 19
140 486
514 742
389 989
271 846
219 221
753 763
227 286
193 904
146 134
985 65
485 309
697 76
560 350
876 875
48 45
298 515
703 421
962 48
766 732
369 351
711 1000
936 229
233 66
550 886
426 319
248 378
836 320
753 721
451 502
529 490
864 629
896 414
946 484
331 172
645 877
692 307
711 421
94 486
649 217
73 341
239 666
828 692
395 33
72 521
784 703
403 596
931 582
75 301
582 283
409 939
295 241
306 42
160 976
846 414
589 754
588 271
726 522
172 332
968 605
738 996
853 500
168 65
334 395
685 900
711 334
442 334
242 246
853 629
599 740
240 232
640 989
368 290
602 865
784 726
272 74
756 353
290 60
703 33
353 271
669 355
622 54
76 33
649 252
727 191
506 714
844 398
683 187
609 752
687 398
557 626
116 386
918 2
434 549
402 389
368 670
165 847
327 353
804 463
281 38
439 545
168 25
88 556
22 284
697 252
395 73
54 250
602 740
383 830
527 511
390 732
287 132
40 14
697 368
989 414
756 33
283 421
341 896
678 164
540 134
766 717
614 802
246 960
832 968
228 540
311 15
69 338
773 971
568 691
506 73
168 864
876 395
491 526
380 701
397 509
823 465
756 670
886 84
31 632
229 568
78 302
341 93
436 960
9 975
1000 875
618 598
834 680
756 976
44 668
702 253
134 740
999 882
327 334
1000 973
160 73
483 385
689 397
707 701
999 740
669 419
65 732
733 714
803 744
334 33
139 212
807 616
575 369
694 621
13 599
952 703
81 421
358 359
864 878
506 688
402 976
253 32
504 222
500 872
562 890
73 805
327 76
13 301
244 705
588 784
669 549
908 370
207 14
283 506
615 993
87 813
424 207
670 400
255 726
90 400
144 712
323 14
853 732
241 223
423 701
805 400
295 307
882 151
697 259
667 265
40 712
215 128
270 942
167 423
588 887
916 89
873 489
388 393
864 872
434 844
711 160
81 989
339 652
88 914
128 253
173 822
864 370
726 400
703 846
697 649
183 472
608 144
707 332
69 170
368 875
990 477
532 218
827 312
694 975
217 421
754 914
798 468
144 849
9 229
704 27
540 886
525 680
390 512
733 805
734 739
127 361
697 726
641 697
805 414
989 688
237 201
366 825
901 443
577 525
947 275
537 309
602 655
177 305
885 159
25 878
76 976
215 568
274 239
170 99
988 592
459 284
687 246
700 210
905 626
255 989
784 846
934 401
272 999
818 423
974 719
974 19
641 688
908 25
327 537
107 967
518 99
550 134
506 421
68 463
272 632
703 733
947 307
665 36
81 572
616 731
242 436
395 421
42 48
952 290
549 436
515 589
327 395
442 670
240 250
686 102
442 640
251 755
377 161
912 383
719 305
785 519
858 461
60 527
7 391
56 593
827 486
614 915
992 233
711 90
810 468
506 400
462 731
900 835
524 945
292 975
386 788
181 62
801 42
306 305
217 733
538 323
669 766
13 70
931 588
114 398
34 206
338 170
548 914
321 259
649 421
331 621
573 726
975 577
227 975
566 179
271 573
70 943
936 9
923 557
214 232
427 811
88 164
355 512
114 549
808 386
936 424
140 657
35 925
32 707
952 733
719 18
947 692
447 16
782 71
579 653
225 683
506 887
327 283
908 114
295 372
569 635
983 194
694 936
480 67
578 260
140 177
832 984
16 691
168 114
114 878
18 45
290 341
368 537
76 973
947 223
537 414
71 403
974 953
263 47
353 252
462 788
803 807
156 84
537 522
468 98
932 405
974 28
132 603
1000 414
853 960
624 263
130 945
325 794
719 915
370 436
976 421
241 692
23 325
719 486
827 561
321 309
298 678
60 259
205 879
321 506
215 979
81 485
629 398
514 943
832 882
94 277
257 618
510 577
899 752
144 673
421 989
864 687
283 989
517 935
649 395
690 844
589 43
912 2
556 84
641 931
35 67
862 442
862 572
40 364
383 945
283 1000
325 518
832 602
649 805
913 364
234 156
756 572
969 938
787 467
931 160
168 844
298 968
125 140
31 914
283 73
327 341
14 691
237 298
506 511
429 764
504 561
242 65
815 742
490 101
390 114
370 358
353 640
184 106
548 411
9 423
18 798
272 444
881 415
583 722
504 52
258 718
246 355
327 271
844 872
588 522
672 239
988 911
506 33
470 320
292 702
976 400
886 411
882 655
886 914
606 256
323 424
2 191
596 101
754 146
170 126
537 527
976 973
28 768
274 914
270 673
252 511
703 259
217 784
582 875
272 672
369 265
522 846
624 804
711 588
737 289
197 871
241 47
151 655
912 191
224 447
315 170
274 886
887 846
573 522
568 701
832 678
90 537
395 640
353 400
436 359
952 784
501 884
662 570
104 856
431 906
415 330
479 625
706 788
353 73
215 608
165 842
622 585
876 341
368 217
200 833
711 60
489 855
278 363
81 714
682 424
444 672
889 532
320 239
341 414
452 209
164 943
479 182
824 284
345 433
654 159
735 168
471 743
671 580
754 320
519 830
765 372
807 731
81 876
589 164
66 119
459 250
133 564
561 67
465 340
272 411
47 463
370 690
241 307
485 522
629 359
976 259
368 283
1000 271
426 342
327 976
896 726
144 286
375 428
756 649
694 380
886 666
402 334
709 403
200 401
353 875
810 596
474 945
283 341
908 878
568 16
263 307
565 626
730 860
442 259
582 60
679 441
727 383
334 368
500 549
973 896
152 943
612 401
147 835
197 565
473 351
188 715
160 846
76 511
380 577
33 90
54 824
655 320
792 592
402 271
193 69
421 973
137 778
756 255
588 640
904 967
442 309
25 419
697 327
711 973
1000 309
54 284
402 805
228 239
975 424
846 511
1000 572
887 259
75 84
482 727
931 33
619 154
786 70
582 442
68 275
105 594
140 222
390 500
537 896
306 98
896 688
368 733
706 541
784 733
973 400
857 486
697 522
657 305
448 829
164 156
504 719
60 389
550 837
81 726
234 146
524 622
327 931
358 878
485 670
122 861
871 50
924 865
382 173
548 605
167 707
709 67
782 609
912 787
403 67
649 485
75 231
312 468
719 925
620 706
358 872
283 485
283 726
6 866
548 479
527 522
402 896
799 525
448 10
707 691
818 680
603 300
685 778
908 359
141 190
51 847
337 673
912 830
446 1
512 717
129 45
434 419
245 19
271 93
195 218
954 494
784 511
754 449
905 652
882 152
765 47
228 301
182 605
950 267
128 849
568 332
160 60
295 262
152 632
931 784
323 577
862 989
35 129
144 423
421 846
52 277
9 538
573 896
989 93
812 132
862 649
836 968
483 900
510 331
582 421
395 973
515 646
690 436
19 468
302 541
624 307
113 366
479 158
28 614
144 834
480 596
496 921
485 90
529 915
19 67
353 733
27 83
756 805
16 423
947 624
76 217
953 768
480 71
245 125
376 222
678 540
164 396
889 565
486 48
160 414
908 687
646 924
726 688
890 453
226 707
882 470
243 841
913 694
651 855
697 309
588 334
806 112
500 512
234 228
913 32
984 152
515 836
222 486
156 320
988 659
217 805
490 177
697 341
153 991
756 160
784 414
876 733
756 389
897 338
470 625
327 252
680 673
733 527
245 177
311 575
327 989
364 621
231 666
193 528
372 263
479 865
690 549
606 677
117 608
622 193
287 731
74 301
548 158
295 804
756 506
984 865
897 95
787 993
219 50
60 414
547 265
23 969
25 669
88 396
615 383
111 612
908 419
615 912
129 67
18 352
756 688
298 152
241 463
434 690
527 670
612 517
834 14
640 93
35 827
68 372
876 703
622 636
92 865
826 797
514 136
309 846
395 414
364 674
735 960
90 341
548 31
656 152
862 582
675 303
274 602
283 876
537 341
505 682
648 859
316 978
485 805
857 352
156 239
370 398
653 814
550 152
43 152
840 458
876 784
953 657
804 736
442 733
442 876
649 389
975 621
334 896
241 804
824 123
735 358
561 129
602 605
519 482
23 123
883 781
389 527
71 312
331 343
160 259
402 697
621 332
976 341
988 617
395 573
810 709
849 124
244 433
828 947
270 40
976 537
523 183
140 609
711 931
631 790
490 98
271 252
267 679
608 577
436 355
372 463
827 709
746 282
582 989
170 945
529 596
874 892
160 876
581 534
384 148
815 237
785 912
599 239
588 395
368 876
140 45
978 3
341 726
708 539
337 682
334 217
271 989
182 867
641 805
90 670
292 621
931 283
421 252
699 92
477 774
68 47
221 473
500 65
726 846
346 513
797 894
548 228
136 742
434 732
641 485
994 938
609 719
575 685
856 203
68 947
857 561
784 421
913 979
501 651
43 984
323 332
576 591
571 790
533 41
828 241
2 993
766 690
641 952
641 81
146 449
782 125
717 239
617 613
602 84
876 527
532 17
801 480
60 733
222 468
919 734
505 680
572 875
752 213
25 687
480 19
485 896
435 637
31 867
368 506
234 742
343 525
753 654
589 943
35 768
323 942
564 567
944 64
711 506
273 133
590 37
71 45
222 28
799 936
16 332
492 104
390 359
649 726
390 549
22 585
828 275
353 952
253 691
765 263
575 221
615 191
908 960
286 525
640 309
976 255
228 754
996 965
160 805
976 93
641 327
685 438
641 511
114 629
756 697
390 985
485 846
716 202
500 732
786 943
211 604
765 947
389 670
711 442
242 766
9 380
703 252
697 582
456 293
711 703
539 322
810 18
547 558
875 414
952 846
490 403
385 219
588 259
479 666
312 596
292 691
60 989
33 341
572 805
935 291
605 886
22 945
703 640
344 655
155 109
421 511
167 975
271 60
218 900
828 765
89 220
237 445
114 872
618 51
245 657
292 286
172 144
93 511
726 670
90 389
117 975
556 632
853 398
582 255
952 876
402 931
88 84
735 398
321 421
556 666
204 284
794 528
60 341
547 685
703 309
913 942
165 873
582 588
321 90
234 164
506 93
973 640
640 875
896 309
86 426
992 432
719 42
571 634
444 470
591 197
436 844
706 616
271 527
355 419
140 768
782 752
255 400
444 84
754 134
331 286
871 206
71 129
784 688
705 803
210 848
571 693
657 18
828 307
343 124
697 887
766 872
390 398
482 993
246 512
721 885
970 61
453 336
224 975
839 56
537 714
38 716
234 924
880 938
556 924
236 560
519 727
390 717
25 370
265 980
311 576
141 788
213 962
232 157
160 334
506 522
908 844
167 337
222 19
711 400
376 915
270 538
402 537
444 46
541 462
406 392
533 282
164 411
42 490
114 669
224 673
368 572
592 498
640 688
703 527
151 540
245 305
733 896
787 830
156 672
245 752
149 954
942 423
325 240
528 627
49 122
975 332
975 674
588 252
146 182
757 332
270 167
545 934
21 222
740 516
302 386
827 810
711 252
335 665
242 985
759 499
676 820
506 341
33 400
341 640
511 714
457 429
537 573
979 577
81 252
21 94
31 605
561 101
124 707
321 160
549 717
182 914
822 531
538 124
310 278
165 659
649 973
570 676
259 875
973 309
411 865
889 385
150 562
952 973
229 124
300 145
777 909
416 863
876 973
733 640
646 605
601 874
931 90
546 851
8 440
305 403
756 714
756 93
172 682
92 886
222 98
417 317
899 798
327 688
217 714
646 74
242 355
723 910
274 672
548 13
605 516
306 245
321 931
713 492
842 342
862 327
111 401
76 784
116 300
10 256
756 341
244 803
376 18
719 45
510 975
952 1000
479 70
549 960
786 742
349 247
923 385
495 384
504 801
345 190
636 528
395 90
505 663
631 401
529 468
329 338
605 914
952 76
94 709
956 192
694 979
506 876
549 359
936 674
217 989
815 865
735 355
65 669
715 584
245 45
948 792
649 93
182 632
599 886
442 73
968 445
197 221
337 712
236 190
326 377
556 239
31 274
160 714
941 347
334 989
402 485
497 907
1000 90
837 470
14 701
667 473
512 878
32 680
339 206
605 632
321 485
591 17
765 275
510 16
132 244
655 886
21 45
237 92
896 714
735 629
828 47
312 98
13 632
548 231
733 255
81 640
371 119
385 206
2 467
635 789
168 390
864 419
226 332
553 199
70 411
198 181
160 93
356 816
259 309
976 1000
170 880
976 733
727 912
76 846
389 414
40 621
361 535
733 90
229 337
380 682
504 305
968 632
366 842
140 899
76 421
370 687
95 8
395 527
745 214
376 953
46 92
981 258
942 979
614 312
327 511
756 400
658 243
799 712
925 801
862 527
213 352
897 41
93 414
862 421
490 277
484 893
808 788
711 217
504 657
272 46
913 172
853 844
862 588
530 452
651 180
876 573
914 84
9 691
805 714
482 787
781 57
703 93
695 59
522 511
556 699
505 707
549 687
649 896
480 48
536 431
226 682
81 588
295 68
271 90
402 522
141 287
756 402
784 572
481 186
857 18
963 992
402 1000
801 486
862 875
157 474
620 244
931 255
984 625
641 640
411 924
765 804
931 76
540 84
163 528
560 706
370 355
272 867
961 724
438 369
974 899
789 574
741 409
694 942
582 76
717 359
324 162
572 688
283 887
334 572
222 962
81 33
785 830
343 9
262 47
537 640
327 572
195 473
974 810
572 259
687 512
952 255
81 353
242 549
702 447
976 670
605 320
234 301
259 714
772 404
848 251
485 875
216 901
527 688
862 255
976 60
646 699
507 225
442 989
582 506
419 717
755 883
295 47
622 904
624 275
952 271
485 784
68 692
847 319
25 398
924 632
649 572
353 511
129 802
359 398
309 688
272 88
563 543
837 886
181 208
494 800
782 768
646 152
999 298
172 608
353 537
334 973
740 886
602 234
68 828
853 512
527 846
644 520
242 844
515 632
540 201
334 573
402 952
624 463
350 345
540 672
344 470
372 804
952 93
126 967
506 703
1000 93
572 846
976 875
791 840
193 157
818 702
962 352
624 372
825 559
968 301
320 158
649 506
786 228
222 810
756 217
46 234
548 201
500 766
756 283
667 923
541 386
802 596
69 880
599 605
389 572
271 805
9 286
801 376
834 32
218 15
125 213
380 663
9 226
9 253
882 449
985 878
327 527
70 666
237 234
577 124
646 754
751 408
195 206
168 246
533 284
31 396
836 655
160 537
151 742
519 2
291 371
529 376
506 573
81 60
274 84
529 827
301 666
306 609
745 945
4 658
461 587
649 327
125 277
765 241
339 50
862 283
290 485
350 705
320 666
299 948
62 813
442 255
574 530
697 640
172 707
372 47
21 352
348 900
197 34
283 973
419 960
902 464
999 411
224 505
664 26
621 447
13 164
565 50
117 227
535 346
372 275
167 144
215 229
33 73
76 93
985 500
936 207
703 805
663 673
801 857
35 305
81 217
444 742
764 487
560 78
197 980
8 282
608 364
305 98
2 787
343 117
687 844
862 395
90 688
876 309
321 876
576 50
76 485
1000 896
690 878
864 549
872 960
33 572
779 566
434 872
246 359
287 807
13 151
217 726
21 35
837 156
649 76
917 333
799 538
370 872
99 869
327 442
756 395
712 834
655 411
532 736
510 834
99 123
290 733
68 241
106 956
201 924
334 703
22 204
985 114
560 744
678 84
458 296
1000 33
807 684
224 364
711 527
703 400
74 514
891 54
588 93
237 449
801 213
827 45
663 124
976 271
505 674
255 714
46 88
470 445
808 706
649 582
614 810
305 222
882 320
697 73
245 18
572 400
188 584
703 341
230 430
337 757
817 413
438 265
976 309
550 156
588 73
266 780
445 867
167 128
207 638
264 536
283 703
897 945
1000 400
785 191
537 973
705 731
215 343
979 701
215 621
947 463
882 134
442 805
565 667
270 691
909 185
588 511
784 90
353 688
692 262
376 468
137 626
656 968
15 900
753 159
308 884
736 206
726 875
538 227
353 527
506 389
912 993
179 374
327 573
973 805
834 568
827 962
338 315
297 44
339 265
804 47
629 355
696 446
756 573
228 84
421 341
711 733
378 770
732 717
897 282
73 887
144 674
160 640
746 250
757 16
168 398
649 846
201 239
943 301
126 459
201 84
973 414
717 960
223 263
746 22
28 802
836 344
70 968
229 380
952 283
321 76
34 980
973 688
824 745
616 78
641 582
24 738
76 726
790 200
770 96
1000 537
995 595
864 358
74 201
10 932
834 525
40 818
758 619
968 74
766 398
607 728
952 485
669 246
503 257
994 240
436 398
17 351
527 309
702 568
989 511
402 641
217 309
649 414
352 798
761 79
784 309
390 690
582 414
505 215
329 904
550 867
832 836
306 915
544 80
124 423
222 277
669 690
160 442
756 733
632 914
735 766
168 370
976 389
482 912
140 94
793 86
999 550
242 359
888 580
193 170
984 699
362 85
560 300
334 1000
358 629
643 437
217 33
93 400
470 301
395 259
234 605
126 938
376 305
937 466
726 805
620 788
994 126
726 989
402 714
143 821
582 688
698 581
422 749
632 158
911 873
35 529
43 786
604 381
360 196
505 32
65 358
864 500
241 275
419 512
159 55
649 588
345 300
306 827
784 271
972 977
799 292
519 118
88 231
868 108
908 500
358 246
669 732
818 707
628 496
341 522
168 376
190 744
984 968
9 682
298 556
358 687
752 98
421 255
447 286
217 640
168 960
68 263
942 682
126 880
692 275
228 136
620 705
436 717
849 424
942 447
46 228
913 337
670 511
272 13
609 657
930 450
815 540
252 805
976 805
756 522
887 989
803 433
865 396
35 709
694 447
862 887
953 45
60 522
588 527
834 638
306 312
786 678
999 815
646 31
952 400
799 608
30 662
134 666
399 178
69 126
25 960
12 795
621 16
65 355
21 719
400 714
622 250
358 419
813 208
697 414
711 395
263 275
905 558
694 538
999 832
629 878
931 442
323 621
485 573
101 468
692 263
782 352
188 87
794 282
638 691
887 670
749 937
295 223
524 107
992 870
1000 784
533 95
913 226
975 229
1000 522
550 655
434 960
380 525
341 572
899 67
512 359
969 945
283 60
298 754
226 423
283 875
92 301
967 284
321 711
421 259
341 252
201 865
949 563
784 714
785 727
345 145
578 356
68 262
853 690
732 246
641 887
73 537
60 511
989 400
629 436
101 213
906 723
290 33
237 515
455 554
952 726
532 547
549 398
641 973
306 782
690 717
778 905
73 421
516 84
916 288
649 522
942 663
584 62
609 561
94 101
527 255
331 423
608 674
71 962
547 483
195 900
114 690
582 160
132 744
588 572
470 182
274 396
656 589
483 137
864 844
402 353
588 876
201 156
390 687
936 691
602 678
958 919
64 809
582 511
697 442
756 875
597 324
237 84
407 793
590 232
613 792
217 252
35 376
735 732
1000 341
402 862
904 107
641 90
862 259
327 309
112 149
117 364
353 573
151 984
41 633
639 379
500 629
395 485
532 626
499 664
177 596
991 812
889 778
897 533
125 376
818 424
483 871
853 242
573 400
236 541
19 752
1 211
997 349
485 33
827 752
519 993
9 663
808 616
985 370
454 966
830 467
306 504
60 875
490 305
395 341
298 231
376 101
117 16
295 463
192 11
984 886
702 849
588 400
582 252
529 561
434 512
862 400
989 522
73 714
752 802
123 214
860 895
808 807
337 568
242 307
353 395
426 592
649 511
765 463
669 370
780 868
66 934
641 290
756 259
167 818
853 114
385 218
290 309
132 541
660 175
321 522
671 750
305 45
984 239
629 690
766 844
701 680
855 842
246 717
554 394
423 332
833 829
547 900
887 341
271 670
353 711
350 603
33 255
521 552
649 876
703 875
73 93
283 395
442 485
998 367
358 960
588 726
222 101
588 989
743 922
242 669
321 582
656 548
784 573
76 90
984 70
782 709
79 689
659 308
895 362
724 759
334 714
827 277
353 60
434 359
168 878
390 853
516 666
669 359
482 383
976 896
754 924
877 579
41 945
746 130
629 766
994 8
614 129
654 721
588 976
947 47
419 872
334 389
237 31
677 992
33 527
561 962
976 989
