4000 4000
2291 387
2796 444
2283 3023
403 2348
2523 3791
1437 2141
438 1426
3002 1180
1841 773
1742 3796
2831 2194
2691 3701
1230 1011
450 3712
588 1284
591 312
1628 2763
2139 3463
2759 3607
3339 1358
949 2889
3423 3817
2505 1486
1767 1788
1736 317
780 3488
381 1772
1747 3347
3121 3533
2186 3305
1935 3441
753 2480
90 101
259 1163
667 2888
1194 3011
3241 3478
1786 1703
625 3508
2460 1952
3139 3484
1824 1569
1711 20
1231 2086
1899 2013
575 2174
2265 126
3913 3762
1092 441
1315 3276
808 1015
2442 3403
2893 513
1089 1847
1606 1338
2905 826
1908 1609
547 1225
1058 2715
384 2473
176 489
2744 935
1310 220
3588 2272
687 1413
2948 87
509 199
1000 3344
1401 1447
1290 3284
2742 848
2635 742
489 959
2882 3157
1514 1320
3557 1515
179 842
1426 68
3985 406
3226 3055
799 3920
213 522
2706 868
1635 1137
574 2616
939 1645
234 3449
1917 1656
1949 2985
1222 2948
3684 3369
1298 1152
451 2151
351 2529
19 3177
2137 3854
1830 2500
113 3294
1085 1409
3848 729
3579 2511
1731 448
46 614
1053 1978
506 1293
410 2989
2312 2397
3341 3026
637 2346
2719 4
2293 2219
2059 3039
3034 530
1039 3593
428 790
92 1361
3007 3221
3983 3156
693 3730
491 574
3269 2387
1912 610
2624 3917
2007 386
314 3266
262 3372
586 2403
2943 1121
784 799
1569 3994
2369 1186
2347 1182
827 2375
1498 1962
1001 3781
3036 2009
1671 3540
1764 2727
600 66
3113 2467
1394 1765
173 3390
1695 2765
3593 3528
2778 3358
3142 2389
2794 1026
2111 395
1488 2369
1965 639
2908 2226
877 2960
3088 690
3636 1445
578 3944
2510 2216
2521 1410
480 1710
917 3080
570 1073
814 461
1291 2504
2638 232
2287 69
3277 35
2086 3948
3386 1957
712 3280
729 475
2518 323
2162 3181
3408 3277
3814 3904
385 1933
2471 2939
148 3324
1240 2431
2560 1174
84 1945
3961 1899
2425 3681
919 3118
1100 1372
3696 3229
1055 402
2108 357
972 1012
909 1193
2286 2565
842 3476
3946 78
2218 242
2212 2752
2756 1107
2870 1350
1941 1956
3750 1960
3707 1877
112 887
3266 1219
2715 2073
3733 3976
2947 1400
3597 3673
228 1596
3854 1029
483 537
368 3222
2900 2712
3945 2068
3758 94
338 896
252 3573
1520 176
635 1992
3080 760
2062 3925
2605 2903
2190 3230
950 3196
3845 791
914 3959
1732 3037
2136 3402
2940 1171
1086 1457
1555 649
865 1094
3574 819
2823 3914
1451 3901
1622 3267
965 2251
555 1893
123 2867
1170 1806
2957 1066
772 2430
643 744
2345 3073
3790 686
1328 2862
2339 627
2504 825
3616 2468
973 2065
1338 263
2240 658
3370 772
2182 3519
4000 2198
1839 1480
2336 1166
3528 2367
694 3022
2675 987
1903 3249
1216 1566
93 2355
342 573
1595 2863
755 2944
3859 943
3477 108
1612 1005
669 2084
952 2546
10 2594
783 1204
2776 3800
1851 2943
2257 3615
2436 1220
300 2919
2749 3408
1293 2334
1366 280
3952 497
1399 2707
3964 3111
2896 1444
2462 2512
1602 3567
2597 3299
1250 991
649 575
815 1840
2159 2869
737 408
2963 3213
267 1707
2041 798
2910 1675
564 1835
2904 1179
3278 3377
2519 1638
3955 2264
1888 541
2057 1520
1535 2942
58 33
11 3977
1024 922
190 3364
1168 2551
908 2097
3846 466
3118 1479
425 180
542 2691
957 2564
519 302
876 1078
2264 3789
2366 3004
668 1351
3794 1982
2833 204
797 1902
2445 325
2282 3700
1436 911
2888 1983
305 1158
1206 1205
1357 988
2615 3621
3627 523
1309 1115
3789 821
522 2773
527 494
666 1774
3028 3067
2681 3365
208 1053
1403 8
3492 3819
3746 2217
2391 3325
3326 97
1726 478
3296 2015
2644 3343
552 3694
1279 2175
2151 3653
1348 2235
3564 1052
2248 3003
1729 3200
1708 3410
1283 1768
634 3929
273 2797
2255 709
3578 1942
3219 2119
3974 1872
2421 2532
1065 1546
2844 1355
2491 211
1650 2526
3124 96
3038 2560
2922 1883
2359 3002
1889 805
2974 2311
3472 2827
2085 3250
1255 3385
1121 3983
620 1896
2960 1688
215 3575
1933 2702
1966 1357
3213 3100
3504 1776
3620 2271
661 3624
170 2447
3708 261
736 856
2884 1282
2955 3984
2574 3803
3174 2635
1048 710
2906 3381
2986 2012
3376 1342
703 3950
3470 2162
2766 3375
1456 608
3393 3093
481 1306
1878 2418
2705 2587
3360 3981
2695 2792
2763 425
1019 2756
940 3876
3893 1955
3497 1833
163 1168
2969 1040
1749 964
2800 837
1369 1922
311 1528
1942 1924
3835 1129
1224 1972
2132 3290
3399 2725
347 3964
1455 3978
795 237
476 630
882 1134
764 3035
867 6
2709 311
1087 3215
1618 1468
2084 465
110 378
253 1192
2696 416
590 2670
1017 3212
1861 1221
1192 1465
657 1503
2019 1755
1562 407
3724 3175
676 595
734 2881
138 3997
1873 2648
3014 2315
1413 2405
1208 2776
3345 1374
1088 223
886 1811
233 2719
3842 1099
1539 2595
1886 3140
3298 2649
1971 2600
1987 901
1129 2831
1307 1794
1349 292
3908 764
1581 3792
3384 1314
2665 3134
2146 2095
2864 3821
2441 2994
2649 1981
1968 2696
3495 645
871 942
770 339
3407 517
3012 1190
2531 26
2307 3129
3872 3458
3110 2886
1741 3893
431 2515
2670 1810
1141 1718
2976 2261
3053 711
2078 666
964 300
3261 3088
853 2243
3962 640
3540 929
3029 1980
2545 2838
2792 2237
3180 1812
2629 3431
3865 1586
1808 1841
1424 338
1675 3135
3377 3265
1045 3105
2353 1822
3330 233
3405 2376
2262 3661
3968 377
2195 817
956 3691
2529 3769
1416 3670
3165 428
149 2033
2746 3811
3595 2729
224 3906
2606 3180
560 120
1690 449
1846 2602
1985 2630
455 3754
2231 2356
2082 3891
2372 2723
1890 2887
3400 769
232 269
1553 2193
2221 2446
3547 227
2067 3930
3765 916
3107 3559
2555 2050
2390 1343
932 3604
2155 3220
371 3275
2881 2307
638 1510
3818 3154
412 2921
724 308
1444 1692
826 3271
3108 3219
1700 1878
2714 1790
2068 1483
1468 149
1939 3185
1355 17
1638 2848
1282 153
2760 2472
2091 3166
3539 3766
571 700
2772 1048
1054 1431
1894 2644
3270 3075
3117 2260
3771 3308
2945 1217
2039 2022
479 2428
2849 3464
828 2750
1347 305
1028 1216
1521 3676
562 2629
680 1317
3184 188
1062 3019
3337 342
2965 99
1323 2231
226 353
2980 2709
3713 1333
3901 343
2876 1567
3982 3586
2232 992
2047 2051
945 84
2196 1848
3737 3425
1123 3853
1353 1851
3160 908
1490 3335
3448 1382
2228 2321
1205 3286
1073 1092
260 854
2256 468
3745 2499
3548 3554
2710 3872
2751 3168
1174 1240
3082 1033
1810 48
915 2606
1755 793
645 3396
3780 2224
1237 85
1440 1123
2979 1936
3821 2823
490 118
2468 3888
3112 3201
157 3218
3550 1750
3498 2060
559 584
515 2739
646 2351
726 2314
3878 2662
2314 3843
3019 1482
1982 3030
3742 98
884 2799
1003 3992
1051 2066
936 3818
3604 1328
2497 3652
3493 3880
1104 1600
2637 3987
1518 2880
1572 2186
713 2555
3589 587
3334 470
22 1866
497 691
1169 3912
2549 288
485 910
239 1614
21 2452
3723 295
2564 721
3475 3143
278 2080
266 3148
800 3450
3618 2864
2408 3757
3928 2004
1876 2345
1693 234
3543 3108
1113 1724
2929 2113
988 309
3920 1113
696 984
890 1608
2926 219
2811 739
1639 1998
1669 3765
1825 3128
2989 1312
375 2206
944 82
1136 3609
3697 2786
3274 42
3060 3931
1248 2438
2761 2657
1467 327
3202 1041
1258 2705
370 1201
1497 3098
3993 3483
2970 2214
2581 469
2513 3400
2138 3679
3114 36
3558 2289
1068 3750
2916 236
265 2933
2483 2103
3646 2534
1364 597
3224 1254
1370 3028
2324 3727
3079 2444
12 1
2575 2896
2588 2909
955 2495
3116 1579
942 229
1496 2138
698 3034
1489 2899
279 585
2745 3991
3754 936
3214 1725
968 1264
3555 1494
2143 2501
2270 79
2486 1321
2331 3346
3325 3659
3586 1545
3303 660
1678 2451
3499 3774
2242 412
2350 1326
2123 1323
3654 1905
1804 1275
3198 809
1187 1399
3809 1083
470 3503
2219 696
2944 2285
708 2523
3563 3285
3824 3153
1570 3713
372 1348
3381 3045
2599 1778
3585 2433
3987 1916
1954 2359
229 3495
40 572
2931 841
2202 2932
1661 30
3760 2445
2016 815
2040 2384
172 2780
3308 720
3094 2076
701 1989
3446 1595
2378 2798
2032 782
553 3445
3284 1456
1798 1022
496 198
3077 1155
488 301
3230 3515
1805 685
762 947
2797 164
3058 3707
3066 3412
1760 728
850 763
1633 218
1848 3722
3090 2544
1634 2742
2022 103
1910 2916
911 1611
1099 3632
2180 2125
3623 3485
1034 2036
3607 2247
3480 743
3662 3050
837 3527
3885 755
2869 2006
1481 1803
2216 1433
3250 1435
3078 3580
981 274
3976 1900
1137 2241
3827 1045
813 2262
376 561
2672 3582
2056 1904
1849 734
2806 2967
3215 600
1586 487
2946 2796
2351 3322
883 598
2930 770
2777 1371
2268 1829
3374 1892
3910 3238
2313 1478
3738 2974
2294 426
238 3524
1313 786
2488 1881
1627 2124
2099 3724
2227 886
1915 3434
3363 1394
2848 3025
1159 2256
2173 1411
3633 1593
2121 2238
1662 260
3445 3623
2747 869
3720 1628
1501 1299
1368 3813
472 521
3581 2711
3813 51
3209 1250
30 2743
2546 64
3361 1739
3397 895
3406 476
3728 1132
3238 1561
433 1938
459 1949
602 2365
3619 2034
1083 2158
2973 267
333 1917
1302 3352
2966 1487
3788 3793
2718 2926
1010 2930
948 208
415 3591
3870 794
1836 56
1239 3740
1047 3423
3883 3190
3675 1852
3657 3786
3098 549
389 2640
2812 844
2210 3610
1759 3079
3841 3874
359 3790
1226 2265
3170 3718
198 617
2494 2573
1427 579
529 3225
3260 2038
1180 2646
5 1239
2920 1269
430 3126
2928 3625
3820 2784
498 2833
111 3805
1703 3096
1273 919
1645 3117
3167 621
3951 47
2170 3868
2846 2457
1837 3269
1986 757
1800 2664
2260 1046
587 3161
710 3739
1897 1458
3150 1126
3988 3608
1332 3065
341 2203
1118 2115
2587 511
1158 2840
622 3296
2152 3810
1528 2902
3573 1208
1460 3654
1050 1164
2503 2603
1027 1585
2096 2209
630 2653
3158 2399
3959 2047
718 132
1397 3160
1728 3016
1752 2484
217 168
2332 3392
1509 2979
3800 1536
3097 2569
1131 221
2145 2922
44 3089
1950 1918
2453 1820
3348 1069
1960 2847
2576 1496
3816 714
1340 1798
2682 2537
2149 3452
1721 3971
702 1712
2921 2895
2215 1484
655 1761
3541 2160
2306 44
524 1145
773 1023
76 1837
3640 2381
3329 3979
717 318
2382 366
1387 3568
52 2003
2642 54
3432 3913
3598 2278
1567 1903
1952 3549
3717 3603
1067 2205
1538 1001
377 3318
1251 3341
1718 1232
2785 2042
1858 2337
2367 643
486 1502
24 1767
3556 3259
2532 106
2109 1450
2377 1227
3632 1509
3648 702
214 372
3052 401
3927 2090
2865 3006
3231 3734
3420 2980
3281 3323
3714 328
976 1272
89 3685
1018 1072
97 3234
3320 2061
2643 3684
3323 2582
2733 1573
2764 1380
1354 661
3169 941
589 2829
1420 2925
2426 27
895 462
3252 471
3311 446
3617 2105
168 3264
3779 657
3553 3748
1081 607
1140 1716
114 443
3810 2091
2043 3787
3099 1352
1787 3303
1523 2250
2214 2077
2114 3870
1360 2536
1506 1871
1733 2619
2999 3703
2203 3982
271 2350
2280 284
1022 609
1673 712
2872 59
599 347
706 629
841 117
2403 1910
3011 2959
2828 1173
3181 3468
3297 1931
3665 3650
3001 3198
373 202
2310 2167
1326 788
315 813
1390 477
3638 12
723 3588
320 2126
3786 2296
2674 1110
448 2954
1177 1365
2653 3785
662 2949
2613 2297
998 1552
1936 2732
3179 304
984 2817
1566 2046
960 3405
597 898
206 2304
2402 3354
2660 111
1097 256
2582 978
1281 811
2430 2029
3204 897
2987 2108
2201 3252
3530 2354
3063 3955
752 3046
2699 2133
53 155
572 2658
135 1886
1386 995
2176 1165
284 1621
3185 1144
434 459
2117 1856
225 603
2631 254
900 1966
1637 3630
2788 162
2178 38
2568 2975
3255 3763
1433 2294
3259 1071
3906 785
2623 650
3554 3797
3838 3097
2458 1858
191 411
3566 2758
159 3834
1483 1632
3367 1954
1358 2496
1234 3429
1560 1345
145 1255
34 2568
1880 921
1816 2000
728 2027
906 1644
565 3864
1853 938
1299 3010
2337 2518
1289 1291
751 3240
685 65
2437 2782
566 3972
3471 3086
2009 43
859 1327
1026 1913
969 2873
3318 1827
1074 2609
1383 3090
1654 894
1748 3182
3425 2281
1033 262
1405 797
3314 1723
1275 2282
3871 14
1029 1606
2373 1732
2658 3737
275 3869
3580 3448
3331 1971
1806 107
868 2232
3254 2684
958 1828
3398 618
3584 907
2951 3480
3934 718
2843 2775
887 3474
835 244
2762 2005
2697 61
688 22
502 2040
1564 644
3681 1265
1077 3899
2008 216
3811 2211
289 1744
714 3254
462 2150
2541 2915
104 806
2122 3109
1691 1521
812 1432
1475 3665
1771 2794
1330 3147
3120 2132
1694 1417
1525 1397
27 255
2898 2244
254 1315
287 1615
639 3574
2362 1036
2189 3715
742 3163
1979 972
1799 859
2824 3587
2276 2783
3559 3759
3467 3043
2727 2668
1964 2443
739 1941
2316 3482
1414 1678
3978 751
2156 654
3531 2665
143 3928
122 2525
1575 726
282 1793
102 2298
1306 980
3698 150
1084 3146
3712 3988
2748 2964
1541 861
683 1075
3148 3337
3932 2082
38 1734
1924 2521
1469 319
2996 2176
1381 850
1412 3799
954 673
1300 2364
293 1603
3692 3142
1161 3394
1351 1044
2225 165
1217 953
1117 2301
1548 289
1247 92
3769 3666
1485 2660
3321 540
2835 1944
1677 500
532 2811
1178 1298
1442 974
1795 3517
2128 1064
392 3172
107 3359
390 2409
2267 3760
2374 2440
3372 1844
2671 966
545 589
769 3631
504 2408
3890 405
2994 3592
789 2754
2125 2706
858 3596
2839 298
782 1582
3519 680
829 1601
88 2911
2852 888
2454 1088
2559 3801
3785 1685
3967 3551
1407 2491
2365 648
2557 173
3637 1751
3819 34
603 2236
56 392
1883 3555
1015 885
1652 3374
2802 1203
1813 3507
3368 2269
3628 151
520 2184
2646 1555
1134 3235
374 1987
441 1294
369 110
2356 1120
1090 2882
2983 2907
665 2127
469 1706
922 1671
194 3283
3650 2972
1179 2610
1594 877
3085 3000
3473 356
1750 3302
604 1405
3239 46
750 1234
3520 692
2972 3633
2020 2578
2490 3645
1844 3827
1756 1865
1533 1577
3970 3518
3892 2768
48 1970
1457 2245
3722 3159
3104 3695
427 994
2901 1951
1196 3279
3686 553
905 2129
1218 853
3137 3329
2648 3804
3156 258
2664 1268
276 2633
3006 1085
2959 3973
3535 2449
310 1102
106 824
1398 1213
2334 1452
2427 562
45 931
584 2901
2326 3202
2855 1428
1611 3637
1865 3962
2129 1637
2886 1279
3823 137
2720 3808
3682 157
3719 3436
1722 1697
2540 2766
1978 3733
2894 3831
3153 2200
1766 10
3915 2179
1659 2404
3536 1919
3804 1278
3931 3841
1879 715
1445 88
1343 2923
3267 2120
2272 539
3044 1729
3478 3042
2399 2240
608 2393
3051 1838
3175 3307
1674 2096
2750 2791
3572 1462
3749 3752
1388 1604
3833 3674
904 1568
768 2789
1476 1530
2923 3263
3409 1122
323 1789
3829 1689
2991 1257
738 3217
767 3363
2758 735
499 1861
326 3963
1385 1386
3141 420
202 1021
1716 2928
2829 143
2775 2081
1204 3537
2384 355
78 1796
2586 1016
3571 1991
1845 2017
1014 2938
2918 950
2175 857
23 2248
1494 3491
3338 961
3942 351
1333 1454
2967 697
2578 1874
864 3535
2536 3844
2464 1857
152 2955
210 576
1821 2678
3033 912
903 3647
3776 2275
3483 3550
2030 1488
2993 1690
2726 2325
678 2010
1345 3919
1738 3807
2469 3459
1862 166
3283 3651
1079 2879
1763 2936
3300 3233
3701 1068
2712 1672
2192 1285
3807 3677
3570 3326
2161 2891
3333 2517
817 154
408 436
495 3357
2344 620
1201 2809
748 1181
1558 3017
2879 2717
656 1662
2633 1098
3730 486
3687 1178
343 2769
2392 1832
2434 2111
3429 1474
3216 2493
875 178
1011 1926
3488 3937
3844 2733
2169 651
1715 3228
794 3064
2608 976
1286 1633
2387 2059
1160 1223
366 1381
2701 2420
1626 1805
3076 239
501 2693
2962 3820
1640 2305
3476 927
2394 1584
3826 1815
1166 3447
1297 1605
721 3502
3925 2171
2080 109
894 679
2984 796
2432 1086
1106 2223
1311 835
3037 201
3837 2519
3996 3579
3963 3462
1532 1464
2113 3261
2206 3735
1346 252
181 750
1173 1229
2738 3731
2463 2650
1610 2935
2821 1950
918 1746
2329 2147
2415 417
439 3334
1994 1441
1362 3932
3857 1519
1794 2164
292 2195
881 736
1114 259
3081 152
1790 1042
3565 2215
3365 1101
250 1553
2489 1434
1769 1347
897 1081
1702 3203
583 891
2860 341
935 1337
2355 1425
1547 3682
2919 1427
1905 2406
3828 636
3482 557
3457 602
2299 2996
1831 753
2193 3188
3157 3209
2634 2202
3357 1363
2569 3316
2537 1288
2834 780
2927 3310
1254 2950
2810 3552
2688 2497
1144 2514
158 737
2244 3534
554 1583
3694 3388
3484 2070
2368 303
879 1477
971 2812
2528 2182
550 1559
924 2810
1774 2423
3 2
3647 3384
429 333
209 1287
484 1090
3190 3584
990 240
2456 1607
1228 2336
926 1199
2346 2347
2780 1714
2630 3206
1013 2815
3490 727
546 1377
2184 2701
2544 2893
2954 2257
3154 2366
1133 1149
243 1953
3881 1791
2130 2101
3091 3975
766 914
42 1089
3834 1756
2424 3544
2673 1429
1713 2608
3369 642
3177 1650
1213 1619
2700 2324
2241 1125
3186 418
1582 1261
1744 3314
857 3367
3693 2424
648 3989
3766 1063
1516 2072
1271 2121
3960 3418
3909 3943
1723 532
26 243
2499 1516
1777 285
1725 373
3056 299
2887 354
3546 934
1530 3543
487 552
2223 526
1601 2098
2562 1576
1770 591
3065 2153
1779 1188
3289 1740
301 1339
1900 179
1425 3496
334 1923
3524 3996
3529 705
2566 3085
2589 889
2913 1769
240 1887
3271 2805
2165 2651
2358 1175
2243 2107
2807 310
1784 235
1094 3780
2234 2997
889 3074
212 2777
3652 3970
3414 1330
3353 1493
478 2749
3703 1986
1120 2058
2514 2290
1996 2225
3631 183
337 2074
3461 397
633 2044
2535 2801
3907 1686
2506 2455
898 528
674 2620
2786 3152
257 2318
2495 787
3203 1027
1295 1093
3474 182
1957 1766
400 777
1431 1691
508 2667
1458 2075
2558 283
1956 3205
2741 2981
2595 145
1125 1667
162 2527
1701 2330
3634 3274
1859 2210
2335 2507
3984 2407
2626 3908
1430 39
1423 3848
2198 3806
2429 1660
2502 2106
446 560
982 2498
2045 3018
1613 226
3227 435
1400 2748
66 2983
2028 1266
62 1256
2003 2161
1096 2740
2668 3426
3629 1322
324 215
1667 3053
741 2844
1753 3139
1406 2137
3582 3227
2903 3397
3164 3953
3948 717
167 2169
1943 2666
3134 948
1815 100
3921 3590
325 493
3207 409
1692 3345
2765 1401
715 2675
2774 2734
13 473
1642 3114
2584 1105
2728 2353
1135 1522
2666 789
3981 1736
3956 3866
788 932
1603 1730
2002 1388
1059 2966
3055 2018
1446 2852
3538 362
3129 1116
108 3778
2179 1324
3305 1979
2676 2591
2069 2846
1392 3916
892 3409
2501 3379
671 427
140 3627
307 524
3770 2694
14 3662
2397 3487
1193 241
3162 1346
1843 2180
1197 716
420 1028
2899 2239
1921 2958
3140 419
2308 3616
1872 612
1898 3783
1138 2469
1540 1302
3902 1170
2838 2109
3144 516
1325 3594
65 1623
237 3907
743 1267
3691 3896
1143 1095
1974 699
852 2655
3222 3619
165 1571
2058 2190
1103 2310
851 3595
1435 1354
885 1404
2956 1646
937 3475
54 814
663 2683
2012 957
3950 2299
1614 1647
174 135
3352 1215
1186 1738
2449 2341
2781 7
598 906
2723 3597
2035 376
1393 1821
2301 2143
2805 870
1545 1639
1574 3710
798 723
2678 2549
461 3583
3415 184
1904 2978
3187 1141
3943 2368
1793 1629
2014 2295
3849 1039
60 996
1472 904
2685 129
1402 224
2818 3416
3817 3179
2995 281
1175 2254
124 3875
3502 2586
2141 1547
3378 1251
1735 3539
2949 2152
2461 1556
907 3460
3427 1058
3428 125
1044 3430
207 3501
2413 1932
1852 3935
807 1311
3062 53
1630 2246
2556 3672
3929 2502
1682 2463
1317 2581
349 2023
606 2459
3777 2196
1049 3
200 836
2005 321
3873 792
220 3946
1712 1259
811 3704
3704 3784
2815 364
3335 2892
354 3454
245 1096
3775 722
3526 2787
3615 3845
573 3404
193 492
1215 1625
3350 422
3706 1973
1680 2593
1336 458
1948 1057
855 3187
2115 3330
1277 58
514 77
2708 564
3125 1056
3753 1142
2340 3838
2323 551
1443 2259
3577 3531
3229 3751
993 5
581 3545
1670 1418
1557 324
2978 3287
277 3151
2767 518
1596 3061
3256 3839
2609 1901
1316 3137
37 268
3924 1870
3702 2007
32 3424
1287 3910
2968 2824
3667 2771
2100 2510
1940 1109
2013 3373
141 331
1573 1466
610 3898
2404 3490
1037 998
3195 3009
1643 2850
268 2442
1111 3958
3891 1809
3221 1490
3601 3113
3442 1799
654 2965
2289 1300
3441 3414
2814 1658
582 1392
818 1540
3343 2969
443 2861
142 1277
2396 3945
1934 2868
270 474
3516 348
3612 1087
3517 3040
2083 3162
280 335
3677 123
3027 3749
2981 2435
2010 421
3039 858
2932 2641
579 846
2414 2596
3132 2516
4 1764
863 2703
2737 3675
1685 2094
1867 2628
1641 136
1471 2343
3732 1631
2060 3415
1270 3873
2612 3649
1765 616
3918 1558
2689 1737
3380 3620
1379 1263
391 2572
2858 127
1761 2605
594 1651
356 399
2470 533
1999 687
3173 635
2784 2485
3346 2309
1807 3553
1479 3149
3864 2414
1834 3711
2783 1864
943 2726
264 2676
3759 2357
2917 1782
3047 2855
843 1666
3545 971
1720 3041
3847 2213
672 2163
2567 2045
3294 1713
2094 28
2292 2439
1503 3378
2477 3336
1542 3689
1229 1366
2669 3437
618 277
1238 2802
3635 1836
330 2746
611 2673
3709 2035
1874 682
201 2929
2001 3600
2998 803
1284 1862
569 3577
195 1172
70 2056
2686 1290
844 546
3340 829
779 1797
2885 62
2252 2898
3404 2454
2702 1846
154 230
15 899
2992 1720
1608 3350
3938 2585
1285 1135
551 2087
3133 3391
3599 3738
3452 946
3743 3395
1274 554
3197 1159
3510 209
3020 3272
3463 2426
2063 3432
2507 432
2571 3099
308 1316
2554 3237
274 570
126 3094
127 3974
2977 2170
2627 954
2229 590
3661 2870
116 371
2023 3469
2975 1863
556 1489
3456 1855
2448 3564
830 2914
847 2154
2263 400
1151 756
870 1491
2077 1612
1809 2745
1 1695
2779 970
3939 3499
3074 3846
1257 675
2842 1869
992 1194
352 1867
1932 2475
3958 3951
2583 849
2052 2332
3084 1911
1043 2268
1020 2835
1970 3745
2707 3744
3095 119
2049 2394
1245 2411
1499 1222
1850 2508
69 2774
3481 3858
3899 3755
3018 3248
2953 384
3123 2464
2011 748
2025 2177
3523 820
2768 3756
2520 278
197 141
319 1963
3525 1909
2804 823
605 1059
3514 633
2305 2682
3689 115
1710 2465
1616 3802
87 1622
156 2207
1842 3646
1421 776
460 993
1588 3472
1091 624
3375 2576
2667 2462
1221 3572
3957 3051
2120 1800
3043 3122
2134 774
2755 665
1945 112
3569 917
2465 102
3992 2957
3208 2477
3674 1513
2104 1305
297 949
3356 3884
3656 3566
500 3370
3232 3115
931 2920
2239 977
1785 197
3048 3585
1510 1525
3679 1760
3781 1630
335 105
704 880
75 1535
3253 2020
516 1017
3411 3291
2950 3078
3102 1281
3435 746
2659 876
452 3697
771 2567
3778 13
28 2871
1556 664
387 2849
601 3942
928 1154
1920 2185
3761 2486
1492 3571
295 2990
1075 1807
3188 2531
55 3467
629 3304
393 2130
1958 1359
1150 1937
16 2030
2277 2400
1243 3612
367 2597
3054 442
642 3918
1266 2904
2026 3643
2296 928
3825 2875
109 3123
329 3562
286 1551
3798 2110
3168 1356
2601 2136
2511 2819
1856 1497
878 2714
2388 2672
418 452
3912 2339
3911 2878
2729 2189
118 265
541 1995
3199 379
397 1704
2207 1307
3560 695
2552 3861
2251 113
641 3776
3462 3033
1782 1990
3592 2221
987 2984
1365 212
2258 3243
473 245
1334 3516
2455 706
746 1318
2716 3505
833 2402
1495 1283
3898 2598
1320 1935
2753 3204
3126 761
2837 3860
1868 3663
404 845
353 217
3594 2173
299 86
414 1091
1115 447
2902 391
3109 1376
1776 1859
2915 1993
896 1570
3069 1362
1484 2031
3385 2172
1549 2607
2354 3922
3135 3433
2298 1930
2958 2229
3106 359
3756 1752
3273 2637
3867 3961
1840 1049
1822 3770
3501 2083
2443 177
471 2026
1172 1079
860 1771
3182 3690
2163 2574
930 2851
1082 1206
2603 3709
1592 190
2070 142
2000 2342
1006 2429
3685 1792
1676 2542
2185 29
1009 1669
454 91
684 2312
3200 704
350 833
801 2528
304 3648
3242 358
2515 3492
697 571
536 3952
3768 3702
3437 802
1171 1167
1163 3500
933 2699
1660 909
182 49
2868 3705
3211 2228
2856 2155
2364 2116
395 2412
3877 3993
754 2971
722 2842
3542 1243
2097 1818
2820 502
2379 2220
994 1416
456 3640
2090 306
1199 2374
1264 3477
836 2710
1706 3859
1259 2166
3625 1289
2698 3772
3286 3746
3382 2956
2825 2461
2891 581
1198 768
3032 207
1893 1008
2361 2917
236 2085
3466 181
3666 3767
3537 2816
1946 380
2790 2708
2226 2165
2909 3538
3851 1047
796 2604
3291 3493
2018 2592
3136 1574
1148 3521
235 225
675 3923
689 2520
128 615
2933 2458
670 160
2863 2940
291 2352
650 920
3832 2731
2487 2897
947 775
983 3949
2683 3027
2451 3903
100 1681
130 952
700 3599
2752 3176
526 2417
227 1212
3265 1050
3718 918
2211 3348
1491 158
2064 499
1580 352
1554 1076
1976 1389
1249 1019
543 398
2254 1067
3991 1742
3805 194
2393 3879
3522 1824
442 1260
3748 3565
725 3191
316 3082
1112 90
155 863
1480 2283
651 1013
98 2722
3561 1295
3655 2973
1002 3387
3288 116
2492 2853
3509 3060
2072 2025
2773 3164
71 1529
1486 3830
1625 3698
2273 1817
1040 3095
2235 440
2208 139
776 450
2866 2258
1907 725
1927 1237
9 2884
744 3169
3205 3816
1236 2123
1367 2779
3155 320
2602 2839
2618 3473
3332 955
3031 506
2793 1999
1688 985
2941 1495
612 1084
3801 3835
1911 37
3070 758
1327 3417
3549 3856
3896 536
2433 3497
831 375
39 1512
2148 2218
891 3356
1126 3131
1962 2135
3145 2192
3494 965
3562 1183
2563 674
1462 60
1064 414
3863 1850
1947 951
1792 228
2467 146
3710 3253
1895 1153
3313 1451
1508 71
2079 2530
2799 3717
1788 2102
1773 1524
1278 3525
3933 594
222 1514
17 1247
457 131
477 2274
846 3814
3505 1160
2525 3823
1666 1111
3930 326
2236 2669
1319 3293
2164 940
1988 2128
345 890
125 3532
1220 2303
3143 2178
1550 3851
2883 93
1262 2466
2862 3032
1504 3826
2183 1743
761 3529
3459 3124
2847 3044
1587 2277
1288 1664
20 874
1265 2757
3440 1230
1108 3655
2320 3081
816 1459
1781 3427
388 2566
3726 429
3304 2647
1439 3309
94 2559
1322 1157
153 1114
2874 156
2652 482
1095 1557
2438 1575
2594 1670
1544 2900
2662 479
1377 2323
358 3628
3797 3231
3803 1412
3489 2807
3608 2918
1461 2157
331 2547
3023 1340
759 2492
1305 566
2093 3523
467 3581
74 1038
902 1912
1705 3317
409 169
959 3915
3312 3777
1363 3116
2553 2697
557 973
1526 507
2321 1728
747 1673
822 2019
3290 2191
2873 1676
3449 3753
2645 185
2841 3881
2809 451
3100 483
196 1198
986 2316
1914 3563
2656 501
975 2575
2200 3056
3093 133
636 171
3016 1187
1505 3183
2687 1043
2017 2814
3583 1773
3004 3260
3916 1104
1474 3029
3071 2599
2651 2093
1522 1440
2479 128
120 1391
1429 1329
3552 1731
2526 1297
2380 986
336 568
3905 586
548 958
3888 213
1832 3692
3258 2253
686 3995
2135 3905
3042 3671
3390 677
2661 389
475 3413
1995 3380
3119 2471
3990 1018
494 3171
647 577
3614 3481
2485 2623
596 2335
1975 2615
3295 3158
3875 3184
417 1610
3515 1280
2877 3847
3233 3420
3725 843
1036 505
2349 2372
963 601
1147 3494
563 1364
3739 1472
272 1403
2405 3902
628 1636
1374 2329
3067 2089
1687 3444
33 1830
2997 3956
3575 1602
3171 3669
2871 393
2342 1882
2065 1679
3324 249
1977 2631
3664 3192
819 881
2309 3311
436 430
3787 626
1757 80
2133 3693
3083 2474
989 3232
999 434
3734 2041
607 1233
1233 747
2440 1258
1188 3007
1607 2100
3926 381
3953 3150
3590 1353
2253 1010
731 3038
3741 1273
3626 688
166 3788
2508 2453
1746 2379
3017 2890
2769 2656
2330 3542
3336 3849
3532 550
3487 433
380 2078
303 3764
893 1682
1389 3439
2311 1375
616 3071
3609 713
2550 1598
1719 1463
740 2601
1304 3857
2614 3892
962 801
3862 781
2412 424
1734 3852
2639 3606
1984 3210
1967 3457
3234 3825
3660 2772
2409 2392
2220 3867
2318 1442
3439 1940
3322 3407
1157 3292
3994 3155
1828 1349
786 2951
614 3520
2890 3273
3998 623
1021 296
3989 3328
2158 2720
3688 2552
3127 1523
1823 544
3285 926
382 1994
3695 529
223 2538
3096 1506
49 3214
283 2118
792 186
150 3842
2131 1396
503 1775
3937 2704
1511 1889
2024 525
1025 294
3533 2686
1214 3897
3969 2326
869 1453
3089 3696
2585 1719
3307 2319
978 148
219 2048
1529 3083
2548 3331
3947 2183
1604 24
41 2685
1740 1151
3342 1572
1105 997
2717 2762
1280 2677
2087 800
3705 2865
3206 3598
3030 2427
1500 214
1684 390
3152 731
1796 2234
79 2751
1537 1757
3527 1722
363 438
2573 834
3965 2398
419 2338
2936 3836
691 1185
673 89
1375 3288
2791 871
1066 878
805 1831
1152 1508
2680 2292
3486 3107
3671 1485
2103 2488
980 2770
2088 1415
3868 2953
2051 1383
2600 745
1211 1422
1411 558
623 3189
1745 460
3430 3399
144 2952
205 2279
77 2894
1447 3683
3861 2626
2939 2201
861 3828
985 1920
507 2688
263 2818
888 1717
3658 163
531 647
339 3295
2808 495
2278 1437
1448 667
2452 3798
1176 3406
925 360
2771 1927
322 3815
3373 1943
357 273
1653 1749
1004 1414
3410 307
432 3084
136 2961
787 1424
249 2643
302 1499
617 31
2288 3145
3354 1580
679 463
2538 2561
2213 467
3207 2118
1789 1626
1395 1448
1156 578
2854 369
1838 1438
1502 2114
2297 203
444 413
534 3569
3454 1762
1110 3514
1076 2741
3210 1853
1739 2505
2209 349
580 548
3611 2395
2266 783
3795 808
3744 2845
1546 2067
3716 2331
2565 3333
1681 15
2105 1309
285 313
1576 2270
2472 765
246 2674
3358 2437
621 3297
1373 937
901 527
1102 3924
1896 2857
386 2266
1232 3954
2693 1184
3201 3862
103 1436
3782 3921
1923 3561
3015 2513
3940 628
3010 1648
1167 1097
692 73
3161 1140
2302 831
3220 2557
2089 3822
407 206
1646 1143
1665 3656
2861 1613
576 2079
435 1709
2457 2800
59 1236
3551 2377
1615 2790
2925 3362
3263 170
3729 535
1041 611
3050 939
101 2062
1225 50
2711 193
3678 738
3727 1344
2543 1643
3458 488
2249 498
3812 3613
64 2134
3971 122
1864 1661
658 1597
3115 634
247 967
2739 3832
3923 671
3434 2571
2971 3355
1990 2340
517 1055
3735 2795
2274 1136
778 3530
3371 1296
2383 491
1655 1898
1253 569
3889 668
967 638
2934 431
161 3511
763 1578
3310 2388
1697 3138
2147 1939
3644 2556
1951 1654
2684 222
1063 968
2389 2286
3433 3720
1246 543
1820 3878
1891 2995
3262 3967
804 3886
2534 662
2053 200
1931 2489
3973 3548
3301 2293
3774 72
1517 1653
1408 1360
874 2632
946 370
2803 1214
3496 2249
492 1908
1664 2021
99 2148
2428 334
1482 481
3917 3486
518 1696
3275 1741
3355 248
6 672
3659 2588
242 1977
3151 2785
2247 3706
2942 2242
1409 1025
251 2071
1938 2522
2851 3736
707 3036
995 3393
63 1253
3944 2687
854 2912
1818 3342
3024 2885
3773 9
511 275
3387 1721
3485 3741
825 3165
1162 2738
3663 3558
1190 2872
3072 3576
1350 490
3506 3965
1989 3504
3784 3570
132 1783
733 1189
306 733
1668 2230
1380 1988
3772 2380
426 1252
1536 1777
732 2421
2655 1879
3064 2760
1139 238
3073 1031
3799 2142
1070 1244
2050 1753
1811 346
86 3382
216 1594
2279 388
3544 2617
3176 2146
1119 3986
67 3471
1207 3419
3796 2028
309 3638
185 822
1329 2695
2269 3714
1241 663
577 2866
192 2181
2217 2419
2188 3589
3731 893
2592 1032
1629 515
1871 875
2694 3642
1981 1127
3191 3106
2721 1834
2743 613
1454 1655
1919 3969
312 2856
244 1624
2787 2358
3613 2088
81 2425
1991 659
1524 2654
1937 1823
820 1854
1656 1813
791 2187
1127 396
133 3773
2199 1969
2840 1965
3049 3054
3866 3069
1419 1009
3764 3141
3700 740
3040 1620
2704 83
2422 3622
1101 3456
1244 1635
3508 1674
2621 3812
402 1128
1487 683
2126 1507
626 708
2385 410
95 3446
2194 1677
1183 779
18 1369
2167 2554
80 1845
3512 816
1463 1890
2315 3013
3130 2999
2295 1138
3721 3021
2493 1548
3413 1505
453 504
2154 3536
2512 2539
269 445
1396 3119
3059 689
137 2905
3276 1683
2197 1590
1683 2024
595 3758
505 63
540 2924
184 1526
1256 1292
3394 3353
177 3732
2641 2448
1361 2877
2230 637
1686 2690
2127 3301
3673 1968
3000 3076
1391 2663
3507 340
3013 365
3046 2737
3624 3383
1624 2441
2476 1532
2 1759
3009 1469
2935 1534
1441 784
2171 2506
288 3211
910 2494
3464 681
1185 3443
2400 962
810 3461
2757 423
1631 3833
3447 3224
361 2986
1252 1967
8 3216
1926 1060
2857 981
2153 2378
1267 3729
690 3985
493 2416
1352 1003
1885 147
927 2614
2530 2361
3444 3422
3178 1065
3101 271
2961 316
3630 1387
2177 1915
1384 1784
1071 3008
1356 1034
996 847
916 1976
3392 3258
2435 1308
468 2370
1649 2621
3576 161
1783 653
2144 192
83 2947
2692 2422
2619 3199
3649 531
1620 2112
1272 1398
3237 2434
2406 892
2859 3281
1376 1119
856 251
3045 3130
1930 332
1223 2049
1078 3489
3806 3104
2029 1117
3193 337
745 999
3460 2828
2912 2302
3856 3332
1473 2478
2654 1274
3419 989
1154 3127
1418 1226
1909 1367
3610 3809
3302 1780
3235 1560
934 3618
1658 593
405 2104
1031 2813
1093 1131
2246 1517
3315 2131
3192 315
1035 3133
3591 1002
749 905
2593 1070
2579 1024
1318 3110
2832 3506
2924 693
2539 2755
3344 694
2419 1395
3436 1373
3935 2092
2327 3282
2075 3300
3228 3255
3217 1331
1577 2558
838 3366
834 2820
1699 3453
221 2636
730 3421
991 1985
1493 2991
3131 3072
332 2753
880 1693
2607 2252
2124 2481
592 719
640 2344
423 1758
1378 2385
2650 2159
3840 2317
2371 3244
379 1549
406 1112
261 3940
528 1921
146 3112
627 1196
2830 2284
3850 1640
923 3824
951 1884
474 3887
1591 2946
465 945
1826 67
3941 2037
3914 2634
3223 1565
1589 404
1515 3911
2370 2052
3986 852
3426 3641
2398 3556
2740 1449
3511 1588
3683 864
2238 1061
2357 519
318 368
2431 3120
3035 2612
3183 3855
169 496
2411 134
1417 3245
1512 2759
1242 1895
3282 3882
2875 1051
1122 3998
3876 563
2181 1370
953 1368
3347 2806
3605 2503
720 454
344 983
346 2550
57 2001
1219 2144
1261 2874
774 2854
561 1310
3359 1430
1730 2386
3364 3338
1833 804
2319 174
1410 1286
147 3470
2107 979
1519 1108
25 3132
3057 3725
61 57
255 41
2466 604
164 2590
3860 2721
1913 2834
3831 827
535 1592
3711 3747
2628 3688
1344 2415
2237 138
1916 330
3395 2543
2610 3900
756 2788
3869 3312
151 2535
1339 1894
1181 2998
1866 2222
929 2724
2341 3101
1593 1808
2095 2227
2338 3829
3068 2432
2233 588
2782 2579
2736 144
3418 2360
3366 1564
401 3178
1164 2288
1791 2793
1149 749
186 2910
840 944
3762 2199
523 3668
1507 1191
3858 1146
682 3339
3417 279
3975 1934
362 3257
2880 350
866 3246
1422 2383
619 1727
544 3251
2826 2624
1636 2680
466 3837
2333 1959
3163 1419
2964 2906
2420 2212
1737 1334
1906 1218
1714 167
1623 1795
2381 3376
1434 2987
920 1156
802 1663
3383 3635
3293 1475
2795 547
2551 2627
3491 2982
1449 625
230 2014
1359 1842
2303 1238
1983 2122
3966 2140
1963 2747
1531 2913
3391 2280
1632 1209
3287 1074
1478 3686
134 3629
2819 1195
3328 1423
735 3062
3977 1699
2191 1471
709 838
2524 2611
3567 559
3853 3639
2620 3479
3503 3601
50 40
3621 3865
131 3070
449 1421
3061 19
3995 1733
2066 1224
175 3743
1466 3349
2459 266
2328 3012
2677 1897
248 1787
1195 580
1754 2843
231 1698
3980 3941
2284 698
568 1443
187 2002
1308 1587
1227 2577
1016 1875
1619 11
609 2692
328 3170
3317 1176
2889 2804
3676 923
1342 2149
3351 2436
1972 1843
1902 2659
803 1735
977 1481
533 385
35 345
781 2371
653 2069
613 1492
1651 456
82 599
321 3455
2770 2524
2375 1035
3954 1000
2418 2208
327 2767
567 1498
615 2063
2725 3617
2625 3626
1812 3522
2416 3966
2407 741
705 297
2754 2197
3808 3578
2098 1946
416 3015
2076 3091
2478 3058
1758 2328
3416 1849
1153 1591
1182 860
1007 1148
1997 2931
2417 3068
2444 556
3622 903
3306 104
2160 866
1404 2718
1023 1814
3949 3614
1046 703
2816 933
51 1385
241 762
3757 1460
3469 1207
2498 3936
1689 3889
938 596
3642 2363
1477 2584
1069 3306
1877 1200
1600 1518
2376 1891
2516 3361
1294 3980
1679 2652
3299 3236
1203 344
43 2832
3403 555
961 2583
3895 187
513 2300
2360 1554
2073 1634
1527 1825
3852 472
3251 3933
1922 2570
348 631
3149 18
2174 2267
2572 3435
1584 3557
3450 2639
2450 1816
3767 3723
2363 3371
3792 3926
3468 3428
31 2661
317 2553
1959 1770
979 1642
3752 3611
447 2156
2081 2970
1335 1384
47 1161
2285 2373
3438 3526
1453 754
1882 1262
2168 1077
3453 1888
1128 1303
2850 1964
3379 2479
2827 383
2527 3687
3900 2233
340 1378
2015 2349
3669 3136
3651 3716
1142 1550
3603 3658
2259 3270
2836 2287
3189 646
3897 3451
2892 1665
2343 1885
3279 1914
2074 231
115 2744
3639 1826
2598 567
593 969
256 1455
2591 913
1561 16
3424 286
3280 818
3075 655
2616 81
3513 1694
681 956
2730 3256
2533 669
1269 990
3103 3048
1579 1657
624 2204
849 3014
1080 75
413 3052
1165 2671
760 1177
2801 510
3008 1785
2033 684
1928 250
1337 1711
1803 1390
1717 3999
2547 1246
757 1124
848 1668
2484 1996
1835 52
3884 730
3396 1684
411 509
3105 3667
2985 3440
1969 3768
1470 592
2475 1501
2636 2698
3670 3208
1869 1235
3005 3742
785 1781
3412 3193
1042 1500
1597 3066
1012 3840
3843 605
2290 124
290 732
2731 2308
3680 2390
2845 3102
3388 3047
1817 1304
1617 534
1052 3510
3602 724
1709 3442
758 2613
2570 3634
3972 1319
2632 3512
3402 583
204 545
2703 3883
632 3389
699 2622
2509 2781
823 1504
171 656
2496 2168
7 3103
3815 2032
2596 2011
1644 1708
716 542
119 2945
1829 2322
1060 3268
2853 3298
2813 1748
3886 1301
2054 114
873 3327
3236 1747
1598 2761
2281 1702
1648 1802
2038 652
1072 3927
2446 1687
677 247
1465 1197
2204 439
1797 55
1647 272
3641 3125
3022 851
793 766
2027 3031
2006 1231
899 2825
2622 2681
2034 25
1621 3313
3225 415
1875 2410
1727 2589
2522 3368
1061 2822
1038 210
2071 3262
2647 1929
482 1906
1955 1325
2116 2382
3740 930
2938 3657
3249 1476
3264 1649
2580 1974
1189 1876
3672 1873
1415 2413
711 195
1762 3063
2157 95
2732 1248
3606 2016
3645 520
2657 2858
2322 257
1860 293
1534 1538
2348 2396
1887 1801
1578 2836
2317 2764
1819 503
1210 290
2789 582
719 1984
2048 3728
1698 361
1707 606
1202 3644
2119 2689
1780 2876
3122 1627
378 1406
3443 1103
2952 2976
2517 1715
2046 3315
549 778
821 2963
211 1786
3699 2934
36 159
1854 1341
3534 453
970 1563
445 3197
2092 480
2325 1618
921 1004
3882 565
1116 3779
832 3411
2172 1393
525 45
1459 3289
1772 276
659 3863
3292 3782
3003 1037
96 3509
1191 2139
1428 2255
1855 1014
2386 2509
1292 403
3257 382
2907 2830
1552 1270
1559 336
3194 795
997 3761
2481 619
3245 3938
2735 3020
1452 1804
3421 1245
1124 2362
1599 3360
73 1139
2500 3699
3455 1407
2982 485
3247 1947
1432 3560
1263 707
806 1276
3465 1332
3041 4000
3092 2327
3904 872
824 1313
2142 1379
2106 2482
2275 246
3518 752
364 1641
3246 1080
1743 367
2798 670
2004 2291
294 3678
1892 3636
1590 1581
1450 2055
2640 1562
2590 3001
2044 963
1321 1726
1814 1408
1863 3795
3668 2450
188 329
585 3721
3422 3947
3268 3239
1585 1652
1145 3890
1929 205
1301 2859
1953 1402
974 270
296 2941
398 1147
365 457
160 1202
2878 121
2042 3121
2722 3546
3839 3719
2352 3186
105 3771
3874 172
660 1616
1109 2713
68 1589
3166 3174
2037 2064
3128 2540
2261 2039
3389 2117
3521 3401
463 1958
3362 3664
2937 865
1543 925
1057 3957
1314 2927
1056 3194
1857 1860
913 771
1268 2562
1371 1054
1802 1007
1870 74
3319 1439
1961 464
2036 1062
3979 1928
3309 2778
695 924
1768 767
1901 867
2817 2145
2867 2476
539 2841
3836 2054
1884 1537
1657 883
1341 862
3855 676
530 291
2895 1511
2245 2988
3587 76
3087 3680
3763 2580
1212 2937
3243 2320
3086 3850
1130 538
2439 1997
3146 1779
644 982
558 1082
91 1868
2690 2700
872 1228
3111 1162
3880 855
1751 3498
1568 394
727 3894
1663 2541
1324 2826
2713 3167
1551 1210
3755 2837
72 3547
1382 3934
2021 879
464 3513
1276 832
2112 2548
199 3871
298 701
2300 3241
3922 1533
1973 1130
2474 1659
3919 2470
2663 264
3596 2276
2222 807
2611 3049
2205 1169
3600 437
1672 2306
1847 2043
3715 2883
399 3351
1008 1420
3327 2992
1513 960
121 882
2561 1763
2577 3895
1704 1617
2101 512
966 23
3747 2099
129 902
512 1446
3159 2188
2150 3223
3736 2263
2897 641
2224 1745
3451 2008
2395 1680
1696 3247
2617 1336
3903 3195
777 2716
3138 484
1296 1700
1724 322
383 363
396 2313
2055 1118
2988 2679
421 1701
3240 2735
775 1271
117 2736
424 622
1312 1150
3196 900
3147 884
2447 2642
3021 2625
3218 3909
1918 1544
1260 2860
1583 678
839 3173
2250 1106
1605 2908
912 2968
3479 2638
139 1241
2061 1925
1925 1242
1801 3242
1609 3885
1464 175
510 3775
862 287
355 1705
1098 1948
85 830
2271 1249
2473 1527
521 759
3887 2490
1005 282
2031 1473
1998 3005
537 1541
437 3077
281 3386
2423 514
3822 3877
1209 3968
3997 455
3999 1543
1132 2645
1993 2993
2102 2053
1944 2401
2542 810
2604 2333
3643 3726
1032 1539
3653 2962
631 3321
1827 1020
1571 3605
3793 3059
29 2728
1184 2808
1778 3438
538 1961
3936 2487
3751 2533
2187 2618
1030 3541
1881 191
3830 1599
1372 2977
2679 2456
3025 3398
845 253
458 3990
3272 3708
1146 3087
189 1006
3568 1470
1200 3144
1438 2273
1565 130
1331 1542
1775 632
3244 196
3248 839
2480 915
1992 1754
2110 2460
178 374
180 1907
3212 2803
2724 2391
3172 1975
1155 1335
313 1211
2482 2545
183 3939
3026 3278
258 1467
3791 840
2166 1531
2911 1461
2304 1100
1563 32
1235 2057
203 2821
3894 3319
394 3024
422 70
2734 2730
765 2483
3316 3092
664 812
3802 140
360 314
440 3960
3783 2563
809 3465
790 1030
2401 873
1107 508
2990 1839
2914 21
3401 3466
3879 1819
3349 3057
1980 3602
941 3660
652 3794
1303 1133
3431 3340
218 1880
2140 828
3500 3226
3690 3320
2822 975
2410 189
