1006 4000
3346 311
3456 91
2554 500
3239 525
2851 500
3494 15
2537 500
2860 500
2518 500
3454 95
2822 500
3017 969
2858 500
2630 500
2686 500
2695 500
2657 500
3269 465
2755 500
2692 500
2649 500
3401 201
3419 165
2590 500
2680 500
3263 477
2971 500
3002 999
2691 500
2739 500
2882 500
2515 500
2885 500
2868 500
2813 500
3058 887
3345 313
2582 500
2928 500
2746 500
2625 500
3278 447
3253 497
3382 239
2677 500
2836 500
3009 985
3406 191
3258 487
2960 500
2632 500
2877 500
3469 65
3019 965
2800 500
2594 500
2501 500
3329 345
2795 500
3330 343
3082 839
3178 647
2783 500
3148 707
2623 500
2613 500
3221 561
3154 695
2651 500
2687 500
2857 500
2535 500
3298 407
3190 623
3481 41
3445 113
3210 583
2931 500
2888 500
2684 500
2961 500
2941 500
2561 500
3397 209
2866 500
3404 195
3495 13
2694 500
3105 793
3435 133
3359 285
2987 500
3487 29
2544 500
2846 500
3242 519
3129 745
3184 635
2829 500
2572 500
2993 500
3013 977
3281 441
2541 500
3376 251
2984 500
3167 669
3074 855
2611 500
3199 605
2995 500
3354 295
2897 500
3130 743
2864 500
3080 843
2551 500
3005 993
2907 500
3277 449
2666 500
2920 500
3339 325
2715 500
3452 99
3400 203
2787 500
3208 587
2968 500
3489 25
3012 979
3047 909
2828 500
2921 500
2985 500
3021 961
3309 385
3473 57
2776 500
3151 701
2548 500
2979 500
2875 500
2595 500
2747 500
3172 659
2673 500
3115 773
3372 259
3159 685
2593 500
3217 569
3362 279
2933 500
3385 233
3313 377
3152 699
2652 500
2718 500
2779 500
3008 987
3348 307
3099 805
2550 500
3108 787
2778 500
2870 500
2600 500
3201 601
2655 500
3140 723
3299 405
2500 500
3314 375
2618 500
2810 500
2702 500
2631 500
2628 500
3015 973
2848 500
2997 500
2910 500
2602 500
3318 367
2646 500
2553 500
3142 719
2722 500
2841 500
3422 159
2852 500
2690 500
3351 301
3220 563
3427 149
2934 500
2562 500
3180 643
3275 453
2591 500
3143 717
3049 905
3306 391
2988 500
2973 500
2642 500
3490 23
2565 500
2504 500
3485 33
3363 277
3288 427
3125 753
3155 693
3209 585
3094 815
3187 629
3056 891
3475 53
3218 567
3402 199
3492 19
3498 7
2806 500
3428 147
3364 275
2731 500
3271 461
2517 500
2765 500
2767 500
2697 500
3177 649
3117 769
2826 500
3367 269
3018 967
2855 500
3176 651
2586 500
3472 59
3091 821
2789 500
3426 151
2906 500
3101 801
2744 500
3240 523
3182 639
3096 811
3219 565
2584 500
2556 500
2847 500
3034 935
3232 539
2784 500
3499 5
2606 500
3303 397
2837 500
2901 500
3389 225
2808 500
3196 611
3463 77
3462 79
3340 323
3053 897
2752 500
2689 500
2643 500
3261 481
2614 500
2597 500
2772 500
3334 335
3038 927
3135 733
3040 923
3066 871
2682 500
2521 500
3441 121
2991 500
3322 359
3287 429
3048 907
2693 500
2743 500
3342 319
2542 500
2953 500
2661 500
2742 500
2982 500
3295 413
3496 11
3045 913
2757 500
3410 183
2909 500
2785 500
3222 559
2508 500
2701 500
2972 500
3092 819
3352 299
2959 500
2825 500
3302 399
2994 500
3388 227
2804 500
2567 500
2780 500
2728 500
3371 261
3478 47
2964 500
2703 500
2969 500
3282 439
3439 125
3055 893
2830 500
2616 500
2751 500
3378 247
3461 81
3294 415
3211 581
2748 500
2612 500
3312 379
2956 500
2637 500
3311 381
3020 963
3004 995
3361 281
2926 500
2641 500
2980 500
2943 500
2862 500
3068 867
3116 771
2676 500
3084 835
3247 509
2898 500
3338 327
3464 75
2998 500
3065 873
2867 500
3226 551
2545 500
2566 500
3365 273
2699 500
3039 925
3089 825
3063 877
3270 463
3251 501
2678 500
2915 500
3229 545
2832 500
3139 725
2724 500
2732 500
3014 975
3165 673
2543 500
2711 500
3192 619
3432 139
3488 27
3067 869
2557 500
3000 500
2740 500
3078 847
3249 505
2608 500
2978 500
2576 500
3086 831
2849 500
2942 500
2536 500
3399 205
2812 500
2774 500
3368 267
2720 500
3264 475
2523 500
2819 500
3453 97
3403 197
2663 500
3235 533
3448 107
3076 851
3079 845
2884 500
2977 500
2950 500
2794 500
3296 411
2940 500
2937 500
2996 500
3144 715
2635 500
2944 500
2842 500
3500 3
2512 500
2932 500
3386 231
2831 500
3160 683
3483 37
2633 500
3316 371
2918 500
3297 409
2758 500
2796 500
3411 181
2513 500
3118 767
3237 529
2974 500
2754 500
3443 117
2599 500
2530 500
2975 500
3110 783
2817 500
2892 500
3395 213
3301 401
3501 1
2935 500
2617 500
3095 813
2903 500
3349 305
3124 755
2647 500
2624 500
3310 383
2620 500
3245 513
3293 417
3280 443
3203 597
3370 263
2899 500
2874 500
3026 951
2555 500
2840 500
3207 589
3308 387
2627 500
3436 131
2821 500
2723 500
2640 500
2696 500
3100 803
2712 500
2726 500
3236 531
3291 421
2869 500
3126 751
3438 127
2951 500
3480 43
2788 500
2636 500
3213 577
3290 423
3374 255
2807 500
3337 329
2558 500
2524 500
3093 817
2605 500
3246 511
3050 903
2700 500
2856 500
2733 500
3283 437
2497 500
3027 949
2604 500
3484 35
2552 500
3072 859
3168 667
2952 500
2669 500
3069 865
3358 287
2527 500
2983 500
2533 500
2989 500
3075 853
2879 500
2708 500
2531 500
2644 500
3231 541
2626 500
2930 500
2863 500
2645 500
3077 849
3377 249
2735 500
2583 500
2496 500
2853 500
2876 500
3356 291
2865 500
3103 797
3083 837
3384 235
3468 67
3085 833
2912 500
3333 337
3450 103
2710 500
3098 807
3224 555
3132 739
3353 297
2790 500
2835 500
2564 500
3373 257
3064 875
3136 731
3398 207
2845 500
3336 331
2615 500
3225 553
3243 517
2981 500
3173 657
3023 957
3289 425
2679 500
3444 115
2823 500
2824 500
3070 863
2745 500
2509 500
2729 500
3158 687
2685 500
2653 500
2919 500
2839 500
2939 500
3042 919
3175 653
2895 500
3407 189
3234 535
3497 9
3254 495
2601 500
3250 503
3037 929
3028 947
2775 500
2782 500
3268 467
3325 353
3446 111
3195 613
3391 221
2802 500
2929 500
3233 537
2927 500
2773 500
2771 500
2896 500
3174 655
2664 500
3380 243
3090 823
2889 500
2911 500
3198 607
2648 500
3204 595
3153 697
3212 579
2859 500
2957 500
2886 500
2503 500
3149 705
2721 500
3214 575
3161 681
2749 500
2634 500
2838 500
3355 293
3396 211
3470 63
3390 223
3471 61
2854 500
3347 309
3274 455
3046 911
3366 271
2534 500
2750 500
2871 500
2639 500
3482 39
2559 500
2704 500
3228 547
3030 943
3162 679
3477 49
2938 500
2738 500
2893 500
2519 500
3179 645
2887 500
2966 500
2510 500
2538 500
3479 45
3267 469
2908 500
2502 500
2820 500
3188 627
2621 500
2609 500
2725 500
3451 101
2814 500
2667 500
2946 500
3054 895
3060 883
3145 713
3417 169
3111 781
3238 527
2654 500
3120 763
2891 500
2568 500
3360 283
2560 500
3185 633
2549 500
2540 500
3133 737
2665 500
3044 915
3466 71
3171 661
3163 677
2768 500
2970 500
3033 937
2872 500
2965 500
2734 500
3073 857
3331 341
3459 85
3381 241
2585 500
3273 457
2603 500
3413 177
2769 500
2963 500
2498 500
3433 137
3457 89
2529 500
2737 500
3284 435
3252 499
2999 500
2990 500
2900 500
3241 521
2967 500
2923 500
3304 395
2777 500
2688 500
3024 955
3418 167
3460 83
2786 500
3106 791
2659 500
3429 145
3256 491
3227 549
3230 543
3393 217
3442 119
3392 219
3437 129
3255 493
2760 500
2575 500
2761 500
3029 945
3114 775
2670 500
3408 187
2781 500
2955 500
2532 500
3189 625
2516 500
2741 500
3007 989
3305 393
2520 500
3113 777
3059 885
2506 500
3317 369
2801 500
2976 500
2589 500
2547 500
2660 500
2904 500
2958 500
2986 500
3087 829
3430 143
3447 109
2815 500
2707 500
2914 500
2681 500
3369 265
3071 861
2792 500
3328 347
3194 615
2843 500
3259 485
3191 621
3357 289
2844 500
3260 483
3320 363
3215 573
3043 917
3157 689
3032 939
2619 500
3166 671
3010 983
2878 500
2607 500
2797 500
2861 500
2913 500
3458 87
2948 500
3344 315
3341 321
2622 500
3332 339
2770 500
3146 711
2714 500
2668 500
3421 161
3206 591
2581 500
3467 69
3440 123
3202 599
3119 765
2873 500
3150 703
3265 473
2573 500
3035 933
2799 500
2514 500
2880 500
3011 981
2917 500
3476 51
3193 617
3061 881
2571 500
3131 741
2629 500
3223 557
3414 175
2528 500
3112 779
3319 365
3022 959
3266 471
3170 663
2662 500
3169 665
2962 500
3276 451
3123 757
2827 500
2672 500
2578 500
3323 357
3003 997
2763 500
2905 500
3416 171
3307 389
2954 500
2890 500
3088 827
3405 193
3197 609
3216 571
3383 237
3285 433
2505 500
2706 500
2610 500
3041 921
3379 245
3412 179
2949 500
3423 157
2766 500
3031 941
2736 500
3057 889
2924 500
2596 500
2698 500
3491 21
3343 317
2671 500
3326 351
3387 229
3350 303
2936 500
2791 500
2658 500
2764 500
3465 73
3474 55
3109 785
3104 795
2656 500
3122 759
2539 500
2579 500
3134 735
2816 500
2674 500
3107 789
2577 500
3051 901
3424 155
2683 500
3200 603
2850 500
3257 489
2719 500
2507 500
2563 500
3272 459
2598 500
2569 500
3409 185
3262 479
2894 500
3183 637
3375 253
2580 500
2803 500
3286 431
2525 500
3052 899
3006 991
3156 691
2809 500
3186 631
3486 31
3335 333
3081 841
2526 500
2588 500
3036 931
2717 500
3147 709
3394 215
3449 105
2759 500
2730 500
3324 355
3205 593
2713 500
3300 403
2753 500
3434 135
2574 500
2902 500
3127 749
3102 799
2833 500
3420 163
2570 500
2499 500
3164 675
2762 500
2592 500
2511 500
2818 500
2756 500
2947 500
3138 727
2922 500
2522 500
3415 173
3137 729
2716 500
2798 500
3016 971
2705 500
3141 721
2881 500
2587 500
2834 500
2727 500
2992 500
3455 93
3062 879
2650 500
2546 500
2811 500
2945 500
2916 500
3128 747
3025 953
3181 641
3244 515
2805 500
2638 500
3321 361
2925 500
3425 153
3001 500
3097 809
3431 141
3327 349
3493 17
3279 445
2883 500
3292 419
2709 500
3315 373
3121 761
2675 500
3248 507
2793 500
