303 300
63 164
61 5
157 127
46 20
21 197
158 123
30 77
8 170
64 234
21 84
54 74
84 89
47 213
74 159
171 47
195 62
203 90
1 4
75 177
78 168
96 65
126 105
156 47
146 132
97 94
32 160
187 34
6 55
148 117
123 85
146 36
34 259
58 47
99 106
115 154
11 210
143 84
38 254
108 133
103 68
112 137
110 4
26 168
97 148
40 2
161 87
173 84
171 104
78 64
60 190
132 123
41 2
8 31
173 114
126 167
17 53
19 133
59 99
105 25
137 130
44 210
26 46
28 139
181 23
140 138
146 26
82 128
111 161
68 152
6 39
54 45
182 100
100 35
17 61
132 81
165 105
71 132
250 51
211 73
115 43
9 222
14 94
31 168
183 18
7 3
109 96
89 37
41 81
55 88
214 28
64 192
7 250
157 138
66 199
141 3
237 16
11 74
95 30
7 196
34 127
94 102
18 122
20 208
37 217
119 98
202 94
200 10
44 190
143 111
52 96
29 139
3 169
173 76
144 27
150 124
197 83
109 171
27 45
109 154
152 106
98 154
34 59
217 10
255 3
139 31
8 108
159 122
12 191
231 25
36 139
108 119
143 59
228 68
60 36
87 112
73 192
104 62
30 188
205 16
127 107
124 162
220 34
249 2
74 103
223 38
54 7
233 25
77 211
150 36
148 153
172 121
1 138
203 50
102 166
10 220
108 150
100 155
49 124
114 117
194 92
143 50
13 13
14 83
184 92
166 58
79 143
68 231
35 68
28 37
116 174
27 194
172 81
167 90
15 213
148 122
18 113
105 83
157 82
125 149
72 59
20 42
50 242
20 183
107 94
230 35
134 103
2 88
155 78
31 264
4 8
14 113
108 43
73 188
6 193
82 168
44 231
101 133
188 25
64 18
99 79
83 141
119 145
224 39
132 97
142 114
25 275
94 126
118 28
167 130
7 70
41 187
78 136
18 264
121 168
32 57
246 34
42 214
133 100
36 158
179 39
130 147
21 211
32 53
209 52
148 126
161 135
194 57
38 75
127 104
114 181
109 103
77 135
19 29
86 172
170 58
238 32
216 15
44 100
1 102
46 149
42 183
155 42
89 194
226 33
71 173
240 55
62 62
38 176
21 101
207 30
33 74
167 21
69 199
149 24
156 100
145 99
147 98
198 2
112 120
11 10
83 140
206 21
31 181
189 79
70 39
40 218
141 7
214 28
4 219
6 39
4 143
190 100
64 188
22 83
16 196
211 63
96 6
172 104
40 214
44 208
24 111
48 146
66 220
35 9
64 170
35 1
34 45
8 20
13 162
5 65
112 150
62 67
67 45
63 3
92 133
141 34
37 22
200 11
149 20
271 6
163 127
56 171
154 60
