4008 575757
234 3795
1614 2435
1664 2393
844 3183
1932 2099
4050 4008
1649 2365
4070 4008
4039 4008
4024 4008
749 3292
6 4004
4069 4008
1915 2133
1093 2952
100 3915
4047 4008
4058 4008
464 3547
171 3839
4061 4008
112 3906
427 3591
341 3679
4028 4008
990 3020
4033 4008
149 3865
645 3386
4040 4008
371 3646
1199 2837
828 3215
396 3624
4048 4008
1455 2585
1640 2383
1855 2191
4064 4008
1134 2918
1126 2886
830 3211
4032 4008
4038 4008
4070 4008
4056 4008
569 3467
4037 4008
1817 2206
1273 2739
4029 4008
4046 4008
506 3526
4055 4008
87 3927
4031 4008
1956 2114
536 3499
4034 4008
1926 2111
4025 4008
1012 3021
4062 4008
1448 2599
18 3995
741 3269
4036 4008
4071 4008
1716 2348
1189 2857
4061 4008
1900 2163
4038 4008
4026 4008
4071 4008
4026 4008
878 3157
4017 4008
4055 4008
1698 2325
4037 4008
1208 2819
686 3341
1984 2058
4052 4008
915 3126
4058 4008
4058 4008
1044 3003
4067 4008
400 3616
859 3153
324 3687
1846 2209
1653 2357
4049 4008
4039 4008
1429 2583
4070 4008
1132 2922
4063 4008
4051 4008
1107 2924
1192 2851
4049 4008
4069 4008
4072 4008
609 3422
1156 2874
4036 4008
1111 2916
4064 4008
1857 2187
32 3982
373 3642
4070 4008
1856 2189
630 3380
4033 4008
1022 3001
1144 2898
4045 4008
4045 4008
4065 4008
4034 4008
743 3304
4052 4008
596 3448
258 3770
4020 4008
4052 4008
4010 4008
1799 2242
931 3094
4064 4008
1275 2735
4059 4008
4038 4008
4049 4008
4043 4008
4047 4008
1769 2242
4072 4008
4051 4008
4072 4008
288 3734
1758 2264
4047 4008
1841 2219
26 3986
848 3175
492 3522
587 3431
454 3567
1610 2443
4060 4008
4054 4008
54 3957
386 3644
4057 4008
664 3348
4055 4008
4054 4008
4071 4008
1153 2880
936 3084
913 3130
4067 4008
1503 2544
1390 2661
4042 4008
63 3950
4059 4008
4064 4008
4040 4008
4070 4008
4062 4008
4026 4008
1550 2506
1042 3007
1167 2852
649 3378
1327 2734
1853 2195
4024 4008
4044 4008
4062 4008
4060 4008
858 3155
383 3650
4069 4008
614 3412
4038 4008
1738 2304
4068 4008
912 3132
4062 4008
473 3560
4021 4008
1612 2439
187 3826
4047 4008
4067 4008
763 3264
4069 4008
1148 2890
164 3853
4072 4008
1193 2849
4064 4008
23 3992
1570 2466
4063 4008
1923 2117
1416 2609
870 3173
1342 2704
4017 4008
796 3238
1403 2635
1567 2472
1513 2524
774 3242
4068 4008
4052 4008
4070 4008
89 3923
4041 4008
449 3577
810 3210
4059 4008
4053 4008
4070 4008
4064 4008
932 3092
185 3830
1301 2734
1354 2680
1383 2675
4028 4008
736 3279
4018 4008
4051 4008
4063 4008
4035 4008
4056 4008
1764 2252
326 3709
4019 4008
1942 2079
4069 4008
1410 2621
4046 4008
1591 2424
4053 4008
1501 2548
4023 4008
846 3179
4033 4008
4060 4008
1033 2979
4054 4008
4068 4008
4064 4008
4030 4008
4066 4008
4035 4008
1912 2139
4065 4008
1135 2916
4072 4008
193 3834
277 3756
4065 4008
4020 4008
4039 4008
632 3412
4037 4008
4024 4008
43 3969
1002 3041
668 3377
1548 2510
1694 2333
1489 2572
1344 2700
4071 4008
4058 4008
4031 4008
4065 4008
4064 4008
2004 2018
4069 4008
441 3593
1935 2093
4026 4008
4023 4008
1765 2250
4050 4008
616 3408
4051 4008
255 3776
4056 4008
4029 4008
476 3554
4064 4008
4043 4008
4027 4008
4041 4008
1554 2498
1387 2667
644 3388
4052 4008
301 3733
357 3674
4050 4008
4032 4008
4057 4008
4029 4008
484 3538
575 3455
1330 2728
889 3135
1439 2617
1647 2369
1340 2708
4049 4008
281 3748
4069 4008
4054 4008
262 3762
812 3206
4039 4008
4065 4008
4035 4008
458 3559
654 3368
1813 2214
1576 2454
4045 4008
4036 4008
4024 4008
1296 2744
4066 4008
1993 2040
1032 2981
807 3216
4069 4008
1468 2559
4066 4008
914 3128
1184 2867
370 3648
4047 4008
1818 2204
896 3121
4065 4008
4040 4008
4053 4008
1396 2649
151 3861
4069 4008
1689 2343
4063 4008
1346 2696
238 3787
4042 4008
894 3125
4040 4008
4047 4008
4066 4008
643 3390
4065 4008
1751 2278
4046 4008
4072 4008
99 3917
1247 2791
1722 2336
61 3954
367 3654
1183 2869
445 3585
4057 4008
4064 4008
4033 4008
4043 4008
31 3984
1707 2307
590 3425
4014 4008
402 3612
1966 2094
4062 4008
4059 4008
722 3307
355 3678
4068 4008
1834 2233
1101 2936
4046 4008
4072 4008
4035 4008
461 3553
4064 4008
1667 2387
1881 2139
1309 2718
4070 4008
1195 2845
4069 4008
1098 2942
1187 2861
4055 4008
4025 4008
113 3904
4061 4008
148 3867
4059 4008
265 3756
572 3461
4056 4008
4028 4008
1745 2290
1735 2310
4062 4008
4055 4008
1447 2601
279 3752
1617 2429
4053 4008
4064 4008
4071 4008
518 3502
4038 4008
4054 4008
1057 2977
4050 4008
1692 2337
1687 2347
1422 2597
1127 2884
4040 4008
4035 4008
4066 4008
4067 4008
103 3909
1297 2742
314 3707
4068 4008
4072 4008
571 3463
4036 4008
4049 4008
322 3691
1300 2736
4042 4008
903 3107
1854 2193
4014 4008
4068 4008
1891 2119
4040 4008
921 3114
474 3558
4032 4008
1304 2728
4033 4008
4066 4008
4041 4008
4072 4008
4061 4008
4065 4008
4068 4008
304 3727
4038 4008
1236 2813
4047 4008
622 3396
4051 4008
4067 4008
4033 4008
1418 2605
4045 4008
4065 4008
4058 4008
4065 4008
1527 2496
4066 4008
4042 4008
4035 4008
978 3044
615 3410
267 3752
1367 2654
1708 2305
4055 4008
249 3765
4066 4008
4062 4008
4028 4008
1397 2647
4045 4008
4072 4008
4067 4008
4067 4008
4019 4008
485 3536
4052 4008
1477 2541
1280 2776
4030 4008
4042 4008
4056 4008
4050 4008
4021 4008
10 4000
233 3797
310 3715
709 3333
1308 2720
156 3869
1888 2125
4038 4008
561 3449
4038 4008
1626 2411
1088 2962
417 3611
153 3857
4063 4008
1092 2954
137 3889
4062 4008
1551 2504
799 3232
4044 4008
325 3685
509 3520
4054 4008
4054 4008
4048 4008
1105 2928
4055 4008
4021 4008
1115 2908
1511 2528
71 3946
837 3197
336 3689
1292 2752
1 4009
4051 4008
625 3390
4057 4008
1953 2057
4068 4008
4056 4008
4043 4008
4040 4008
4041 4008
4046 4008
460 3555
820 3190
758 3274
1969 2088
4063 4008
745 3300
1872 2157
337 3687
666 3344
500 3538
4040 4008
602 3436
4042 4008
4059 4008
4064 4008
4034 4008
1277 2782
895 3123
4069 4008
651 3374
869 3175
269 3748
257 3772
1456 2583
4068 4008
700 3313
4058 4008
4064 4008
1141 2904
4064 4008
4069 4008
4064 4008
451 3573
1363 2662
4068 4008
662 3352
4065 4008
4058 4008
4059 4008
562 3481
4056 4008
4045 4008
1925 2113
893 3127
4018 4008
1934 2095
4064 4008
4056 4008
4040 4008
4054 4008
4045 4008
4031 4008
1052 2987
235 3793
4067 4008
1227 2831
4051 4008
1734 2312
1918 2127
927 3102
1909 2145
4054 4008
4034 4008
4035 4008
4069 4008
1784 2272
4012 4008
4051 4008
4055 4008
4064 4008
4030 4008
268 3750
4049 4008
4069 4008
1526 2498
794 3242
4069 4008
4046 4008
879 3155
4071 4008
4028 4008
1265 2755
800 3230
1337 2714
1791 2258
1829 2182
4043 4008
1274 2737
1787 2266
173 3854
4039 4008
961 3078
4065 4008
852 3167
4032 4008
4045 4008
4047 4008
1444 2607
251 3761
1648 2367
4036 4008
4064 4008
1639 2385
1690 2341
901 3111
1991 2044
442 3591
4037 4008
4050 4008
4062 4008
4062 4008
4046 4008
862 3189
1075 2941
4048 4008
290 3730
4031 4008
1674 2373
933 3090
1896 2171
4058 4008
4017 4008
4065 4008
4070 4008
110 3910
1424 2593
4058 4008
1714 2352
4029 4008
4060 4008
1669 2383
4062 4008
1173 2840
29 3988
128 3890
328 3705
4064 4008
564 3477
4064 4008
4044 4008
1675 2371
4058 4008
773 3244
1279 2778
4037 4008
1329 2730
1050 2991
1069 2953
877 3159
4022 4008
1375 2638
278 3754
1651 2361
198 3824
4068 4008
1558 2490
240 3783
4062 4008
4062 4008
950 3100
4065 4008
4071 4008
4054 4008
957 3086
1606 2451
4043 4008
1726 2328
1161 2864
295 3720
309 3717
1155 2876
4059 4008
4068 4008
4024 4008
1601 2461
4027 4008
565 3475
1209 2817
4047 4008
4036 4008
1910 2143
790 3250
4065 4008
733 3285
4060 4008
282 3746
1136 2914
4071 4008
1102 2934
4062 4008
213 3815
245 3773
1629 2405
4062 4008
4056 4008
4066 4008
1742 2296
236 3791
4064 4008
276 3734
4033 4008
1268 2749
4047 4008
940 3076
721 3309
1438 2619
4059 4008
1947 2069
4056 4008
172 3856
4053 4008
4045 4008
420 3605
1522 2506
1293 2750
4022 4008
4049 4008
4056 4008
4060 4008
418 3609
1325 2686
4034 4008
4043 4008
1972 2082
410 3625
4030 4008
1906 2151
347 3667
4028 4008
4020 4008
1464 2567
180 3840
702 3309
4055 4008
4060 4008
4066 4008
4043 4008
694 3325
132 3882
1175 2836
274 3738
1181 2873
1560 2486
4063 4008
1250 2785
910 3136
1656 2409
538 3495
160 3861
155 3871
1140 2906
580 3445
4045 4008
4026 4008
657 3362
4057 4008
4067 4008
261 3764
4069 4008
1326 2684
4048 4008
1224 2787
4068 4008
1757 2266
4044 4008
677 3359
1018 3009
1320 2696
4071 4008
1596 2414
4047 4008
1045 3001
232 3799
943 3070
782 3266
4055 4008
884 3145
222 3797
4042 4008
1781 2278
4037 4008
4068 4008
1466 2563
4050 4008
4042 4008
4047 4008
4046 4008
4062 4008
1076 2939
4070 4008
80 3941
880 3153
4044 4008
710 3331
4052 4008
4019 4008
4065 4008
4064 4008
4058 4008
1492 2566
521 3496
4065 4008
4046 4008
4061 4008
4014 4008
4050 4008
4033 4008
4047 4008
4029 4008
4023 4008
4034 4008
4063 4008
4064 4008
1680 2361
1024 2997
1578 2450
559 3453
95 3925
4051 4008
971 3058
1302 2732
4033 4008
4035 4008
93 3929
4058 4008
4040 4008
1536 2478
1686 2349
4029 4008
377 3634
930 3096
4063 4008
4032 4008
4015 4008
1169 2848
437 3601
1539 2472
1066 2959
4068 4008
4064 4008
4037 4008
150 3863
4053 4008
4065 4008
1684 2353
629 3382
4042 4008
70 3948
1954 2118
4072 4008
4072 4008
4072 4008
823 3225
939 3078
1194 2847
1657 2407
4030 4008
815 3200
4043 4008
4042 4008
4054 4008
706 3339
821 3229
1762 2256
4040 4008
589 3427
4044 4008
4064 4008
4035 4008
4042 4008
4035 4008
4059 4008
1166 2854
4026 4008
4068 4008
650 3376
85 3931
4067 4008
4031 4008
4070 4008
4068 4008
4058 4008
4049 4008
503 3532
107 3916
822 3227
1125 2888
4057 4008
671 3371
1471 2553
34 3978
922 3112
4050 4008
1006 3033
888 3137
1720 2340
1583 2440
1979 2068
227 3787
1987 2052
4031 4008
1997 2032
4070 4008
4048 4008
4064 4008
4048 4008
1353 2682
904 3148
4043 4008
1393 2655
4027 4008
145 3873
4046 4008
4059 4008
483 3540
4059 4008
388 3640
4027 4008
4055 4008
467 3572
1267 2751
237 3789
4072 4008
1779 2282
4057 4008
831 3209
4044 4008
4068 4008
4057 4008
4063 4008
1660 2401
4069 4008
4025 4008
4066 4008
4055 4008
795 3240
1594 2418
4047 4008
4017 4008
4054 4008
4066 4008
4068 4008
4071 4008
4064 4008
4063 4008
4049 4008
4066 4008
4061 4008
4060 4008
4039 4008
4057 4008
264 3758
775 3240
4071 4008
4058 4008
4038 4008
4071 4008
4064 4008
177 3846
344 3673
4036 4008
1518 2514
138 3887
999 3047
302 3731
4050 4008
1931 2101
4061 4008
1983 2060
312 3711
4060 4008
106 3918
1632 2399
4052 4008
4051 4008
4048 4008
4040 4008
1623 2417
4055 4008
1430 2581
1882 2137
1428 2585
1678 2365
94 3927
508 3522
1577 2452
4036 4008
4047 4008
4068 4008
1258 2769
411 3623
1634 2395
1358 2672
4057 4008
1011 3023
329 3703
4048 4008
1196 2843
487 3532
4033 4008
1509 2532
4057 4008
4057 4008
1967 2092
4044 4008
1974 2078
4053 4008
4060 4008
4053 4008
4061 4008
1490 2570
482 3542
4072 4008
1571 2464
4056 4008
1030 2985
4044 4008
1080 2931
4061 4008
780 3230
4045 4008
4057 4008
4039 4008
4030 4008
4052 4008
1431 2579
4058 4008
1476 2543
841 3189
4063 4008
4060 4008
1067 2957
4032 4008
4067 4008
330 3701
1217 2801
4030 4008
4041 4008
2003 2020
4029 4008
4052 4008
4067 4008
4037 4008
4042 4008
4042 4008
4042 4008
917 3122
4053 4008
1849 2203
641 3394
4044 4008
4055 4008
494 3518
4027 4008
4063 4008
4036 4008
1836 2229
4024 4008
225 3791
504 3530
4061 4008
4051 4008
4066 4008
1443 2609
4046 4008
798 3234
1744 2292
1321 2694
4065 4008
4019 4008
4057 4008
4066 4008
1246 2793
4039 4008
4037 4008
4034 4008
4036 4008
1417 2607
4043 4008
768 3254
624 3392
131 3884
127 3892
1307 2722
4052 4008
1775 2290
1936 2091
4059 4008
4038 4008
4057 4008
4027 4008
4069 4008
4062 4008
1681 2359
4034 4008
1607 2449
594 3417
4058 4008
1555 2496
1226 2833
560 3451
669 3375
552 3467
1488 2574
781 3268
4056 4008
4049 4008
4035 4008
4035 4008
1237 2811
4061 4008
4030 4008
1426 2589
1415 2611
1541 2524
502 3534
4058 4008
1281 2774
1366 2656
1706 2309
207 3806
390 3636
4040 4008
849 3173
4070 4008
125 3896
988 3024
955 3090
1851 2199
415 3615
4023 4008
1901 2161
4026 4008
4039 4008
4050 4008
58 3960
4067 4008
935 3086
4072 4008
4071 4008
1533 2484
1023 2999
4068 4008
243 3777
4058 4008
4040 4008
1976 2074
4056 4008
4063 4008
918 3120
900 3113
169 3843
4066 4008
558 3455
1613 2437
4051 4008
4054 4008
1182 2871
4048 4008
563 3479
4048 4008
4041 4008
4063 4008
531 3509
1407 2627
4069 4008
4061 4008
364 3660
4066 4008
4052 4008
843 3185
88 3925
1782 2276
4043 4008
4026 4008
4067 4008
4036 4008
1587 2432
4036 4008
4045 4008
4043 4008
4045 4008
4066 4008
2002 2022
4031 4008
4048 4008
1844 2213
439 3597
4023 4008
4045 4008
4049 4008
1467 2561
4027 4008
4054 4008
4060 4008
48 3969
4061 4008
1025 2995
1349 2690
4021 4008
4026 4008
663 3350
4017 4008
4048 4008
891 3131
4046 4008
4068 4008
4017 4008
4066 4008
4027 4008
1336 2716
4069 4008
505 3528
4051 4008
4060 4008
4069 4008
98 3919
528 3482
1697 2327
526 3486
681 3351
4045 4008
4061 4008
4061 4008
4066 4008
792 3246
4043 4008
4048 4008
802 3226
1306 2724
4071 4008
818 3194
462 3551
1347 2694
4052 4008
537 3497
1960 2106
4068 4008
4064 4008
860 3151
223 3795
200 3820
1078 2935
4071 4008
4054 4008
387 3642
1219 2797
695 3323
4060 4008
1709 2303
1090 2958
4063 4008
4029 4008
209 3802
4032 4008
1441 2613
1832 2237
857 3157
4040 4008
4031 4008
212 3817
4018 4008
1382 2677
620 3400
4060 4008
4027 4008
256 3774
4065 4008
4054 4008
1514 2522
4060 4008
457 3561
4047 4008
204 3812
67 3954
4037 4008
4068 4008
4064 4008
1914 2135
557 3457
375 3638
1604 2455
4057 4008
4068 4008
4053 4008
1682 2357
4067 4008
4055 4008
399 3618
359 3670
1988 2050
4057 4008
4049 4008
4039 4008
4049 4008
4025 4008
1157 2872
929 3098
4072 4008
1203 2829
1924 2115
4050 4008
4055 4008
1620 2423
4068 4008
4062 4008
4065 4008
4057 4008
1171 2844
4066 4008
1432 2631
4071 4008
4057 4008
4047 4008
1163 2860
4050 4008
4059 4008
4030 4008
4027 4008
1948 2067
1130 2926
1962 2102
4054 4008
1643 2377
4052 4008
605 3430
4062 4008
1869 2163
4063 4008
1461 2573
4031 4008
4065 4008
4061 4008
4071 4008
4070 4008
4055 4008
4037 4008
4068 4008
1756 2268
4071 4008
1955 2116
4039 4008
4046 4008
287 3736
365 3658
1174 2838
983 3034
161 3859
1119 2900
4023 4008
4070 4008
4033 4008
1263 2759
389 3638
4042 4008
4067 4008
4070 4008
511 3516
4066 4008
578 3449
708 3335
883 3147
683 3347
1472 2551
660 3356
4071 4008
4041 4008
819 3192
4042 4008
853 3165
4048 4008
842 3187
142 3879
1271 2743
4070 4008
4043 4008
1254 2777
4062 4008
4072 4008
4066 4008
4044 4008
4042 4008
4052 4008
4051 4008
4068 4008
4065 4008
4060 4008
1406 2629
4062 4008
4061 4008
4062 4008
4062 4008
4035 4008
4072 4008
679 3355
4059 4008
4061 4008
626 3388
429 3587
4054 4008
4035 4008
4051 4008
1380 2681
4061 4008
4035 4008
184 3832
4054 4008
1138 2910
5 4006
4045 4008
4064 4008
47 3971
397 3622
4039 4008
378 3632
175 3850
1827 2186
4059 4008
4057 4008
1661 2399
4065 4008
4069 4008
4045 4008
481 3544
4025 4008
1180 2875
363 3662
1949 2065
244 3775
4069 4008
1575 2456
4052 4008
1831 2239
1414 2613
1374 2640
1677 2367
4053 4008
168 3845
4052 4008
1574 2458
306 3723
4033 4008
4058 4008
1463 2569
4062 4008
1286 2764
4056 4008
941 3074
769 3252
4070 4008
4048 4008
1197 2841
4037 4008
1256 2773
4061 4008
4050 4008
4051 4008
191 3838
4049 4008
4069 4008
4069 4008
4055 4008
4059 4008
4043 4008
157 3867
4013 4008
1867 2167
374 3640
1837 2227
1495 2560
4066 4008
4042 4008
4053 4008
4052 4008
4024 4008
4023 4008
1261 2763
292 3726
4049 4008
4058 4008
167 3847
1206 2823
1070 2951
4044 4008
1821 2198
4048 4008
871 3171
1811 2218
817 3196
4056 4008
4063 4008
4056 4008
4070 4008
4045 4008
4055 4008
716 3319
4032 4008
456 3563
4053 4008
4047 4008
4059 4008
4055 4008
4034 4008
4063 4008
954 3092
4063 4008
4059 4008
404 3608
1749 2282
4051 4008
242 3779
4069 4008
1573 2460
4038 4008
4068 4008
323 3689
4039 4008
906 3144
4057 4008
4040 4008
967 3066
1229 2827
4058 4008
4021 4008
4062 4008
4046 4008
4050 4008
4039 4008
4051 4008
495 3516
4016 4008
838 3195
1564 2478
4056 4008
4062 4008
4068 4008
438 3599
446 3583
593 3419
4051 4008
4071 4008
4057 4008
1334 2720
1504 2542
1188 2859
1723 2334
4061 4008
381 3654
4069 4008
4041 4008
4038 4008
4053 4008
4058 4008
715 3321
4056 4008
866 3181
1986 2054
4064 4008
4052 4008
431 3583
1164 2858
4053 4008
376 3636
1462 2571
1133 2920
1637 2389
4065 4008
4072 4008
4041 4008
1401 2639
4045 4008
1084 2970
1968 2090
4047 4008
4016 4008
1871 2159
1644 2375
1388 2665
170 3841
1890 2121
1724 2332
1114 2910
4061 4008
4042 4008
4061 4008
4057 4008
850 3171
4049 4008
1759 2262
529 3513
501 3536
1413 2615
1600 2463
1730 2320
4025 4008
4022 4008
1905 2153
4025 4008
1642 2379
4061 4008
4061 4008
4068 4008
1646 2371
4067 4008
192 3836
4072 4008
985 3030
4053 4008
4065 4008
4068 4008
1498 2554
4056 4008
1146 2894
4046 4008
1755 2270
4072 4008
1978 2070
1411 2619
4063 4008
285 3740
1233 2819
4052 4008
4048 4008
4070 4008
320 3695
4037 4008
1977 2072
717 3317
4066 4008
4030 4008
1747 2286
4032 4008
1535 2480
1470 2555
527 3484
1733 2314
4069 4008
4038 4008
4063 4008
4067 4008
1450 2595
907 3142
4055 4008
1177 2881
617 3406
283 3744
361 3666
642 3392
4031 4008
1937 2089
1797 2246
1201 2833
1128 2882
1082 2974
1516 2518
4071 4008
4049 4008
4027 4008
4030 4008
737 3277
4025 4008
4060 4008
4070 4008
345 3671
4011 4008
1079 2933
4047 4008
4027 4008
1421 2599
4058 4008
1458 2579
1965 2096
4052 4008
1122 2894
4017 4008
1773 2294
4063 4008
1214 2807
4071 4008
4044 4008
4061 4008
899 3115
4054 4008
1478 2539
1200 2835
1242 2801
1696 2329
4043 4008
289 3732
4042 4008
1992 2042
78 3932
4072 4008
4062 4008
1029 2987
4043 4008
4072 4008
4065 4008
1341 2706
689 3335
486 3534
4031 4008
4045 4008
1303 2730
317 3701
346 3669
1921 2121
1767 2246
4057 4008
4022 4008
4052 4008
4063 4008
33 3980
4065 4008
4072 4008
4023 4008
253 3757
1589 2428
1705 2311
4049 4008
4054 4008
1506 2538
1445 2605
241 3781
4058 4008
1754 2272
4054 4008
4051 4008
4070 4008
4044 4008
4026 4008
1287 2762
1875 2151
4043 4008
750 3290
1491 2568
4058 4008
4053 4008
4071 4008
1369 2650
4041 4008
4065 4008
4071 4008
1351 2686
547 3477
4061 4008
4057 4008
567 3471
4042 4008
4049 4008
1641 2381
4052 4008
4029 4008
1099 2940
1420 2601
4038 4008
72 3944
4028 4008
4046 4008
4047 4008
789 3252
1039 3013
4012 4008
4046 4008
4063 4008
1446 2603
864 3185
4030 4008
4018 4008
4060 4008
1232 2821
1055 2981
44 3967
4058 4008
4071 4008
4057 4008
4063 4008
1517 2516
1556 2494
4060 4008
1579 2448
1861 2179
881 3151
4061 4008
4053 4008
1185 2865
4057 4008
1561 2484
4055 4008
1483 2529
4052 4008
1385 2671
1763 2254
1538 2474
996 3053
4037 4008
4051 4008
1628 2407
4062 4008
4057 4008
1311 2714
1339 2710
1041 3009
1633 2397
354 3680
4020 4008
380 3656
1083 2972
4052 4008
4033 4008
190 3820
4059 4008
524 3490
4070 4008
4032 4008
714 3323
4066 4008
703 3307
4051 4008
4056 4008
4030 4008
77 3934
4059 4008
21 3989
4039 4008
522 3494
1996 2034
4050 4008
4071 4008
4062 4008
4069 4008
4070 4008
134 3878
4039 4008
4023 4008
4040 4008
872 3169
851 3169
777 3236
4059 4008
4066 4008
4072 4008
512 3514
414 3617
1475 2545
297 3716
92 3931
4038 4008
1540 2470
1123 2892
1060 2971
825 3221
4038 4008
490 3526
1789 2262
873 3167
4067 4008
165 3851
1952 2059
4040 4008
4072 4008
1973 2080
1904 2155
1031 2983
1766 2248
405 3606
358 3672
966 3068
4045 4008
158 3865
4066 4008
4036 4008
690 3333
4030 4008
4039 4008
832 3207
1582 2442
4048 4008
4045 4008
902 3109
4071 4008
478 3550
4048 4008
4055 4008
124 3898
1592 2422
1230 2825
39 3977
4054 4008
4072 4008
260 3766
403 3610
4041 4008
4063 4008
636 3404
4060 4008
4050 4008
280 3750
1094 2950
4070 4008
1771 2298
1750 2280
1348 2692
1091 2956
343 3675
1820 2200
555 3461
1295 2746
998 3049
398 3620
4042 4008
4067 4008
4020 4008
4019 4008
4053 4008
4046 4008
4040 4008
4050 4008
1389 2663
4060 4008
152 3859
4031 4008
163 3855
4069 4008
1257 2771
1319 2698
4026 4008
55 3955
4059 4008
4022 4008
4061 4008
1442 2611
4065 4008
4041 4008
4060 4008
4055 4008
4032 4008
4059 4008
1961 2104
4045 4008
4053 4008
652 3372
4049 4008
1036 3019
1505 2540
4070 4008
1752 2276
4068 4008
1480 2535
1950 2063
90 3921
4053 4008
4067 4008
4062 4008
979 3042
4041 4008
581 3443
1545 2516
4041 4008
4056 4008
4068 4008
4069 4008
4068 4008
4061 4008
4053 4008
1479 2537
4067 4008
1457 2581
1943 2077
4065 4008
4036 4008
496 3514
4065 4008
1580 2446
1593 2420
366 3656
673 3367
550 3471
1542 2522
989 3022
4049 4008
4041 4008
4046 4008
1290 2756
4030 4008
272 3742
684 3345
1940 2083
1666 2389
4062 4008
4058 4008
1204 2827
115 3900
1876 2149
4059 4008
1372 2644
1563 2480
4059 4008
905 3146
1911 2141
4041 4008
4071 4008
4058 4008
1172 2842
1529 2492
4059 4008
1880 2141
1412 2617
972 3056
101 3913
612 3416
4057 4008
1732 2316
4067 4008
4047 4008
970 3060
4058 4008
1845 2211
4062 4008
4056 4008
2001 2024
350 3661
797 3236
691 3331
4067 4008
4018 4008
4063 4008
4044 4008
770 3250
254 3778
1780 2280
1920 2123
987 3026
4070 4008
4060 4008
4054 4008
1712 2356
4052 4008
4028 4008
1046 2999
1544 2518
182 3836
4032 4008
1186 2863
1014 3017
4029 4008
4069 4008
995 3055
688 3337
4056 4008
4069 4008
4042 4008
727 3297
4033 4008
202 3816
16 3999
1546 2514
4067 4008
4038 4008
4066 4008
1005 3035
1825 2190
1223 2789
4070 4008
1671 2379
109 3912
4072 4008
4028 4008
4054 4008
1452 2591
4072 4008
4047 4008
4020 4008
229 3783
746 3298
735 3281
217 3807
973 3054
1725 2330
4044 4008
4046 4008
308 3719
273 3740
4039 4008
4038 4008
1131 2924
208 3804
4071 4008
4027 4008
4048 4008
1095 2948
4066 4008
1473 2549
426 3593
4012 4008
1590 2426
4071 4008
804 3222
4071 4008
4043 4008
574 3457
606 3428
4034 4008
4063 4008
597 3446
1017 3011
342 3677
28 3982
1089 2960
480 3546
1112 2914
111 3908
4045 4008
1021 3003
1652 2359
1113 2912
4047 4008
4034 4008
4049 4008
4070 4008
1702 2317
4051 4008
756 3278
4053 4008
30 3986
4072 4008
1597 2469
477 3552
514 3510
4064 4008
1179 2877
786 3258
4066 4008
1485 2525
1120 2898
991 3063
834 3203
319 3697
4024 4008
4045 4008
1178 2879
1524 2502
4056 4008
147 3869
4068 4008
4023 4008
4061 4008
4059 4008
4055 4008
4051 4008
246 3771
4041 4008
4043 4008
4051 4008
118 3894
1586 2434
618 3404
1402 2637
4070 4008
4069 4008
4034 4008
4063 4008
1110 2918
4068 4008
1404 2633
4068 4008
114 3902
1806 2228
4071 4008
4065 4008
4058 4008
4026 4008
303 3729
1282 2772
4051 4008
97 3921
1908 2147
4052 4008
4054 4008
1985 2056
4058 4008
305 3725
4072 4008
491 3524
4053 4008
4058 4008
1839 2223
4062 4008
994 3057
676 3361
1559 2488
1013 3019
430 3585
1241 2803
584 3437
1103 2932
4055 4008
4046 4008
633 3410
546 3479
1244 2797
4065 4008
4024 4008
1026 2993
4053 4008
368 3652
919 3118
876 3161
1945 2073
57 3962
4050 4008
4027 4008
1938 2087
1776 2288
1035 2975
4071 4008
4058 4008
226 3789
25 3988
4036 4008
4068 4008
4034 4008
4038 4008
4067 4008
196 3828
516 3506
1552 2502
4016 4008
4072 4008
759 3272
1335 2718
647 3382
413 3619
1568 2470
215 3811
4063 4008
4049 4008
1343 2702
533 3505
4046 4008
4071 4008
874 3165
897 3119
4038 4008
785 3260
4069 4008
4066 4008
682 3349
711 3329
4055 4008
4041 4008
4063 4008
551 3469
729 3293
1000 3045
4038 4008
4071 4008
1878 2145
4041 4008
1391 2659
675 3363
4060 4008
680 3353
748 3294
1361 2666
1605 2453
610 3420
4057 4008
1650 2363
801 3228
4059 4008
4025 4008
1392 2657
1245 2795
1109 2920
4056 4008
4061 4008
1770 2240
239 3785
1760 2260
1147 2892
4067 4008
1565 2476
1964 2098
4066 4008
1523 2504
4054 4008
4069 4008
1916 2131
333 3695
1058 2975
499 3540
4053 4008
459 3557
1774 2292
1158 2870
4042 4008
4055 4008
1746 2288
4044 4008
1858 2185
4039 4008
199 3822
56 3964
4022 4008
136 3874
1975 2076
1314 2708
4066 4008
4054 4008
4029 4008
4041 4008
271 3744
1874 2153
4033 4008
4068 4008
4059 4008
4057 4008
444 3587
705 3341
4056 4008
1812 2216
1386 2669
479 3548
4064 4008
372 3644
4020 4008
809 3212
1537 2476
263 3760
332 3697
4016 4008
64 3948
4049 4008
1289 2758
4069 4008
4055 4008
4024 4008
433 3579
143 3877
230 3781
4051 4008
1129 2928
4050 4008
4051 4008
1313 2710
4055 4008
4068 4008
4069 4008
4032 4008
813 3204
760 3270
73 3942
854 3163
4034 4008
4037 4008
4044 4008
1071 2949
4059 4008
1272 2741
4028 4008
1331 2726
470 3566
887 3139
4026 4008
52 3961
1453 2589
4071 4008
783 3264
4022 4008
4065 4008
4071 4008
1405 2631
4027 4008
4028 4008
1149 2888
986 3028
1370 2648
4036 4008
4070 4008
4034 4008
1152 2882
4072 4008
765 3260
4064 4008
4059 4008
4046 4008
4044 4008
4031 4008
4067 4008
4055 4008
1823 2194
4057 4008
4069 4008
699 3315
1359 2670
4046 4008
685 3343
4067 4008
4066 4008
60 3956
166 3849
4040 4008
948 3104
46 3973
1531 2488
104 3907
4060 4008
468 3570
4069 4008
17 3997
4020 4008
1459 2577
1792 2256
4063 4008
4072 4008
4069 4008
4061 4008
4071 4008
1672 2377
4049 4008
129 3888
4062 4008
4070 4008
4037 4008
4044 4008
4068 4008
4068 4008
1493 2564
1865 2171
4053 4008
1852 2197
1288 2760
1608 2447
4025 4008
179 3842
814 3202
1165 2856
4030 4008
4064 4008
1598 2467
4047 4008
4064 4008
4066 4008
892 3129
4064 4008
4058 4008
4013 4008
4065 4008
1251 2783
4053 4008
824 3223
4058 4008
4071 4008
4054 4008
1848 2205
300 3710
1569 2468
953 3094
4047 4008
4053 4008
1248 2789
687 3339
4066 4008
4052 4008
944 3068
4044 4008
4048 4008
4053 4008
840 3191
4042 4008
4067 4008
1355 2678
4071 4008
1212 2811
752 3286
568 3469
4066 4008
4029 4008
4045 4008
419 3607
210 3800
4054 4008
4063 4008
4017 4008
4057 4008
4032 4008
4066 4008
1719 2342
4014 4008
4063 4008
634 3408
4053 4008
718 3315
739 3273
4052 4008
579 3447
4060 4008
4033 4008
1676 2369
4043 4008
1798 2244
827 3217
1788 2264
1124 2890
4037 4008
4070 4008
1310 2716
1638 2387
1525 2500
678 3357
4062 4008
81 3939
4026 4008
4064 4008
1502 2546
4071 4008
4047 4008
4036 4008
1946 2071
1486 2578
4048 4008
4065 4008
1118 2902
1870 2161
4052 4008
463 3549
586 3433
4028 4008
1930 2103
331 3699
4056 4008
218 3805
79 3943
4064 4008
1065 2961
992 3061
4071 4008
4065 4008
1710 2301
2 4009
4064 4008
1207 2821
4053 4008
1056 2979
379 3658
4037 4008
949 3102
836 3199
4038 4008
4067 4008
1859 2183
4063 4008
4040 4008
595 3415
4053 4008
1345 2698
140 3883
1425 2591
1800 2240
4068 4008
1772 2296
36 3974
1215 2805
704 3343
4064 4008
764 3262
1474 2547
4029 4008
266 3754
4059 4008
4067 4008
640 3396
1886 2129
4069 4008
4032 4008
4039 4008
74 3940
1318 2700
4070 4008
443 3589
1663 2395
4068 4008
318 3699
4037 4008
670 3373
1939 2085
4037 4008
1020 3005
4070 4008
4064 4008
1460 2575
1049 2993
4035 4008
4045 4008
1532 2486
4055 4008
4046 4008
1922 2119
553 3465
4047 4008
401 3614
4040 4008
4064 4008
4059 4008
4024 4008
1819 2202
4066 4008
1213 2809
1398 2645
867 3179
4051 4008
723 3305
4064 4008
534 3503
4069 4008
1599 2465
4067 4008
1231 2823
1269 2747
1240 2805
1168 2850
4052 4008
4064 4008
117 3896
975 3050
1394 2653
291 3728
4060 4008
4028 4008
4071 4008
416 3613
719 3313
4065 4008
4064 4008
4046 4008
4066 4008
4016 4008
4053 4008
1737 2306
4020 4008
1145 2896
4060 4008
4061 4008
926 3104
469 3568
582 3441
4033 4008
69 3950
1731 2318
4063 4008
4043 4008
4060 4008
4056 4008
1059 2973
4033 4008
412 3621
4060 4008
4053 4008
865 3183
4050 4008
951 3098
4066 4008
1221 2793
4036 4008
1615 2433
4052 4008
4071 4008
4067 4008
4035 4008
4036 4008
9 4002
362 3664
181 3838
4064 4008
1037 3017
1072 2947
1995 2036
793 3244
4045 4008
4065 4008
4065 4008
1068 2955
4031 4008
541 3489
4071 4008
4025 4008
959 3082
4068 4008
4036 4008
4046 4008
4033 4008
4057 4008
945 3066
4071 4008
315 3705
4068 4008
466 3574
4048 4008
997 3051
4019 4008
947 3106
4060 4008
1729 2322
4067 4008
4067 4008
1305 2726
839 3193
934 3088
4061 4008
4071 4008
747 3296
4042 4008
1228 2829
1838 2225
4035 4008
653 3370
4024 4008
409 3627
4057 4008
4068 4008
4066 4008
19 3993
4069 4008
4036 4008
577 3451
1048 2995
162 3857
4067 4008
4034 4008
4051 4008
4060 4008
1673 2375
1631 2401
1998 2030
4038 4008
969 3062
4039 4008
4055 4008
1534 2482
532 3507
1793 2254
4034 4008
1322 2692
4034 4008
4038 4008
779 3232
407 3631
4057 4008
1958 2110
4056 4008
1753 2274
1047 2997
4061 4008
1338 2712
4044 4008
507 3524
385 3646
4067 4008
1216 2803
4060 4008
4047 4008
335 3691
1794 2252
1508 2534
4040 4008
4058 4008
133 3880
1106 2926
1073 2945
174 3852
707 3337
4060 4008
1154 2878
1528 2494
772 3246
4060 4008
4060 4008
4065 4008
1143 2900
776 3238
2000 2026
4065 4008
4051 4008
453 3569
313 3709
698 3317
4061 4008
4049 4008
4039 4008
4067 4008
757 3276
4062 4008
4061 4008
525 3488
4070 4008
4049 4008
1395 2651
4070 4008
4040 4008
646 3384
1019 3007
4052 4008
1028 2989
4061 4008
740 3271
4 4008
4031 4008
4039 4008
4041 4008
4058 4008
611 3418
882 3149
982 3036
1609 2445
4031 4008
4018 4008
4065 4008
4058 4008
130 3886
214 3813
1255 2775
4041 4008
22 3994
833 3205
539 3493
1795 2250
4066 4008
1892 2179
311 3713
4072 4008
937 3082
4067 4008
1635 2393
4021 4008
1619 2425
4053 4008
4047 4008
4068 4008
1104 2930
976 3048
4049 4008
1496 2558
4056 4008
1913 2137
648 3380
728 3295
1621 2421
635 3406
1368 2652
1816 2208
123 3900
665 3346
4039 4008
4028 4008
1360 2668
4056 4008
4072 4008
4053 4008
4048 4008
1743 2294
1807 2226
784 3262
4054 4008
4036 4008
4032 4008
4041 4008
1711 2299
434 3577
1253 2779
4042 4008
447 3581
4062 4008
4043 4008
540 3491
1373 2642
1670 2381
1220 2795
4059 4008
1761 2258
327 3707
4058 4008
59 3958
1840 2221
4057 4008
1270 2745
1860 2181
4041 4008
82 3937
4068 4008
4054 4008
4071 4008
4060 4008
1328 2732
885 3143
908 3140
24 3990
845 3181
4047 4008
448 3579
4059 4008
4067 4008
1357 2674
1883 2135
753 3284
4034 4008
1202 2831
4047 4008
805 3220
4048 4008
1003 3039
1437 2621
1211 2813
4043 4008
4035 4008
4069 4008
4062 4008
4027 4008
299 3712
228 3785
4033 4008
4049 4008
4069 4008
4056 4008
4060 4008
489 3528
535 3501
1662 2397
4046 4008
1399 2643
116 3898
4069 4008
4071 4008
4040 4008
4069 4008
1944 2075
1427 2587
928 3100
627 3386
4030 4008
1873 2155
4063 4008
4071 4008
4054 4008
942 3072
4056 4008
1051 2989
1350 2688
4055 4008
1469 2557
68 3952
1809 2222
4046 4008
816 3198
1294 2748
4029 4008
1205 2825
259 3768
4044 4008
1885 2131
432 3581
637 3402
4066 4008
356 3676
734 3283
4063 4008
4060 4008
4065 4008
4031 4008
4040 4008
762 3266
4062 4008
4057 4008
4018 4008
4046 4008
4019 4008
391 3634
1315 2706
1264 2757
1436 2623
108 3914
1864 2173
672 3369
1928 2107
4025 4008
307 3721
353 3682
4015 4008
1602 2459
1727 2326
1777 2286
1423 2595
4048 4008
65 3946
4037 4008
1160 2866
925 3106
1658 2405
4054 4008
4063 4008
1903 2157
1074 2943
450 3575
980 3040
1842 2217
4054 4008
4025 4008
423 3599
4061 4008
1054 2983
4038 4008
1970 2086
613 3414
4051 4008
4062 4008
4048 4008
4069 4008
1679 2363
1999 2028
1562 2482
761 3268
270 3746
619 3402
4054 4008
4041 4008
4050 4008
4015 4008
4019 4008
4060 4008
4054 4008
4038 4008
898 3117
1512 2526
203 3814
4067 4008
4060 4008
4050 4008
4046 4008
4062 4008
4022 4008
4065 4008
1162 2862
4045 4008
1801 2238
1278 2780
1835 2231
661 3354
4063 4008
4033 4008
1703 2315
4047 4008
4058 4008
197 3826
4072 4008
1704 2313
1691 2339
1038 3015
4057 4008
4052 4008
1828 2184
4059 4008
701 3311
321 3693
1521 2508
4067 4008
4042 4008
1783 2274
4056 4008
576 3453
963 3074
656 3364
1695 2331
4029 4008
1933 2097
4052 4008
4065 4008
1907 2149
4050 4008
1721 2338
4060 4008
4046 4008
4049 4008
498 3542
1266 2753
4048 4008
4069 4008
1440 2615
1151 2884
1917 2129
4032 4008
51 3963
76 3936
4049 4008
909 3138
4066 4008
316 3703
393 3630
1796 2248
488 3530
1085 2968
4048 4008
4059 4008
4028 4008
628 3384
4021 4008
1887 2127
4072 4008
45 3965
4059 4008
1034 2977
141 3881
4061 4008
4013 4008
428 3589
139 3885
659 3358
1919 2125
4061 4008
4072 4008
952 3096
406 3604
4014 4008
4044 4008
4034 4008
424 3597
911 3134
1259 2767
1718 2344
1951 2061
4059 4008
4045 4008
201 3818
803 3224
1332 2724
4057 4008
1027 2991
4060 4008
4055 4008
4071 4008
4038 4008
4062 4008
1121 2896
1001 3043
4032 4008
1963 2100
4021 4008
4049 4008
923 3110
4056 4008
4039 4008
4044 4008
4043 4008
1117 2904
1866 2169
4054 4008
248 3767
220 3801
4058 4008
4052 4008
1352 2684
808 3214
4044 4008
4056 4008
1622 2419
1499 2552
4037 4008
811 3208
4030 4008
452 3571
1454 2587
286 3738
600 3440
384 3648
4044 4008
4040 4008
4041 4008
962 3076
1150 2886
958 3084
1530 2490
1645 2373
984 3032
791 3248
4060 4008
1584 2438
1419 2603
4020 4008
4062 4008
1378 2632
1790 2260
284 3742
4037 4008
1365 2658
4065 4008
4027 4008
4048 4008
570 3465
1557 2492
455 3565
4036 4008
4050 4008
4016 4008
4054 4008
4071 4008
4044 4008
4052 4008
604 3432
4043 4008
4061 4008
1588 2430
1234 2817
4063 4008
135 3876
4059 4008
422 3601
631 3414
4071 4008
1740 2300
4028 4008
4038 4008
4071 4008
510 3518
1786 2268
826 3219
4070 4008
4050 4008
4070 4008
4034 4008
50 3965
1064 2963
4022 4008
1833 2235
4054 4008
334 3693
591 3423
1096 2946
4069 4008
4038 4008
250 3763
4069 4008
1260 2765
1688 2345
1581 2444
4070 4008
4066 4008
920 3116
1572 2462
4034 4008
554 3463
4039 4008
4044 4008
1159 2868
3 4007
4071 4008
1400 2641
4060 4008
1284 2768
394 3628
4040 4008
4070 4008
1701 2319
517 3504
4043 4008
1810 2220
120 3890
4050 4008
607 3426
4055 4008
598 3444
4072 4008
194 3832
4069 4008
655 3366
144 3875
4066 4008
4045 4008
4040 4008
981 3038
4069 4008
599 3442
4031 4008
4032 4008
4067 4008
4066 4008
4059 4008
4069 4008
4072 4008
105 3905
1409 2623
4042 4008
697 3319
751 3288
4058 4008
360 3668
4044 4008
4048 4008
4068 4008
13 3999
4015 4008
75 3938
4030 4008
847 3177
4048 4008
475 3556
4072 4008
4042 4008
4062 4008
890 3133
4057 4008
1043 3005
556 3459
601 3438
713 3325
1100 2938
84 3933
1884 2133
35 3976
4037 4008
40 3975
1941 2081
4052 4008
573 3459
4070 4008
856 3159
742 3306
1830 2180
1547 2512
4029 4008
4067 4008
4063 4008
159 3863
4068 4008
4068 4008
1299 2738
338 3685
4059 4008
49 3967
4058 4008
1990 2046
4061 4008
211 3819
1009 3027
4034 4008
4062 4008
1384 2673
497 3544
1510 2530
4026 4008
4030 4008
4070 4008
1285 2766
41 3973
4071 4008
1971 2084
4056 4008
4072 4008
4049 4008
1063 2965
964 3072
4045 4008
1879 2143
1627 2409
4052 4008
247 3769
1451 2593
585 3435
1494 2562
4036 4008
4056 4008
4023 4008
4040 4008
1061 2969
4061 4008
4054 4008
1087 2964
1897 2169
4029 4008
1543 2520
766 3258
1097 2944
4037 4008
4046 4008
348 3665
231 3779
4065 4008
4067 4008
8 4004
1805 2230
4011 4008
738 3275
1465 2565
221 3799
1717 2346
4022 4008
4018 4008
4063 4008
1803 2234
4054 4008
1007 3031
4058 4008
352 3684
1868 2165
4063 4008
4052 4008
1700 2321
4044 4008
724 3303
732 3287
4041 4008
4049 4008
1822 2196
4044 4008
4057 4008
4021 4008
4070 4008
4072 4008
4048 4008
754 3282
4021 4008
863 3187
1863 2175
1497 2556
1654 2413
4057 4008
62 3952
566 3473
4056 4008
1748 2284
1659 2403
86 3929
4049 4008
4060 4008
1235 2815
4056 4008
4070 4008
771 3248
4050 4008
603 3434
4044 4008
1435 2625
1715 2350
1481 2533
4061 4008
530 3511
1487 2576
977 3046
4066 4008
523 3492
4062 4008
1381 2679
1139 2908
744 3302
4055 4008
1815 2210
186 3828
4065 4008
4070 4008
4067 4008
4042 4008
1484 2527
4072 4008
4062 4008
4039 4008
4064 4008
1482 2531
1015 3015
4050 4008
1364 2660
4045 4008
4070 4008
382 3652
1566 2474
1276 2784
544 3483
4070 4008
778 3234
4067 4008
4041 4008
4043 4008
1190 2855
1877 2147
11 4003
4035 4008
4034 4008
4024 4008
4033 4008
4057 4008
4059 4008
4039 4008
436 3603
623 3394
1895 2173
4026 4008
4063 4008
974 3052
4066 4008
4018 4008
4032 4008
4055 4008
4032 4008
176 3848
119 3892
4059 4008
712 3327
1636 2391
4070 4008
1333 2722
4031 4008
1898 2167
1238 2809
1685 2351
4050 4008
195 3830
4055 4008
667 3379
1982 2062
1665 2391
1778 2284
4068 4008
4036 4008
1249 2787
4063 4008
1062 2967
4033 4008
4050 4008
4063 4008
1959 2108
658 3360
351 3659
4029 4008
4059 4008
4051 4008
4048 4008
1077 2937
4053 4008
4060 4008
1243 2799
4051 4008
543 3485
4060 4008
4035 4008
4044 4008
4042 4008
1449 2597
692 3329
4071 4008
545 3481
38 3979
4029 4008
4046 4008
1519 2512
1624 2415
4048 4008
1894 2175
1693 2335
4032 4008
4064 4008
638 3400
1008 3029
4070 4008
829 3213
178 3844
126 3894
4067 4008
1362 2664
4072 4008
4053 4008
4053 4008
1520 2510
4033 4008
4057 4008
349 3663
4051 4008
4069 4008
4031 4008
471 3564
421 3603
693 3327
298 3714
408 3629
4053 4008
4069 4008
1356 2676
4037 4008
4055 4008
4052 4008
4027 4008
1814 2212
4015 4008
1218 2799
4050 4008
4066 4008
4063 4008
731 3289
730 3291
4051 4008
4046 4008
4041 4008
1004 3037
102 3911
216 3809
4068 4008
91 3919
4013 4008
993 3059
4056 4008
493 3520
1408 2625
66 3944
4056 4008
4067 4008
4023 4008
425 3595
146 3871
4061 4008
549 3473
4025 4008
1893 2177
4061 4008
4067 4008
4048 4008
861 3149
4070 4008
4070 4008
4024 4008
1324 2688
513 3512
4049 4008
252 3759
4021 4008
520 3498
4060 4008
1668 2385
1826 2188
787 3256
4058 4008
4020 4008
1377 2634
1889 2123
4069 4008
621 3398
1902 2159
4055 4008
4061 4008
1862 2177
4059 4008
4050 4008
4071 4008
4066 4008
4061 4008
4057 4008
725 3301
4055 4008
4028 4008
4057 4008
4071 4008
4050 4008
1808 2224
206 3808
592 3421
1371 2646
1595 2416
294 3722
392 3632
4024 4008
4049 4008
4039 4008
4068 4008
1086 2966
1728 2324
4051 4008
4065 4008
4066 4008
4047 4008
4051 4008
4062 4008
4025 4008
4062 4008
1298 2740
1376 2636
205 3810
4059 4008
4061 4008
1142 2902
4056 4008
4047 4008
1768 2244
4070 4008
12 4001
4072 4008
4035 4008
4071 4008
4070 4008
224 3793
4066 4008
4016 4008
4070 4008
4035 4008
4034 4008
4065 4008
4058 4008
1170 2846
588 3429
4019 4008
4055 4008
27 3984
720 3311
4028 4008
1736 2308
4022 4008
4041 4008
1379 2683
886 3141
1434 2627
965 3070
4045 4008
519 3500
1225 2785
4062 4008
4028 4008
1500 2550
435 3575
37 3981
1316 2704
4048 4008
4055 4008
946 3064
1927 2109
1239 2807
4063 4008
1603 2457
4021 4008
4066 4008
1137 2912
916 3124
4056 4008
4061 4008
472 3562
4045 4008
1994 2038
4055 4008
1683 2355
4047 4008
4066 4008
1843 2215
4067 4008
1850 2201
4054 4008
1699 2323
767 3256
4058 4008
1317 2702
1611 2441
4051 4008
4058 4008
188 3824
4043 4008
956 3088
4051 4008
1616 2431
4050 4008
1108 2922
4068 4008
4070 4008
515 3508
4049 4008
1989 2048
4036 4008
4072 4008
4063 4008
4064 4008
4065 4008
4041 4008
4070 4008
219 3803
1929 2105
4047 4008
4030 4008
1016 3013
296 3718
4062 4008
696 3321
4065 4008
4052 4008
1312 2712
968 3064
4044 4008
4022 4008
4064 4008
1739 2302
4025 4008
4035 4008
4046 4008
4053 4008
15 3995
4050 4008
4050 4008
4058 4008
1433 2629
639 3398
1899 2165
1980 2066
4035 4008
20 3991
583 3439
4042 4008
4043 4008
1507 2536
1116 2906
4037 4008
1549 2508
183 3834
4043 4008
1176 2834
1291 2754
4062 4008
4068 4008
4064 4008
4057 4008
4047 4008
4022 4008
1655 2411
4053 4008
4067 4008
548 3475
4052 4008
1323 2690
835 3201
1847 2207
1515 2520
4049 4008
1053 2985
4054 4008
4059 4008
4072 4008
875 3163
4032 4008
4071 4008
1957 2112
4067 4008
4023 4008
4063 4008
4048 4008
855 3161
4040 4008
369 3650
4050 4008
4070 4008
4056 4008
4069 4008
1252 2781
4050 4008
42 3971
4041 4008
154 3873
4067 4008
4067 4008
4026 4008
4067 4008
1585 2436
1191 2853
4051 4008
4029 4008
1010 3025
4043 4008
4070 4008
4043 4008
4031 4008
1081 2929
4019 4008
4048 4008
14 3997
1222 2791
1262 2761
4055 4008
4049 4008
1802 2236
275 3736
1553 2500
4054 4008
1824 2192
1630 2403
924 3108
4045 4008
4039 4008
938 3080
726 3299
4065 4008
1785 2270
4015 4008
4035 4008
4056 4008
4050 4008
868 3177
4071 4008
4070 4008
339 3683
4023 4008
4031 4008
96 3923
4072 4008
4063 4008
4037 4008
806 3218
340 3681
1625 2413
1198 2839
4063 4008
395 3626
1283 2770
189 3822
1981 2064
4060 4008
121 3904
755 3280
1618 2427
4067 4008
960 3080
4051 4008
83 3935
1804 2232
4069 4008
608 3424
542 3487
293 3724
4068 4008
440 3595
674 3365
1713 2354
4053 4008
788 3254
1040 3011
1210 2815
4070 4008
4064 4008
53 3959
4062 4008
4046 4008
465 3545
4050 4008
4059 4008
7 4006
1741 2298
122 3902
4065 4008
4036 4008
