704 999999999
1 45383491
853425160 15032506
121545529 9216639
113298226 52799180
673043794 240039917
943915889 52691662
124281253 304847644
682607374 30622139
867854198 53868096
364630559 91107
365015108 59231433
94970923 20559907
5387020 70675028
183080858 243350859
405098492 2524589
472126101 177331570
572264458 50860660
889399760 32122645
1 21820409
303011347 16104564
899080598 32673026
218585569 18404708
98116024 113008325
782151348 153393299
426431717 48875379
185990231 414862952
1 4682918
1 32370518
35904986 208940790
672573413 22922427
854263651 58907245
465187314 7640952
913170896 86829104
640434887 4534055
776846671 108438115
222857907 132782652
26366180 103272328
360232846 47992076
530751530 50013856
963250681 36749319
420267965 44919349
69751998 67380744
608129941 10855140
1 26687130
911886982 7207484
1 128956955
379000284 31528093
1 38509390
551631467 8621763
257078557 15284128
799535655 154781582
859437011 40943726
382280283 68356105
231500694 6878646
796682521 101778836
500592181 19416856
784080844 162651130
931753624 40000610
510450199 57616294
898438712 6505665
352494056 11038517
596872620 289001328
36292026 163131208
947184060 52815940
940055734 59944266
130762168 56686654
889340952 50017420
42011557 91159136
666354925 147171142
152698110 24005045
799862391 89478561
1 10956558
512161346 252455583
444446153 1953777
286299657 78715451
490932588 81331870
494796409 118174227
552413604 37518825
166245870 17552766
19925466 78190558
338732209 88099869
519140249 3794140
557175642 193043513
4682919 23893434
358370436 208127186
1 144413147
690781389 174109972
373726803 117205785
499155839 97716781
627615429 67128401
279534042 27212405
816649551 4999122
525756417 88276858
243956223 114414213
935646411 60808500
823645132 35239831
954032614 25599721
825683520 174316480
157287188 168047944
890138529 109861471
21820410 10031031
768196138 21864246
45383492 582231937
177572372 11379901
884559680 31374303
814094081 185905919
954317237 45682763
1 468011869
794063560 114959943
1 2998
1 17210589
475307096 112017257
1 36984079
813526067 98360915
611389016 96368101
567848848 232013543
96834367 22557111
38509391 7765972
303532144 17638427
473456167 60053594
994990120 5009880
119832104 4449149
254761156 36116510
720885769 18937171
256386220 74899292
986052533 13947467
427362845 50225464
96445135 55092354
787001311 24728824
975629498 24370502
251859730 27393713
854237008 26643
117273998 21969835
249692882 4676131
1 91728496
672753260 143896291
729559074 63414434
846406809 7830199
893744225 106255775
575058990 78177266
621634834 50938579
26687131 33865800
912625057 31290832
118531032 123720277
398765234 118676708
958422595 41577405
298505990 125540954
832451785 167548215
919417253 46914680
11999910 1674194
1 99534312
695313869 228282622
923596491 4249154
644968942 13303742
129638508 64300428
10956559 136035355
46698156 28810180
654977039 71069054
638261999 76023460
999576553 423447
733075861 52886349
568713243 167952996
323225754 101091872
503490742 210512205
465999102 13973860
287323469 107930516
186075454 35952449
116644198 23340663
851943012 148056988
83027848 13417287
5669176 131353961
728979677 51931254
638910547 51870842
887202866 112797134
319115911 6852720
442855337 466618753
339422893 42857390
139243833 190859270
846919483 72497770
560253230 2696459
664500720 120839044
244845776 79475865
119391478 46854392
238379340 91700336
841625800 17811211
833556841 111123842
331285512 37765996
690699168 12829876
321170571 57829713
900380737 98838324
482942307 5350998
441197584 127515659
445877538 61861145
1 18711987
619625436 11745874
1 1306391
411881099 53974091
768190857 20969187
156467382 16348034
476702455 29361141
785962210 184545941
452786755 30155552
407976873 110136151
225336449 255045291
429937699 15939839
1 21245436
511604868 161148392
949234783 50765217
658272684 108761135
1 26366179
150715284 152189693
478971011 250588063
996454911 3545089
453411890 91125656
995049123 4950877
139569030 229482137
183798636 38505871
1 50065815
915933983 47316698
311359883 12485612
172226528 210318650
507649749 50254752
827798121 121436662
586919803 112278764
966331933 33668067
128985435 21729849
785339764 5287512
714285459 145654070
790627276 5799638
52012176 52853295
128956956 81702687
31851441 20160735
631371310 7539237
486609158 95433824
1 101184330
1 50277138
344305566 159185176
423788188 48337913
50065816 47434739
1 46698155
1 80296150
203548617 7079149
279253443 119511791
518113024 130498225
374982197 97118
442755502 99835
618423455 47931470
544537546 74214342
631816229 221608931
785436302 98470611
946731974 14085432
590564612 29060824
325968631 124031918
373500398 69255104
393932627 74496088
328105802 36524757
746175584 138384096
614033275 527270
1 42011556
586833159 112249545
616319625 197312867
912547816 87452184
202491986 49367744
447761659 23326649
927845645 40038922
32020786 228066556
472828266 103099972
767033819 155324866
308726161 38339136
156078129 19904019
206667574 34919741
690829685 96171626
355640559 24084441
695495840 138119196
1 19925465
716998562 129408247
921722294 78277706
1 241082843
1 80166699
489145998 61878699
37123384 59710983
1 82537183
369051508 21809024
175982148 2924202
970508151 7447862
405351214 26975841
231395005 98411156
895564212 58468402
589932429 99523493
806080863 83318897
707757117 292242883
337825387 28124641
166097406 26905819
18711988 41728487
649457671 9880228
39107913 51829950
398768050 7028519
82537184 196715952
221996451 81535693
557585414 93779724
759809771 24271073
173974680 29573937
703529044 24931362
321188129 108796959
1 286157157
713229513 34434647
959214363 1681920
996607551 3392449
85914616 173200060
618751888 20607358
28576353 6121665
383249869 307449299
306746447 14441682
624371454 264077878
885284786 114715214
694824968 8901249
623125118 59482256
426886228 23218501
425404297 170650772
426832078 163732534
659263240 18134089
614560545 23701454
188385935 134517070
587324353 71938887
858884963 100329400
41863890 44050726
82414996 315049896
323734316 59515553
60440475 162417432
659337899 117508772
471088308 153283146
745558226 82239895
299475026 28630776
133170693 40803987
178906350 46430099
618985081 45515639
318704111 101563854
16718360 160854012
93385142 28160387
823228748 3112817
479972962 37585589
760076123 8252896
1 56276409
365351225 42625648
242251309 14827248
407623081 104439354
1 204583425
885873948 114126052
35581970 150493484
980082477 19917523
538671577 18913837
985660332 14339668
325335132 12490255
703726217 296273783
604056607 36378280
204583426 22147033
428039767 19721892
54757551 14994447
820556428 115089983
358993599 1239247
935544647 40084851
211124349 460394339
868457666 9012143
404219874 64375336
109022178 8251820
468011870 25242841
940500187 59499813
386114497 71900545
877469809 18094403
1 5669175
566497622 71668381
976610318 23389682
480381740 50369790
725012732 270036391
853315521 146684479
227280444 22412438
813632492 126867695
767661848 74149327
477588309 174551246
146991914 43006895
198492523 78167910
1 166186800
325244341 68688286
507738683 25205696
999219061 780939
764616929 49477152
979632335 20367665
329806161 8926048
288956558 263457046
1 139569029
573435870 117393815
1306392 115337806
125986718 31300470
639359246 93812364
302904977 71554891
520009037 5747380
971754234 28245766
458015042 261753545
927587024 30835571
652906509 89904321
330103103 155070066
1 58176631
694743830 72918018
468428715 64965355
982179127 17820873
395253985 115196214
909474090 90525910
1 99441012
993417349 6582651
324321641 34671958
139984861 91515833
936285334 3770400
450104729 39041269
532944379 40491491
424246541 312719259
1 35904985
382545178 239089656
506063596 13076653
361701524 24412973
707007046 8245228
859939529 39141069
786551808 141035216
144413148 245133614
106162049 12368983
210659643 255339459
164806041 7420487
56276410 342491640
364721666 142928083
702944227 19876990
58176632 16840272
728261634 39934504
167654352 34837634
567709776 300144422
13522291 28341599
269683195 49020916
875275963 3832297
600853183 7276758
580765386 122178841
137023137 94371868
651365138 116825719
80296151 60120984
755913949 97401572
938555012 19115711
1 13522290
575928238 35460778
612410035 20646497
638166003 57147866
762117054 23319020
394228883 35708816
258734715 241857466
350147055 23579748
1 183080857
971739320 28260680
210627766 56310804
714002947 109642185
571257225 15575934
375079315 132175171
565482349 5774876
819437676 141683092
260087342 28281724
1 185990230
517441942 34189525
551024697 146756364
230501985 63223285
170716949 35950625
336112037 128972792
32370519 6737394
637959333 56865635
485173169 322685008
99441013 127839431
273071103 60216381
533509761 466490239
187448822 111045856
671518688 22136838
279253136 138304876
389746784 15351708
835265542 6360258
582042982 172415900
293725270 9286077
722821217 62615085
977956013 15461336
699198567 87353241
855839955 56785102
493254711 5901128
75508336 80569793
913083711 66998766
864891361 12283398
512062435 482927685
99534313 119051256
266938570 206075668
177040504 11345431
276660433 12296125
91728497 28103607
498140945 18490768
97500555 50989064
288369066 36875275
424046944 1357353
369051167 42829932
241587315 69772568
115530830 40936552
802861852 117073180
793010490 82265473
429128897 34288690
762641004 113699031
790060384 30496044
826341565 173658435
976835649 23164351
780910931 12099559
36984080 115714030
1 113298225
562949689 3472917
128208099 69804496
835571754 54566775
488293305 9847640
74336506 124156017
193938936 50017287
507254486 111819833
833615036 18327976
642553741 98041634
446399930 65761416
148489619 292707965
1 129738262
179808429 50693556
188952273 116532389
946804783 379277
417558012 69051146
315621013 8113303
904944377 95055623
612970636 104027926
415065704 152783144
938276524 61723476
1 93385141
921522405 25282378
198012595 97824586
1 59572692
919094466 19460546
960817406 25235127
381738372 46301395
715252274 13009360
522934389 156219982
222027903 47655292
17210590 65817258
733171610 102093932
1 14935405
223481842 112630195
450636388 28334623
1 25007923
323845495 49654903
677397329 114651923
796426914 203573086
14935406 164873023
1 32020785
172815416 49181035
619074319 57919650
75016904 92637448
828302889 7268865
50277139 77930960
429985088 457217778
365950028 191225614
888449332 83289988
811730135 13953385
533394070 104565263
1 35581969
1 299475025
679154371 114909189
298494678 80977211
468595210 359707679
821648673 25270810
389546762 15804452
747664160 164883656
1 54757550
305484662 3168317
856151442 42287270
347065297 218417052
699082704 29896973
961712181 20466946
330079676 59667108
254369013 95778042
72064670 98652279
740595375 82633373
963824829 36175171
876340035 123659965
322903005 322749
633056532 3737162
465855190 41332346
379471889 16428006
792973508 6562147
76062048 31615150
295837181 215767687
883906913 52378421
189998809 68735906
1 34189917
80166700 2248296
636793694 18183345
374459868 52902977
652139555 110501449
379520373 2217999
176703155 78058001
689455922 35556810
963186582 13649067
693655526 13351520
259114676 93379380
879108260 49152843
944680683 55319317
129738263 47302241
31198281 309391608
272362685 266308892
1 37123383
290877666 74473559
653236256 152844607
875779588 100830730
28904430 43160240
841811175 33968413
736666239 8891987
166186801 142539360
46275363 79711355
676993969 43891800
785436074 214563926
789160044 149116480
967884567 32115433
568066493 104977301
317172264 97893440
960896283 815898
140417135 176755129
104865471 256836053
432327055 210226686
137132742 39438713
340589889 53638994
107677198 10639867
465084829 147325206
754458882 48402970
13674104 3044256
909023503 90976497
395899895 27888293
390860532 47454077
333287484 11018082
176571455 12330084
408224922 65231245
719768587 99669089
463417587 140639020
391622775 52823378
193003225 198619550
450000549 3411341
928261103 71315450
898461357 64725225
226730459 88890554
726046093 33763678
410528377 66174078
566422606 20497197
2999 11996911
517558551 50151225
222304507 57229535
697781061 62295062
507187536 274963812
308652979 66329218
438314609 214591900
1 5387019
34698018 62570499
768329019 64122766
60552931 318967442
877174759 16569466
397464892 358449057
286157158 53265735
473014238 21782171
118317065 46488976
25007924 84014254
599829178 146346406
557904501 58415124
238418114 60087876
236990277 36080826
21245437 431541318
750219155 105932287
379725000 24494874
736965800 118874155
34189918 2102108
919935032 80064968
405796569 21089659
1 28904429
739822940 260177060
939358372 60641628
101184331 161861408
263045739 24277730
199423234 86876423
807858177 25698664
90937863 15224186
728460406 4615455
922358685 77641315
516631713 58427277
1 74336505
596055069 3774109
59572693 35398230
957670723 42329277
792049252 4633269
1 31198280
648611249 113505805
576834766 41588689
188901539 34580303
97268517 31716918
961120768 2704061
424317626 207498603
241082844 15303376
363532573 213302193
742810830 242849502
151537489 86880625
