2008 1000000000
205140762 164450653
244992477 674425761
251464041 213689691
131911935 33591751
572452581 51273271
885659870 71375355
377960048 361631959
766628868 148759153
573005239 336929719
333131948 154351348
67951036 42179636
587475193 99081327
498881759 395509720
229848124 383931608
596375362 68435896
105868845 100282123
428753361 135226406
332911824 423861096
571996658 148231294
276808199 290372757
3482980 326115535
467760596 206367897
528401953 18533770
766274005 105004187
539216044 127760182
863563353 109024980
83950912 316956422
283899718 397282702
173580312 425797316
133892148 716062905
74305977 383103474
415061335 433746499
398147859 270900078
284951156 399568104
555283861 194273537
118948628 433379469
429907938 514738307
364213850 494864778
126424586 534727785
207876103 19145524
701476637 83465479
26353197 516310760
738398550 72282067
3661809 190387238
861526356 105766000
541388743 363659591
537263156 236199904
570608857 17019045
66998071 332336927
200083335 608923326
132974544 121575272
245922693 613848959
161449042 658098804
46345238 4224554
388030020 228453997
34434686 261287635
494759437 236688666
257469038 568970837
666476886 155222337
65045198 277618486
461525508 32579931
20478264 559825718
510619097 311599929
921206619 18187862
608950518 109206803
45497609 41620532
157767774 826545006
9659083 673089866
446249773 389060454
696628224 98260061
136929683 171283691
822351671 153480199
378123651 40649215
291652086 580970056
452383203 483564308
578589422 92438389
461921366 93077302
572746076 389525324
108635399 84149493
36797999 381594708
94255164 66722669
330589308 321691327
476810156 185446169
408356601 378620598
204612074 464919761
237813953 378978776
22594762 752018634
172570581 187439686
302483412 433606754
316768552 678773261
77105766 150263092
136050605 324625713
543469632 258022100
436839640 182348252
348898705 190794451
528153888 188676318
512036755 301097924
203848874 513727092
7157968 903472847
209959583 177218501
45495382 734408244
375176783 602091746
807419305 102364871
164923690 115855064
599909578 60257457
775154942 198654706
470647184 318995109
710266248 120546473
802104728 136570871
804531418 80384344
87320465 560581042
174307200 403095376
466036237 148063565
204152157 620298395
104988619 776326861
385537365 328160916
804098544 62528597
294650648 280740872
79557118 671258930
196442529 275766786
54054346 130884819
57042585 299848998
512294184 223618548
11630466 370203454
691806147 90540021
820718870 38223446
696337204 58255358
851736780 12372713
236286275 59517153
340402765 422670284
301696630 218025809
12509469 96774815
567299342 279675647
70757966 869641082
334208034 62295286
117042369 317197827
32972712 155716740
13255568 939155229
303932680 621543219
154537797 374348594
57178380 169245958
406379856 177044602
237573938 138936508
513157028 70308041
309454843 542835631
43520076 576826268
255296140 358098056
545208332 213311342
91516358 345912622
239098687 620102242
456378025 68206135
292323797 77550527
361737918 199694626
838090630 105177188
199963803 733898502
47787063 63675268
133450920 109505087
143795640 14170050
156526711 458751542
446284732 179446301
353991248 210583277
142720348 660906099
52798591 436827357
589016546 324671326
157558044 641273007
468459528 235810683
14693446 83232908
791012398 206727233
756048206 15259884
356538141 243881398
147159266 565822613
96615896 594749225
546478258 335633815
506104879 3957242
546763123 346434403
359746876 319262040
439857728 341048503
915511628 75215945
293943658 637791003
358358213 78422580
308152464 490701067
135140616 724175917
300518421 24891499
384958758 167130288
822226819 42353920
415834384 475492561
56696674 162391981
351683476 52043123
272188433 40551456
624656453 3093185
271459412 560251756
23703045 564914604
63467233 828368301
246895445 723825017
1070208 268117901
79225035 317747716
36838998 786268430
446611952 149017708
184149344 621583257
549138463 233662036
57221998 408418141
175731244 13954170
508403334 200133633
586803598 292470384
619605989 219734313
419252374 10108620
410430000 393943895
738057552 150823882
598855189 280184711
354296451 564706275
159579063 677563047
266107672 527581428
82736729 397637322
699109021 115374850
9439242 623346273
461652099 493724820
777000936 71606050
117422284 149076367
740158027 8221647
761296593 20681364
208910637 715098354
617413044 126847507
363852241 469275255
540201317 55186551
787598743 37806327
59858201 65144875
105748228 482877072
311950461 654701058
212366019 608417409
606089127 112592503
177633231 634184453
3725252 847220984
474580023 104722761
429620372 474380680
312919038 238421094
95285491 638471020
402773277 352327170
419546627 228128284
527031738 386503769
525365385 359269035
704441786 244958259
331275223 120074027
751102432 119067158
271206689 541616050
670914514 213633790
13780389 83224193
176203131 54398297
759708508 6552872
103964355 127345971
384212623 135790147
216547797 653440755
389771094 604628761
641989806 269604357
215008065 529625834
421662414 461860734
410362637 119924089
380285792 601800449
733497879 148665272
358043588 288136121
78326289 489592550
226779301 430642682
34017619 157360062
387440882 463398068
17077453 496622827
669913213 126295009
201633492 100883121
114417317 637716245
587423862 313354683
363094630 82386493
853667327 44734984
391040579 337122668
492762952 451240470
361609480 246088351
971318459 9156296
152035563 734712865
579558098 195048903
47042412 148180412
124725733 491660045
861465913 73689047
421265865 345166808
410126093 91258774
450724275 359174276
302303965 279626470
18766694 601894004
410293125 59538218
11671871 853045583
465102621 249535937
858678560 108972233
32063641 109983272
174134558 429324173
890093522 109073704
53184853 709085648
89859029 141587004
663594824 122003719
137094386 89133052
332586067 368913686
60192529 484896086
34731173 950118477
71659444 644949665
106424389 342038143
211596713 771062078
164941631 153352530
324760604 103145554
69600228 116866361
189393967 766206719
869531004 59321516
282557765 123594677
397368440 61795030
537497593 206725970
31479720 796691195
49493638 89639548
219129279 387784537
203954455 542110971
358986119 627749123
261725863 672633252
52170553 66030902
43056468 559631317
86062148 269869508
204133802 664332110
16275770 58905741
12597947 493726606
74842802 288550578
18608929 501721150
223803194 74954394
124930507 502802893
529000428 143242225
576259633 339010748
119127038 300169801
262446175 292172710
605442533 311606640
173205349 347454618
21174938 598073793
183128865 231858373
660106816 20584494
483816001 375277175
76960492 762808275
101490847 198625291
251373662 337226205
129664003 251175787
347308451 382841084
2458942 827115821
503238562 415003346
192145539 75484458
105103015 154625651
624759059 296986454
96905018 358279086
291424180 253692847
562384867 213563187
325605476 232435495
719467104 47599316
136997398 461719496
555261007 424339255
588856532 189797933
313552296 238063239
662743083 317225035
218060989 567767559
19472351 47536239
272208448 642205672
423396473 403064582
782773397 152073231
129603083 687970141
365916008 423628861
359877316 428039661
898334519 59471739
19519881 764320912
929049782 46735199
622321624 147240950
390888903 185804021
40450275 378946878
465208938 163723478
188781186 566055503
242838633 517594186
98115739 355174529
185852025 509975091
50137579 886744975
566233853 95424718
426884618 442898921
339084933 94134368
317846110 484363994
267183073 470272107
261814306 603405564
516128704 307829202
562225204 296587629
621739502 211890441
74639313 41300542
18192729 789580904
417617179 554796095
300454144 394861458
280320501 170318290
256394367 97621219
225158594 314940302
91268274 562965845
637141485 67035041
18300036 524466389
100053681 14401248
890651656 32063056
239061833 615068676
612008341 31407148
407269660 87005629
686190146 85072350
760982320 18454469
323328172 431808779
227790648 471924281
217796230 684707973
40480046 517081096
201835010 791654752
181165618 284982506
376100629 586852189
523417067 249379627
650955553 97033717
145427818 570227485
134338610 261938913
46018893 317072779
191647440 449436308
436141517 8241041
301403920 49002093
88965102 780899937
21516112 545177678
26163301 418023285
158319042 417891447
664310893 265680298
545698847 86285668
715855188 232972651
145983688 3931727
51409606 742374085
367143529 147599526
501931248 454598895
187088952 249250663
537480281 175853671
165456586 641730279
618192256 137460042
47500922 840167990
62298209 239428736
177606007 455310950
28676166 844267692
550453373 313966309
157162336 315817701
67160684 683174120
72455672 672698143
136408994 849324888
63402164 14040181
476642446 371304119
124286791 125501475
381624915 14344854
122555176 17968386
392524317 509496749
65387004 235351521
568398203 286214453
253049462 636868114
332491410 254493753
93530239 886062151
325603460 305290100
178279465 728153512
311020325 471480267
153043024 769001214
620326794 301984694
348463524 107578240
57393500 645712370
367853555 208398651
34230680 829194141
628642411 302144649
482809402 170952947
834461722 141812696
170129883 109301758
356384805 438599075
292690878 222511241
13538504 778337335
533858505 305600432
882626174 40660337
115566839 472135738
8213651 358433191
23125822 454737192
424217137 77829252
946327271 49160385
179482763 114519617
476815425 153271182
185759092 350623637
5648016 544311287
681787112 266221303
222527038 122746270
110382862 492927261
130347965 826648572
19115380 849571045
78906496 740187345
31331335 47730821
89743506 883513734
641214289 340994744
469979929 219588196
66389177 932178758
98399812 142683321
583758740 68377366
56913332 633548630
325825768 150589644
660746478 5793899
60690123 592792584
591078086 367299667
59625268 503902294
183231225 721690902
222816774 632708109
415867606 150226507
132300851 518953549
309359122 689006434
60119390 575781106
89792713 719834026
460315134 327543669
409008513 325183667
706781100 60204308
137683578 104499145
139536359 40430220
110926732 724141659
419943373 83600445
71411407 242183706
384864270 371982569
54734213 749923387
135943211 831954117
616393034 62581537
206053455 667441445
87892946 115415082
534861170 366921989
104444178 111568188
978979389 14293114
339910427 581594580
35193039 327895692
97910345 588095380
294666470 673119547
45947500 532971889
101329688 883448375
356463699 570753505
206808314 586464084
555006666 58868819
324020857 11813378
860734069 5665873
310572547 100128101
28028760 529881881
805063650 47913490
308827668 623607513
336944344 528390179
653938825 13446785
22536909 144298455
332002812 293809993
299513573 489338070
76255649 143275620
8535590 982082470
141407113 390643280
92829092 212066347
507898039 487400554
571286819 268118318
416590438 551746075
318413636 263552889
561128598 360942528
438475854 264751701
311964206 75263467
167199437 37693880
734073782 200727397
304422366 386874926
249995158 618615640
176003741 371259034
235092156 139205665
555121423 318251181
1452926 198158991
165736503 671382452
468385427 130886666
390392938 208621896
5113014 584936415
42800857 191667929
203381781 586228147
806904522 24067286
78074584 794197982
504090952 376099537
545708278 277347722
331879457 270996651
277546563 146984977
573195764 415540250
10033205 914994420
255777251 597193522
255767728 220445973
472321777 7792826
91689540 602958003
181452038 634905105
415010367 72985766
420654302 139783427
300444971 243185179
206550531 452452628
129853847 209874486
733926902 142329017
483038315 238363022
529847953 32965730
506831867 349109341
519814881 428256630
74860133 211213977
199473725 344337333
355889607 638656568
51037065 750106061
404069488 493918607
261277615 483897593
142316010 787743120
679390965 250965789
593958665 296042398
617336049 277807533
183068390 584363704
917968970 53946845
149746562 378605224
193614270 137140970
442088269 89805348
831435912 110533925
270657837 152579309
50562897 903097648
456481646 446443122
258090265 260369249
242835796 490719698
612365118 329915103
486688037 112558303
437052837 355781421
319577288 439750717
291570907 652006480
393846142 517763292
658527885 215169452
38952464 932782704
343076426 567407976
119223622 389298309
460959867 357595506
661931120 135715574
2795906 526841331
415331933 449957978
69291270 130175496
346744357 196171753
188833519 772776332
178473127 788153974
674603638 27703273
638820980 236279622
765155253 128493313
231610938 202329096
641755905 31280212
360421406 421061957
367760788 537145655
91453721 451947648
103550980 48888296
435839519 30688465
144177656 649177714
61207032 732146522
476359485 388048882
280392489 280152403
320131870 630389815
706395746 257247214
180523296 693921881
423149701 546468959
4048608 369343130
490727993 399184203
181821803 120279471
103964665 522267694
245051635 52767089
50510765 423829985
141561152 158233881
342984803 299429209
300048904 197794426
185866563 668718031
90616307 292059506
567583902 212876492
497893482 365045573
603794214 92077402
743384628 250192001
497148413 43658570
314400476 325001065
267212952 484900838
790069046 174568186
6348366 140064933
190075254 613951346
496766542 52492757
375073039 292742344
456042081 478472353
119320776 421988352
450083932 116104206
774654843 66484041
185247308 277058862
72037778 691211398
15499042 860649530
489667257 385204777
638527077 213688299
926926588 65529797
386941306 595081534
465917493 379144529
630223358 245099240
197785783 129471790
574681148 16056789
808168160 120276034
714700870 89073629
365421522 310772135
580299570 18152704
235129363 716226840
131350776 432085642
522405008 32263434
573552710 375294653
663642910 20817148
578120653 354897991
84087163 606253026
66245332 303165253
49698886 705932907
639771262 323704638
431122641 140881222
391386767 286048729
79098979 509105414
140941575 206656993
4385107 416696984
324790086 493788820
357914894 356500739
578487766 6842176
468124337 501749988
504478310 478132603
277247657 12307363
578016590 421872513
224636395 538656507
679254117 85747337
575496066 208105527
159435572 660441407
96688542 71155857
423806519 313163353
60774536 326937797
515126593 108632417
299364004 666827096
821739662 100872707
756093875 116853751
587231590 273004107
263249898 712119436
493022051 313586978
657369135 53800538
347634021 193283366
290435326 416762296
161310255 515746113
252341541 57685266
138757648 608424091
427759851 258674603
395703398 273165686
31737709 98962814
499595880 27204754
142544248 698909540
165715388 703248700
21804704 637471969
298738120 59831956
879992298 8257206
313786046 65119568
39017354 491927045
567920740 223494725
421050347 367931752
636397324 7547941
31489346 411001943
125073963 43927008
27554301 270683638
190660313 240930928
660653249 38876357
166838907 93029827
255002172 461660791
336828394 612423053
624188280 273286487
141899107 339864486
626207097 32508817
17475676 582735626
43947799 368576303
294718299 35833255
238225102 523921727
274613246 102060493
212815481 195891450
249406980 394602502
222649167 196460050
421836444 50931735
470067510 121361107
520432457 293338837
165747487 256680567
248514827 492001992
77925502 756898398
262705667 370191732
298852599 417764302
279703919 685375212
61548312 659123021
492826264 54459588
320220910 72203724
187619718 675813889
203769 924030
247962752 596485728
356144908 60984563
443156732 274859238
812955918 128991604
690620251 80779106
284310583 593277229
196971087 458821228
358968518 367116297
760582899 219785759
532045239 91347432
52187022 858521847
294073385 181958603
677669677 321033405
2935630 653726164
893458992 11327144
258825194 560845606
122572334 773111844
494501527 411268811
196638738 526969333
588424319 220831543
268506735 705026509
455997076 77958686
42006633 721240362
21394475 695248778
360038844 426202754
903218703 62697476
142544852 94601814
496207719 119364040
51679950 221951649
57424937 7871840
558414988 313385930
264356221 258141140
140691781 235516006
74120390 23191702
98646924 691574110
47327207 321197331
33116899 758665832
418908955 500390101
127063884 739103069
197405523 645104433
105569927 605772131
333136990 623343076
569156417 183273111
132184711 703272926
62051419 372835413
160262671 31737212
755152180 192764815
23467537 482057147
317635516 517766632
172027866 360132139
484035452 34756262
831144074 41905373
227766171 624450982
484153043 472976966
819208270 143757006
30320667 567008145
446532360 283853732
146297099 226096874
302237899 229269390
222481614 521881148
81235181 257542269
56443949 454326186
83646155 424366143
292565833 591118136
5409488 199299091
78844351 427030972
675326616 66012217
654251487 317727925
278419800 38586230
713926540 74694026
1130222 754049828
97336128 412280359
598689502 171743104
255262578 116388416
523476627 133132009
254060684 699164584
143943001 754158452
323731556 307857333
442589755 404407745
115719896 837274424
715044858 260248327
433939124 500081282
228513007 46647806
121676557 770886156
48149765 581812382
298888143 96343024
71145168 576329192
751442082 49403615
491699374 271696471
259496919 134597357
150212960 542846266
457380627 340856212
336535450 356222586
761133171 150809436
51431797 106345501
392449791 230323772
20380544 273883768
622468440 332652202
40828482 774236334
406248467 356747091
362969838 627736659
309267301 538334204
747636291 195557249
591149271 324569322
477886377 459387295
1634965 603510653
20601761 483518450
33562240 80114829
153557513 459654466
64375219 716973785
406299635 169028219
94696897 103971312
184086869 154562034
708946238 288147491
573626091 136862714
144004383 573011788
156363711 53776443
58220171 883974392
46840763 819738170
105593436 771468885
49672326 49044215
618435956 226416464
502075915 140448806
536628504 313044863
647801396 62629446
170878075 225503771
132619354 191457247
121625284 406226794
709404686 54248685
238926543 736640742
37925959 742027713
419470312 489153624
276353844 627021581
148231450 6663336
327277272 191063096
285829029 388706291
491743004 489117929
18839413 130992389
149078366 543667463
46142725 853420094
250074644 126042202
356082601 188261810
782654727 137708551
113249603 72148809
509446258 23916461
675760145 181362014
792549126 120380266
498840386 280059725
451149612 72938087
406057962 300006528
245318493 674765190
321095868 247264797
498380905 127615713
690422020 256391700
985227869 3602926
133473580 153558
123819794 864267426
344497032 187725572
13885252 980176654
287709500 349295953
202979052 421977693
370926189 318034660
654560087 104832400
330980884 224022925
653837733 345987291
220767320 1737881
777404858 214692107
740064985 208015228
276745935 5540023
371920480 8197632
53540179 10639701
327594188 605699407
232714492 609959590
654171971 188037995
126493111 624600705
238996442 202273183
376334743 390466297
263091783 636756103
739115216 150862379
115230926 567140373
373001412 88387549
132490109 16215368
357793297 57808500
865329705 12733825
465754798 19129716
398220362 568445688
433597301 200779793
649283041 7651048
747600745 194447
136482231 455443589
483162440 70465948
238319624 710000001
44720354 932415493
194908294 788405251
548001498 159437253
416002364 294113757
342101194 171352536
699080739 181099309
167599736 176111033
262369886 386173762
556930905 78160235
408713246 478909349
171179738 496378212
344023538 562942075
478903357 111632155
154437855 201666413
11993825 405174729
761374148 11174093
21580899 173132517
649652089 111361008
17960512 380364878
491864019 470080825
174784541 424472094
13463612 232660039
556714109 422798356
543082489 429004009
65028665 764695028
147314535 41064447
296027080 70621793
676430156 58993921
2672132 208432869
97952430 553373430
344212852 528629389
411072845 458807687
484023505 229350383
382726816 368497721
457144347 539382090
376211958 79274833
437823914 489836068
218093903 776856351
621885343 376101127
631382203 86608077
542206167 304740183
563149079 114717926
125351381 740502445
225218055 123776661
402838622 257743254
109340427 101179841
814170107 153232273
6180364 442959377
565647171 23568357
264152001 62207978
346858450 234669013
281896958 215769619
473151072 177965703
390977185 517296238
835045870 82633000
114216976 447052963
6077511 712139764
346771753 45566675
568258945 357973574
293263872 405687409
559932392 352263944
243520103 579243271
263226899 196114277
233586351 86187760
425790468 145556563
397942854 195642999
672231567 275509168
398604335 488719940
287685581 688156635
569469825 207636107
514285116 115443637
558697841 106829489
756560726 154879980
10821575 503889298
229482495 602485751
497544926 393671917
438763101 134885386
811341387 178608004
20326644 817992087
181856882 176448576
35134608 281149842
731630718 53671739
693582468 139556034
836563582 134942203
773677796 167792917
557023015 38092716
224198203 773321312
427743061 339564020
197679488 311485746
581534223 101521081
68700959 662347135
474169616 7163781
340279962 294968920
517557151 271262436
286305802 654546297
223477329 402608970
754585171 54484302
525703180 264000665
371255097 123162736
96629189 78752816
488365881 153032989
519268752 443271209
163742307 305080187
550607747 154959227
281084506 483977907
108518912 372300234
446303767 143194882
415467931 521903410
107488636 156512991
609568086 112649326
367768123 348672923
133785602 116581015
174767832 349005856
141814391 220753115
275906005 520807189
2248832 68031820
112613990 651533308
16611510 36981780
545259482 151514670
656942748 230676300
779483033 51014224
413144113 275296456
148248349 18280146
30412441 649096057
414442327 100170956
268582006 59347186
151050306 602552083
76903034 361459933
672556052 194414848
568751974 32535484
822769624 156561543
33527166 6095293
157728381 728816124
718244526 184207095
359520911 415310910
688695148 288533963
368707193 303752714
411101902 549682235
26956969 346674417
53583918 517480567
27539733 40655183
886816516 14664947
538292761 305506473
364981028 353030810
73544884 441718437
512398745 342513781
365806227 195796270
677384103 251378804
94204963 250774383
132721701 539958495
52578400 507343811
758709915 177305169
141136584 419006447
104138485 731271800
337174554 601553855
560647701 42376654
503830786 30125575
779128410 5383162
702240489 24399605
185860450 24449805
435480999 196370550
124049622 871779810
545329836 449924339
46920078 378706872
8229188 570671948
461211819 342767550
310403808 577398171
458679116 256818677
148281624 374076853
374912033 562805450
269224536 603687612
187400742 487590804
230061624 180099622
213238895 121303557
490397314 195327347
597621527 37144355
46895454 821006336
94407966 231358489
268445381 415526909
339915194 262294682
246965214 238565268
153407239 302868683
290531135 50884505
298194520 519853838
826032242 96256338
46574922 874785072
3702523 412050489
18954416 687050657
527970668 450860248
109069218 116577778
456727333 60215022
23586969 790806929
334620097 120409364
581678403 66022209
307490421 77469874
187857987 377690554
912115462 14184267
558812932 299621094
177457470 518037152
136560842 728514113
494968040 462207966
155529886 39961840
38356659 670062212
448754339 326765373
207764599 544503854
680976733 125235258
9278143 371570951
242338362 443362246
408837528 251411701
216796016 43832442
144766067 219442029
39093906 35478979
676970034 232833507
538629063 157743592
236109695 626980861
28836055 722146447
6094581 6492876
381316028 113564189
414257158 153248368
96190533 109605297
180664938 679847166
264715885 7261250
526815526 159217086
759159709 168080191
116045969 616964169
87041078 888910285
127806065 113416899
781772124 135387003
482867174 412471265
751913250 74990083
138816787 429786196
316533810 235936428
113791486 175674090
946083167 34349120
364531824 471769366
649016169 70464479
43995086 422253147
463951019 55571202
666477218 114981469
145335015 474980645
215218978 513816917
245695691 362123172
66664078 325078172
221603163 210768970
588703826 154688419
934962582 63385529
145681328 21726509
313495367 529164428
551681650 176578084
878568353 96649176
86192102 526768331
522539128 257877546
319772791 206446068
523912509 248698506
45434298 229375458
450195859 386738340
29170105 829790109
162512812 360146831
274831456 631984164
194325895 203672530
137835957 10907800
218241260 315370668
236043203 278350543
183172873 630639041
158780767 723995738
28635620 921292927
68331566 853974132
131415604 190432503
481510583 282910632
208367541 496852933
529913723 213548657
389610689 61704271
318685139 295509435
459679092 443539601
318455522 525131245
119873219 356507274
804630279 189280750
492525318 471512574
18269470 35902700
548812337 118331142
870457387 58762215
145881520 298393911
265816943 276319329
15519431 605032071
777511414 71300702
409120028 422920797
313014708 343656149
81562731 322749876
374201881 301046558
149276284 361819616
267121283 707390416
360916034 494956794
169914119 803787382
42757900 352794099
604582819 341666114
21171808 63937523
605843304 172936194
166350826 613919224
389721226 323073952
66395147 3987565
799450088 23276435
177481291 299523595
81812660 126650637
81613567 586339883
182912753 561713899
331289600 657448094
68460574 344289023
115454922 242795318
469082579 378022255
231121623 594469148
102897561 470290681
95026068 239871510
560617229 224232518
495061906 284638768
62434734 919623379
308334744 92865392
682624396 222002015
692799379 111959372
503735072 327530649
179127137 270084301
373393574 228807086
477633191 97778371
287084640 586145592
224731268 406065464
337143488 355104477
79715732 480708374
349026519 459379267
525135860 367324508
383582874 182866029
260349864 249438977
317054951 388688658
156255214 264731958
215965185 162125515
304926440 473267971
189430624 43602344
134429585 318418734
572290117 176231839
118052 539120099
35312091 706613917
543931359 231670052
119964928 475182652
674097964 137515444
24260740 874328297
811874850 145012076
8220521 168448428
222704194 151647504
682100163 280899231
15852217 399846333
622016217 189819174
295256980 102154521
130742329 828533208
582256640 395709614
75753951 657632286
159170735 109301816
111712990 825594891
467835174 356074514
699143730 125697882
356200815 146894503
394178990 330708753
725343174 200946832
260433157 234496007
425160601 38249578
171672147 394467561
150028673 132803070
776954311 62739121
654820767 266803626
210120394 673526343
238616752 472527931
388170616 228934610
12235682 310866277
48889436 813675327
206145743 254648179
34171000 257052720
464097988 67317290
154367334 802827021
843192487 16788358
346542230 392438136
264496929 217496153
580867918 184365634
344446784 521428153
100579273 170045511
158027701 637389628
41940785 324683335
671318303 284594813
208188297 776289710
316084358 216452192
251124245 16830613
222744020 363154530
283475556 140524298
265048967 567633975
569718240 345126679
75220183 878654755
125380700 67431161
528677045 184016135
192780283 348323850
283874404 294086265
778315905 88398503
204821301 601769629
257837295 712340113
224844795 483031146
429007174 515494490
593431597 335561535
443773275 357640047
752694958 43739052
61402738 854306699
575036701 187997801
171793769 697462124
423967673 355926091
366777716 581389049
646289817 119938429
464792685 454241339
351415386 251220092
343172264 418041751
409277801 88285301
364035509 236399021
753929312 167208652
551714176 165322358
349863368 180704009
810018686 61780323
240570204 708283842
350214771 459510239
371929497 113541294
335828993 131091725
72512329 125660516
675939967 304220686
581441054 105108058
424341452 148661462
98891553 324586379
368333314 397615090
75656948 613661292
569886013 109262404
338615861 454627208
448180066 421729052
696849158 21372279
717271098 205221218
240171709 18960389
77003166 846336664
186421733 392494841
292278147 425585529
799317597 142894025
109472236 421788775
359293795 66005584
204674248 85254906
127501030 815939265
274818878 288838642
11453857 656901512
143696996 644167399
387706856 274019877
200360628 279250272
773307217 40911487
556950999 34662772
770568848 176155331
211186923 539082737
11803345 116647709
331935901 458582710
268752381 59601702
609905226 66854172
14987736 877908256
242890739 528738354
121447307 329772161
503729839 32020405
164788646 384509865
447083200 186488038
677335324 288208495
272837730 685919547
58631535 710465293
692276572 71959634
762091362 26484581
591661960 41841388
439022430 151222844
895208757 27248781
464359446 358160908
122078685 86309650
644719801 262728866
262332008 390095656
591838782 285518663
562292303 153967934
274896689 349509744
425732128 132202830
215765361 164502762
720316613 128273660
21498261 491363039
510475871 9696712
514910147 145631733
701789193 288525552
678615916 91015531
164535357 663434973
264526278 200009562
84975271 57512157
720300177 159903681
381822297 8094344
127908853 415112363
133619863 548463808
616023928 3653405
186197653 774307545
268714603 524055295
26475827 953652777
195916792 683017573
160082080 236598654
407321104 421780379
288048819 405559600
53313010 275186498
253633703 255183798
146405898 17804511
278879178 593965570
910918297 82860476
542567704 295488237
160002774 237013146
794532727 40627377
171679251 348917214
639943398 14728453
789230297 82109491
102155151 373824604
285882694 213619402
248880 938899112
895745129 55614116
510963299 410033375
302957568 177417173
462994395 535742572
910419956 66415347
337772494 320527980
386895800 511512613
70852273 613625263
144643378 686075735
562574495 292881206
368986681 468797265
155937845 59132105
661214154 160949819
138494456 758706667
357840861 255210381
372582160 556677325
75044656 439683467
484180093 131536723
193176623 188572629
50381473 542561730
889454193 4533477
391310928 589460233
147681645 236268815
405367811 317787824
48212221 146187410
204536807 187901780
222484891 240710352
42802892 452628222
166535948 755674622
198748761 452736194
77852028 749350678
361522046 263094057
638512211 238428771
274471663 212159485
228994162 189474035
269040498 540878665
307019353 178350307
777263036 55547485
465925047 469887292
310585212 330450146
448018071 248131024
54382000 192774192
466569421 71109537
219904582 737588232
698134738 107993672
601203726 9039128
906242361 17819604
119509884 314057631
470741401 202438205
8226975 893508496
226268809 408023281
796172893 166769048
277251177 621557243
99022371 561074892
97639359 427147980
21101419 852584360
48821723 836535379
26908319 331661718
502532651 1404199
391736182 104879116
336826126 552613655
437009366 153762706
156200481 645421556
236047686 310105038
672364891 118971827
338993974 81622631
350450651 341689337
313685614 265647482
804910407 55345691
225607490 135827610
108626573 672003534
173513111 499913124
564400119 206746982
104619775 212066100
101592943 301901756
588928843 311842090
603299382 13243923
7150704 912134149
211232340 45076272
303159510 65479178
210527653 511015087
512394637 217142702
270902463 448865790
245215199 418219407
673789843 111592943
288752741 2909206
84862850 696808274
420041968 75659094
621255521 297411698
81439477 537400886
383200680 515195582
113685302 791425195
78137223 762556932
604198122 44959957
33618210 440904846
511594710 415722359
729168700 16715348
301209919 405141563
40965128 388740017
57477000 337782633
4679054 216932751
247103898 450350397
404253164 378808892
428534668 570544927
270156708 667392361
473744887 284920918
290220827 505799888
782208993 167325076
255544778 714730315
144647697 783945241
283291738 630471628
181590160 156151850
738739351 9945362
537837282 350209058
1541310 214125831
146531826 97694060
139434956 824614175
108878089 385789195
600563056 252280947
45256169 837206725
664584642 138877437
339133154 68191664
136949916 364115749
256317592 590759900
20714212 470717631
441175350 287185425
150266024 319932055
41197688 485205007
21344097 790021539
7799186 569435031
301718579 330217231
131722210 543497136
756911233 182642735
457451885 285294721
575329720 84706690
480923322 218126801
327190934 264464095
39501477 610928491
41608405 541446392
238243694 350867992
136218768 345460288
88163520 868112899
183722283 465855341
494593286 467820865
93472712 656239721
449743092 392409325
505957659 280211909
499146214 5974254
314993627 449709840
155770576 784548663
385950915 300597246
228405790 710231844
83343957 460065978
608685132 11720614
286241298 130195949
279160606 257656252
255256686 341399692
365047144 188805051
132561880 594120394
109131363 61331619
487198846 345477999
516663245 38778218
51451893 830592323
591717336 321026932
162192881 472006895
20248701 331044207
121222028 230418480
104392507 881560002
321908636 483353630
68372581 112200872
709587037 78131675
558783694 82797465
70128458 851522754
153127859 426355876
304417303 81893882
556965955 232220216
187782833 156991095
200254008 769537748
632631998 202116175
495923038 56158763
320870041 216774697
399992308 25641524
432237363 48788425
1204611 367635016
61979031 300289318
98394732 156467216
603535761 395467434
512883278 304604506
569850583 144134365
499646874 144730218
313812984 661308578
28335405 129550982
23684860 172384026
258037008 32779427
13866023 444416512
112349241 369426419
175666413 395443524
150493180 675179312
228205352 382846858
796161437 52734230
437345606 116192507
4458804 855614975
649309739 282502829
178529709 417540189
524928045 393312446
625363322 279607081
14024591 555744788
55460905 437172551
247286493 94169050
69662959 751086593
607238063 280444283
516438286 287923735
127666040 155308182
454470304 150791863
684519069 296114272
203342308 366365013
791602437 185525435
94873112 634287283
111294244 741961453
109768944 100866115
2581839 648452900
322589653 342308827
481656003 510676395
96241341 206328166
467290150 380966723
784753941 25849850
277642954 496278955
270199004 84361565
584248334 99822737
168815045 694018714
202769140 368466055
225026232 380385367
264272240 639643060
256939832 477889553
621350911 10364179
185654416 602578935
109135207 349497132
159120837 11942782
164141675 498666129
404793044 114576180
172384747 200174602
812037482 158998909
813100885 499292
5010313 111460587
276568018 653640635
166477097 233032742
522349781 472920414
389968605 332450513
295692390 477021023
174618926 497261629
81977685 751709256
78563369 802777674
465422938 376113455
274305167 543259628
705876145 67106556
200388355 127912927
20260067 849938514
330212481 631270738
166580484 340537179
131792057 381609630
52194014 477336921
421918874 211731384
219615007 777325964
519617644 93580035
312409353 192466783
100738707 384256648
136295274 117499409
154594953 412867551
87358635 286562554
543733062 437275791
390510743 453626654
104946696 625790579
176428729 81508608
145591736 386924506
200879808 212915643
95825563 57224554
494012065 229603000
660665011 290637635
361521350 437076276
168043153 288300339
274508527 682459935
347453650 430825429
38047020 6742094
33577404 855545607
464766736 160033444
45223104 509301372
916506080 34986844
240346638 206493009
224130111 279431522
377811066 462323340
276802690 286896158
491359505 221536529
75532913 256630279
342396965 380710849
234831998 136701619
150574365 237368975
738256557 119867578
503700185 94104873
476604817 415937665
561258658 320419487
122684266 474039965
320520090 365544045
542469095 36404888
176848282 790291031
847756395 94698280
315008685 275575579
93011301 524773521
497504866 6802103
160892300 592110165
448595387 68061987
800587810 180926915
185388867 674596785
245734771 174677448
426778119 13255136
751963188 89091215
444638284 493343568
140459139 66224180
575773152 2152808
772217277 161427449
190999043 103630830
512028754 86391928
660948135 132288904
114378694 325170769
23706037 303361010
4850969 957234062
190117402 198799067
71662301 739561772
735276755 63319592
235892503 191891267
739612255 14936374
187242252 692706648
406006361 248341208
128198039 181460611
328573139 511143232
436513837 428459744
73720508 62960250
309329771 27022692
450966925 393673062
781487550 104041680
537398002 104321798
513488038 239306624
345416611 202587151
303492503 466038769
671850787 267977897
490239402 300140128
830752398 113308745
246187125 580787871
109410303 794671094
426599208 72190665
56384998 783532687
585140822 386619321
70900259 893545140
312406229 197122395
163022123 254448684
76149393 163632346
653636339 326301825
440734118 98679520
37608711 538517111
682223274 121124830
388318309 328573022
797755447 81864463
364405755 489967600
328006714 205161213
414103041 169930881
266985890 678355745
257395247 387645402
454982559 179569166
253789385 388674338
168061474 197859735
403081849 372064294
808300745 118688864
21752960 36115786
750188975 245116110
389176203 385696211
25696875 170942074
59693248 940243129
490826016 501443908
324542430 405732497
793179770 63863311
294180728 400781777
398703585 372602741
542648086 384840244
603832456 277904105
148604972 650454689
209928424 725494268
117431469 442083927
512460456 103542674
545532821 10422280
233768299 200497903
168673461 349837968
600742160 152389433
794941 737265561
801274715 193131640
86556126 57325795
716208115 195634662
337622403 504869220
186390373 765743384
4530454 592540600
523350602 253235599
141142391 280586464
37219370 413876801
624308288 134917737
702126899 263316173
552558492 397034687
458222463 405787045
361761150 321193317
96370028 726751751
729567723 166417662
502773140 176234859
546244140 319412666
35750843 879651217
262818324 457766210
214041645 498624782
138265604 741247231
84174124 887971035
391246096 551421774
286806004 290289342
7574610 308475883
150932092 191614462
147874458 7592550
266759909 217779541
135755239 545452588
432991668 61263289
454057705 513023226
294103679 88589179
154036391 676143037
774045288 196682452
152417704 725277837
846727576 118694477
396551678 365261116
417112401 412923297
287529953 496523900
153721847 734440240
116717740 8168521
294906717 125995321
175593729 394348365
584493868 298211820
105407042 92185417
640190697 73563453
408249144 229279755
223256369 338364916
101583954 847974524
385314931 332275543
45597500 78903702
38765449 463655792
328918675 523969525
630409184 72786521
221643639 362134505
435892107 389004469
33755787 533094198
65000967 282927502
126976746 34009767
543633506 363378442
642269833 236107521
295182734 554777648
770156380 98074583
223214608 32495665
680735204 73720144
481010422 126273332
515724509 440513727
465053859 398799429
966414304 32474303
294041987 157537322
49399846 684919221
312665426 602560135
738708645 105097891
88683869 454592093
226779144 155044000
518755837 113588268
509762315 186953762
326091425 562965220
567001094 422630367
305086796 590415018
816503566 44612810
225379323 281674835
381524316 460010257
71459557 716229776
38044112 28711625
382335472 117208015
4086969 465342272
417199299 284817639
309310966 469345063
123984445 140800191
208892419 186396589
11636406 463503100
40984897 733845585
553526296 339963760
535299727 306330238
302162899 255943432
268563573 501313224
66595703 902376054
164847507 599795636
117902982 48693845
288024025 338946903
12493511 84822497
644525506 271553678
16794094 545951636
137666539 461012900
779209607 109557111
134259766 121659657
111490099 621656055
714475406 93779603
60930557 570693489
241930099 410584573
149631609 537853914
44595327 407220946
258634083 449422089
90669669 134772207
247524012 731249772
553925225 321485037
281634959 202324700
390972823 167579724
67870707 586645725
876391179 113004538
646092210 130766286
135208476 30407142
341259769 397874320
584830119 50385527
824233293 123852875
49341911 24409983
325146031 328740644
31683792 685675815
10293320 442959366
87091386 152342316
