7011 1000
1 1000
319 682
9 467
472 528
581 420
270 113
1 309
1 257
267 734
1 137
196 172
678 71
207 171
1 1000
45 176
20 437
1 1000
1 1000
806 177
850 151
1 903
1 735
728 273
439 562
717 284
805 196
1 549
852 149
862 139
1 1000
1 1000
1 197
771 32
937 34
955 46
372 629
604 41
421 141
523 478
1 1000
1 419
1 393
250 208
1 794
41 874
515 387
1 298
1 863
1 199
323 7
805 196
128 145
1 139
105 896
350 651
717 284
1 198
593 408
1 170
1 1000
384 481
1 254
1 427
579 335
643 174
1 675
1 242
96 745
824 122
913 88
82 360
247 754
401 600
200 93
210 791
893 108
1 423
1 708
1 1000
834 91
1 184
883 6
1 422
1 1000
1 1000
389 612
732 269
1 134
1 330
951 50
478 114
389 186
651 198
234 725
396 83
1 178
784 71
1 313
492 487
1 345
1 590
558 119
1 534
1 1000
1 218
1 1000
350 651
263 36
1 1000
1 261
872 129
1 1000
926 31
169 91
1 79
1 185
1 20
1 47
1 1000
119 882
179 63
978 23
1 140
1 1000
678 323
374 77
52 236
1 1000
661 235
289 66
925 67
693 308
352 649
937 64
158 21
1 78
527 251
185 571
871 130
1 143
540 318
1 391
192 527
1 9
226 479
905 96
277 724
1 58
313 396
322 163
1 806
1 515
909 92
1 132
863 138
817 184
27 210
135 559
1 332
938 63
448 519
1 1000
1 1000
620 113
168 549
379 622
760 241
474 146
1 1000
908 93
580 19
223 84
1 593
773 228
508 217
303 698
332 161
1 15
1 306
192 377
181 9
1 1000
709 292
252 11
303 698
529 328
1 8
173 213
821 120
1 719
452 134
473 528
1 1000
1 694
512 135
290 36
14 688
1 11
1 1000
346 655
734 159
1 196
1 603
1 384
1 161
1 1000
88 913
1 1000
384 63
708 57
190 585
865 136
818 146
479 37
140 568
1 961
659 342
903 98
314 687
424 180
735 245
724 277
781 58
1 1000
289 712
536 106
1 722
1 60
1 64
1 1000
4 46
1 3
856 57
713 288
31 30
179 166
872 129
1 28
259 593
1 317
1 563
513 488
1 237
1 360
915 86
933 68
276 725
753 248
381 556
637 53
522 93
772 13
589 412
1 1000
728 273
1 256
960 41
339 475
389 11
932 69
1 607
1 415
547 454
314 687
1 1000
594 361
1 277
1 1000
1 1000
246 755
121 880
1 809
1 133
836 165
193 808
1 650
679 322
1 358
472 529
371 630
180 444
1 330
107 894
697 26
494 147
442 69
1 408
1 1000
985 16
1 201
266 735
1 1000
1 1000
644 357
736 265
867 134
1 648
990 11
1 30
985 16
1 121
712 137
481 520
513 359
1 1000
1 1000
1 1000
1 286
352 107
1 406
214 371
1 375
788 213
122 214
460 541
1 1000
491 510
263 127
196 442
205 796
28 973
320 49
146 495
1 1000
1 445
192 201
512 489
378 164
668 333
694 156
311 582
138 299
5 114
242 26
1 150
1 296
619 11
552 449
298 115
841 160
63 938
1 682
483 91
942 59
979 22
1 457
927 36
417 155
936 65
406 595
1 70
9 893
812 189
21 113
950 51
1 1000
147 126
1 45
1 1000
420 68
991 10
1 1000
174 827
1 874
1 114
792 209
473 113
904 97
1 758
736 265
412 243
1 1000
647 354
1 869
1 1000
791 124
1 92
1 725
1 26
925 76
809 12
1 375
634 367
1 679
1 85
31 457
364 637
848 153
366 23
262 739
1 341
841 160
1 1000
339 266
1 860
923 78
376 625
486 515
1 34
1 160
166 346
808 193
957 44
340 135
312 538
87 237
1 326
440 561
1 748
912 89
1 572
143 373
300 701
1 594
1 1000
1 1000
646 238
1 1000
888 113
136 565
290 176
700 301
13 160
27 974
760 204
1 360
198 765
768 233
682 230
1 443
1 256
1 1000
1 740
178 302
377 624
1 486
1 714
1 326
301 700
1 727
22 440
1 6
82 50
1 74
1 617
1 1000
21 13
886 115
1 361
1 557
1 191
1 85
1 560
1 352
1 242
485 516
586 415
33 308
286 622
716 95
1 377
864 137
382 600
215 786
963 38
220 781
1 756
995 6
34 373
1 59
1 699
1 1000
743 122
762 239
624 377
1 49
733 133
1 319
1 368
715 286
52 161
609 392
239 214
153 732
1 612
1 226
1 259
600 401
1 1000
1 339
1 46
564 437
337 214
971 30
679 169
284 717
1 230
1 480
1 850
840 154
1 1000
479 522
406 595
1 215
1 1000
792 40
81 150
1 472
936 65
863 138
1 390
211 228
1 1000
574 427
953 8
226 253
1 191
1 712
1 30
1 156
149 219
454 547
310 691
471 530
698 303
288 301
973 28
285 241
1 478
1 421
1 568
1 1000
123 878
195 297
982 19
687 72
220 491
119 520
72 21
687 314
914 87
1 252
1 402
206 538
772 229
1 1000
1 13
541 460
283 553
764 237
660 341
1 614
191 468
1 405
1 328
854 147
25 203
203 655
525 476
899 102
488 473
842 159
1 266
297 87
1 485
797 204
793 208
1 398
952 49
1 1000
258 743
1 261
49 250
186 815
756 113
711 49
1 688
1 1000
889 112
1 305
858 143
12 361
143 717
1 1000
1 145
647 327
1 201
325 676
277 724
1 1000
1 299
1 1000
1 162
316 632
307 223
439 159
1 48
221 780
202 126
689 312
85 544
1 142
996 5
292 709
336 665
812 151
1 395
1 1000
1 1000
773 228
782 3
34 263
583 72
1 1000
1 43
1 188
570 14
11 990
93 74
121 147
309 332
1 77
1 489
1 397
1 12
1 146
1 586
598 51
1 324
1 850
971 30
263 138
317 684
935 66
853 148
1 324
1 947
1 552
1 241
2 480
1 520
1 1000
574 427
1 475
1 51
540 461
1 248
661 340
623 111
10 354
750 251
169 239
811 190
1 543
257 744
1 164
1 980
223 176
1 323
901 24
597 36
1 302
1 60
1 335
1 1000
840 161
823 68
1 1000
268 548
1 677
1 43
523 478
1 259
810 10
604 102
390 611
1 1000
1 220
1 179
984 17
453 464
1 298
1 456
1 79
1 758
865 136
918 83
717 284
1 178
9 29
714 287
695 218
1 54
1 1000
1 1000
55 316
481 413
983 18
1 715
1 1000
683 68
712 289
994 7
864 137
506 495
716 285
642 359
755 246
1 918
923 78
199 517
1 268
296 705
422 44
1 1000
250 106
1 216
1 191
571 430
712 289
1 427
1 1000
1 163
850 151
1 339
949 2
432 569
789 212
1 1000
747 254
1 31
1 1000
376 311
799 202
1 720
1 161
890 111
1 233
1 1000
946 55
428 119
1 517
1 347
938 63
328 69
1 257
375 626
920 52
1 175
812 189
1 1000
1 667
1 572
73 437
833 114
1 621
1 14
1 91
1 63
257 3
901 100
1 23
57 619
493 508
981 20
1 372
183 214
427 574
887 114
1 178
770 231
263 39
19 359
778 35
1 118
162 732
604 397
1 99
705 296
488 95
1 99
123 495
1 963
529 472
1 222
96 311
40 357
1 622
180 40
1 1000
1 636
538 409
138 261
585 100
1 251
1 1000
393 608
1 237
1 106
651 289
527 474
1 1000
1 707
1 19
1 866
513 340
117 117
974 27
1 1000
1 1000
1 626
1 451
1 163
157 30
521 172
1 1000
509 208
711 290
1 1000
7 994
770 231
1 663
937 64
1 796
1 880
1 246
1 902
504 67
973 28
639 362
1 1000
345 656
1 1000
178 823
199 802
855 146
199 235
1 72
146 855
449 263
1 56
1 1000
1 1000
1 54
1 603
1 53
356 625
955 46
1 416
111 890
629 372
1 202
1 30
1 1000
149 688
455 546
1 466
759 242
1 311
585 155
277 252
1 1000
1 98
803 198
17 16
199 238
1 460
122 5
1 56
541 209
940 61
1 692
979 22
712 86
181 476
946 55
782 219
1 1000
957 44
1 525
1 232
6 415
1 482
546 455
163 92
683 273
486 515
74 152
596 60
941 60
251 750
1 1000
1 382
1 1000
960 41
716 285
945 56
918 35
1 705
905 96
1 12
94 529
9 121
1 276
1 118
96 28
392 538
718 283
313 233
1 66
385 356
256 745
252 111
647 139
8 517
960 41
1 1000
55 626
562 42
403 598
299 702
561 41
596 252
1 1000
1 443
573 345
1 1000
1 1000
1 257
70 9
659 113
1 1000
259 278
950 51
1 217
236 495
50 660
754 51
905 96
469 153
452 74
410 268
720 44
35 273
648 353
28 149
1 118
526 288
993 8
1 103
200 239
71 871
1 912
1 1000
88 389
242 759
1 78
490 481
1 653
505 24
1 963
1 862
1 579
279 21
410 450
1 979
226 679
1 682
531 470
227 19
761 240
856 145
1 1000
788 213
898 103
1 169
1 172
451 363
422 579
648 86
1 646
749 74
321 75
902 99
106 895
1 1000
1 1000
253 748
51 580
49 381
1 552
966 35
1 57
1 226
1 1000
1 611
1 487
61 163
1 67
841 160
932 69
295 632
610 391
1 134
808 177
1 450
237 259
251 53
498 503
399 138
1 111
340 661
580 238
634 158
756 45
1 550
694 24
28 81
1 1000
1 21
1 1000
1 863
699 102
952 49
341 122
1 747
799 175
1 213
1 849
1 317
556 189
1 533
1 146
1 1000
1 1000
210 420
1 995
826 175
1 545
1 236
1 1000
1 87
138 117
93 23
917 84
1 1000
451 550
296 446
1 70
723 278
698 303
1 979
82 129
1 104
1 319
596 405
714 287
767 234
1 1000
1 121
773 67
1 1000
1 479
203 265
261 428
368 633
1 750
612 389
232 769
1 30
525 104
1 995
230 188
739 45
1 205
192 809
1 455
1 348
377 624
637 264
919 16
785 9
1 1000
1 167
1 869
375 485
500 173
1 1000
1 154
425 576
364 80
1 401
461 421
782 219
1 644
408 138
601 400
407 594
191 810
1 1000
53 559
365 88
412 589
1 1000
818 183
931 70
1 1000
1 718
1 400
207 534
732 148
984 17
1 101
1 937
1 250
1 849
28 237
678 323
1 1000
974 27
1 1000
1 395
1 701
1 1000
1 1000
1 136
368 431
155 464
889 112
900 101
1 93
838 163
299 150
907 94
917 84
374 62
690 311
1 406
357 20
530 471
621 380
525 476
149 703
1 1000
1 790
424 149
957 44
943 58
1 59
1 498
1 169
737 264
1 1000
326 342
64 937
1 387
1 901
597 27
1 57
1 41
60 637
479 522
1 1000
1 1000
1 730
605 132
766 206
179 195
360 641
516 104
17 153
107 39
994 7
139 862
943 58
206 39
161 840
1 147
1 265
57 610
1 598
1 617
1 694
507 494
1 1000
84 594
1 3
1 745
1 346
1 479
980 21
459 21
968 33
608 151
168 245
253 6
631 13
688 134
1 1000
1 288
1 633
1 112
246 755
1 28
489 512
587 11
641 223
1 720
632 12
1 152
719 142
369 632
888 113
1 363
1 1000
390 412
904 97
1 437
1 222
356 166
241 91
1 504
1 351
1 1000
1 243
196 29
968 33
34 186
1 139
696 305
264 601
822 179
1 1000
1 242
523 330
3 812
1 26
544 100
838 163
77 404
1 101
1 254
1 1000
1 434
962 39
260 741
917 84
847 61
251 154
311 86
1 1000
804 114
797 204
623 378
1 1000
1 956
1 162
1 1000
415 77
1 255
302 699
1 1000
1 214
1 33
709 206
1 1000
618 383
622 97
238 763
1 147
100 774
1 191
304 317
1 1000
504 34
1 201
441 560
396 198
868 74
1 1000
1 1000
757 244
956 45
392 609
1 1000
1 762
510 491
1 535
66 454
649 352
1 1000
1 279
65 119
127 109
970 31
779 222
969 32
933 68
971 30
372 629
239 193
1 749
1 1000
1 1000
1 333
1 6
1 1000
61 940
1 195
1 730
1 1000
531 108
631 370
1 404
1 429
79 922
1 1000
1 1000
1 83
481 6
711 134
641 360
617 384
537 464
856 145
1 1000
984 17
913 88
1 327
740 1
1 1000
130 324
1 775
1 2
628 373
1 179
1 127
1 283
372 466
1 570
937 57
477 111
393 12
442 17
1 753
1 518
616 385
1 856
1 93
669 269
866 135
150 373
664 337
1 1000
1 83
1 76
694 205
770 231
1 1000
612 283
279 21
890 98
62 4
710 291
27 793
595 245
93 149
763 101
869 132
1 725
753 5
34 59
1 605
1 1000
1 904
622 314
568 300
1 615
1 1000
1 1000
96 141
1 2
102 428
1 302
1 1000
427 574
623 282
290 711
312 268
534 467
222 779
267 242
562 439
711 290
57 420
819 118
1 30
1 269
88 19
850 151
855 146
97 140
633 190
683 318
486 290
828 173
598 403
299 216
595 253
1 488
649 341
1 1000
888 113
801 200
1 855
475 108
500 501
693 308
1 260
567 37
1 1000
1 47
1 207
941 60
864 137
609 162
1 60
263 398
425 148
55 364
573 109
132 683
481 166
1 427
361 139
401 541
852 149
970 31
887 114
292 709
1 951
544 457
612 335
743 258
1 308
1 1000
1 931
929 13
532 469
148 390
1 1000
1 1000
1 375
767 234
1 766
600 401
1 4
1 220
1 585
132 869
1 1000
93 130
607 394
885 116
838 163
636 365
125 346
14 196
1 2
105 399
374 33
984 17
789 19
1 1000
88 144
518 221
1 1000
637 364
1 133
905 96
974 27
1 83
217 16
415 586
328 201
957 44
655 233
1 1000
1 192
797 204
1 81
244 757
1 426
1 242
470 161
457 544
1 214
1 1000
586 415
521 277
907 94
962 39
790 83
632 369
1 447
1 709
1 54
471 530
664 337
1 1000
639 362
453 91
1 399
973 28
89 269
1 312
1 122
119 153
811 190
646 104
1 1000
42 70
465 536
997 4
1 523
972 29
676 325
586 415
1 356
1 1000
92 10
1 1000
919 82
619 155
832 169
711 290
508 493
1 1000
1 319
1 1000
46 9
195 389
105 480
1 61
213 228
833 25
1 45
42 94
647 36
1 1000
670 331
1 26
631 123
1 146
1 20
918 83
382 619
668 333
50 154
1 1000
800 170
112 252
814 187
546 197
835 166
779 222
634 200
221 648
6 654
418 583
657 344
475 526
355 559
440 561
1 1000
1 109
674 8
819 182
1 262
577 35
377 168
595 285
1 1000
1 182
983 18
1 796
1 551
1 420
184 569
1 609
1 1000
1 317
672 52
644 155
227 44
628 141
1 1000
31 76
829 54
260 741
51 247
358 247
163 304
952 49
651 350
619 229
1 466
1 70
458 472
1 488
1 135
960 41
1 990
69 755
1 441
1 182
254 67
495 406
622 379
1 1000
151 225
148 853
81 475
383 618
306 695
710 291
84 738
162 839
241 204
194 807
1 409
1 296
1 512
1 1000
1 1000
976 25
1 341
336 562
1 395
1 245
686 315
61 940
1 396
522 192
357 197
1 152
1 358
1 609
307 689
249 752
1 1000
518 483
444 66
1 760
64 245
1 87
1 55
631 114
919 82
1 179
713 288
356 122
733 268
825 176
437 564
1 1000
859 142
1 318
1 293
182 40
1 1000
1 604
611 390
85 118
979 22
839 162
1 1000
1 16
1 1000
340 74
92 419
1 1000
1 839
1 996
1 289
36 194
1 1000
1 1000
764 237
687 141
679 322
411 590
179 361
1 1000
1 33
1 156
1 256
902 99
66 335
931 70
904 97
1 1000
582 419
1 1000
1 386
1 185
1 407
636 298
546 112
530 388
322 501
1 141
618 13
908 93
884 59
264 737
421 245
781 220
1 959
850 151
1 378
1 125
259 111
1 95
36 260
1 202
131 180
26 975
682 32
1 394
873 128
1 102
1 260
529 317
104 897
1 272
89 859
1 241
1 383
480 521
582 419
1 110
423 578
187 450
1 216
915 86
63 938
1 685
1 16
58 166
444 346
1 21
1 740
932 69
24 977
1 1000
561 75
1 1000
1 110
1 478
1 1000
1 93
695 39
550 451
785 216
1 56
1 305
314 587
1 1000
1 1000
1 104
708 293
981 20
1 1000
522 409
154 847
1000 1
722 279
1 530
397 413
692 309
1 1000
145 1
1 738
863 138
77 327
569 399
756 245
999 2
587 414
1 550
175 25
1 458
1 646
1 544
380 1
1 203
1 153
331 442
667 11
1 97
36 965
56 203
140 596
861 140
867 134
1 1000
769 64
1 399
652 342
673 328
1 130
602 370
266 735
9 27
796 205
29 664
762 167
324 358
516 485
720 281
682 319
1 232
963 38
351 369
255 63
314 687
963 38
541 250
822 179
1 21
1 49
1 1000
516 485
1 1000
113 888
123 361
1 1000
1 48
220 781
45 111
370 403
33 564
231 770
943 45
236 672
630 346
1 259
851 69
456 545
953 48
1 1000
320 681
874 127
124 589
33 968
551 450
1 620
1 1000
729 272
1 172
1 277
726 275
557 444
1 521
1 160
1 1000
1 412
749 252
1 1000
1 130
710 291
956 45
1 915
1 594
719 282
218 623
280 112
317 279
1 4
458 543
1 75
1 177
192 809
694 72
460 413
575 324
440 424
1 1000
639 55
1 76
848 95
177 824
299 494
852 149
879 122
1 520
221 780
1 75
954 44
495 11
1 266
1 525
279 149
399 602
1 105
480 505
1 1000
968 33
150 391
1 191
1 637
786 215
1 804
864 137
427 176
913 88
437 564
1 1000
1 218
1 15
191 628
330 272
1 823
112 726
635 48
1 1000
1 1000
1 781
978 23
1 20
72 305
372 629
817 184
1 710
908 63
301 314
721 280
25 432
883 5
147 455
175 444
1 55
1 1000
742 146
855 146
713 288
478 274
1 1000
857 144
804 197
1 1000
195 318
903 98
1 1000
303 698
1 1000
298 621
1 292
1 475
1 615
1 1000
274 202
1 307
1 239
1 1000
539 462
480 521
1 1000
981 20
1 731
1 129
1 1000
729 272
971 30
435 4
1 454
319 682
276 472
191 616
325 676
1 458
1 516
1 134
1 892
1 190
783 218
732 24
1 1000
490 511
798 152
450 551
1 1000
547 454
409 496
1 471
177 824
112 889
1 368
307 548
881 120
1 641
402 599
1 185
940 40
1 78
638 363
380 101
288 685
1 1000
385 70
213 655
527 276
102 178
572 429
904 86
1 1000
280 142
46 469
1 1000
355 90
1 710
306 313
1 1000
1 387
1 1000
1 152
1 163
85 797
237 661
586 415
325 676
527 474
1 203
1 1000
542 266
327 674
571 381
1 431
576 96
522 479
1 319
428 573
677 219
1 612
283 133
291 329
559 36
36 965
1 289
1 41
484 77
1 683
1 718
1 26
1 262
363 459
1 679
1 1000
443 212
1 1000
1 643
1 288
773 4
1 74
1 488
228 122
273 314
623 378
1 1000
88 466
234 767
1 389
1 1000
58 943
1 336
1 186
727 274
633 216
1 353
917 57
1 567
479 522
476 434
948 53
544 457
961 40
1 909
264 259
284 55
423 578
594 10
1 1000
105 896
310 391
1 600
556 1
775 74
309 258
672 122
756 245
988 13
1 951
619 97
652 178
827 170
381 50
1 430
41 180
117 111
1 1000
783 218
1 189
167 41
764 237
546 244
1 479
1 716
523 478
978 23
340 645
1 250
1 83
1 1000
1 1000
1 1000
1 329
50 156
980 21
901 100
48 379
577 19
227 78
1 159
431 99
599 352
873 128
227 215
1 1000
1 596
685 316
525 476
485 342
1 409
1 1000
273 107
731 270
1 982
1 763
1 375
297 350
510 52
1 921
951 50
1 1000
852 37
848 153
417 268
818 183
575 426
107 894
985 16
1 335
609 70
21 263
1 1000
525 21
1 718
1 389
14 258
974 10
815 165
1 145
894 107
1 161
1 845
143 88
258 743
944 57
701 300
122 293
1 74
886 115
673 328
1 283
1 219
534 467
1 40
196 333
1 834
951 50
963 38
1 769
793 208
966 35
1 99
851 150
201 275
911 90
1 1000
1 316
61 120
232 110
352 649
1 69
1 1000
1 52
476 58
109 892
444 337
1 503
1 1000
526 475
481 520
419 228
678 323
1 418
997 4
157 195
399 602
747 254
682 130
1 118
243 758
681 320
812 189
560 373
1 118
258 743
862 139
1 1000
1 339
1 478
258 414
935 56
973 28
272 729
1 184
313 163
1 447
1 152
143 858
1 1000
272 132
450 120
27 699
1 1000
1 238
116 885
140 402
1 60
420 366
1 1000
72 77
1 686
1 112
991 10
1 1000
538 259
1 239
405 436
1 143
242 39
1 193
648 35
1 1000
581 420
1 1000
998 3
1 526
1 680
1 1000
1 1
474 527
62 199
1 174
858 143
857 144
969 32
955 46
113 36
1 1
469 532
716 230
84 199
1 464
202 249
968 33
550 451
1 333
1 547
848 107
1 88
1 39
268 733
1 168
1 1000
1 86
512 307
1 640
1 1000
243 597
1 50
240 28
1 1000
17 115
844 157
365 21
651 347
827 29
416 585
265 736
465 295
767 83
62 294
153 485
1 1000
1 677
243 301
414 587
1 1000
1 805
1 1000
162 619
430 89
668 333
1 312
1 1000
750 210
1 717
432 17
402 110
282 680
487 125
669 332
347 654
323 234
764 237
956 45
1 1000
534 24
78 923
828 173
1 128
283 242
1 39
321 680
85 461
753 28
812 189
1 229
1 1000
573 428
1 212
398 316
1 1000
1 969
1 1000
1 354
617 384
1 115
6 61
1 64
1 675
526 475
308 693
851 150
386 218
311 690
392 609
1 503
369 5
500 501
198 803
479 522
644 357
981 20
1 396
1 234
95 739
787 150
1 253
1 777
566 435
759 82
776 225
1 65
948 53
933 68
1 479
1 1000
33 968
682 319
383 618
176 825
1 1000
66 935
1 178
520 481
300 496
667 334
621 308
893 108
1 573
1 1000
894 107
62 9
362 64
531 25
44 119
1 836
1 582
1 1000
398 10
1 39
1 1000
552 449
314 687
169 369
737 244
419 197
554 87
742 259
467 23
1 1000
766 143
407 594
602 21
596 405
746 255
1 405
1 1000
561 440
1 1000
318 262
908 33
1 313
677 86
1 818
594 407
480 521
1 730
515 486
439 12
1 880
224 19
1 718
905 24
560 441
838 163
427 574
1 189
462 539
1 19
884 117
930 71
1 294
1 84
488 19
1 711
1 434
1 161
754 247
1 188
337 19
487 116
25 124
1 36
1 46
1 104
1 139
234 767
233 441
313 223
94 225
890 111
745 158
796 205
1 110
204 155
1 264
1 283
480 151
1 1000
58 178
1 387
1 1000
1 107
268 733
902 99
442 357
849 52
808 193
706 295
739 53
34 967
1 123
478 523
584 356
1 1000
494 500
57 99
390 466
976 25
237 10
1 577
1 62
807 52
952 49
664 4
224 777
599 402
1 1000
1 1000
1 1000
397 144
1 1000
1 1000
495 389
1 135
1 135
1 1000
870 131
914 87
148 60
613 118
557 409
1 1000
411 590
1 1000
544 341
1 29
115 156
1 1000
827 174
136 291
922 79
1 1000
1 474
302 695
997 4
1 365
1 94
818 181
898 103
499 318
647 354
505 332
631 370
1 424
1 127
1 1000
1 87
347 58
489 512
1 693
1 548
1 239
202 510
1 1000
372 629
705 88
648 353
1 782
1 560
1 1000
1 215
1 979
1 581
1 497
1 650
58 35
1 1000
1 422
1 590
30 227
323 678
21 798
228 315
1 374
864 137
538 463
268 150
1 44
68 290
596 405
1 124
201 322
1 1000
175 4
588 77
130 439
1 242
1 1000
816 185
86 84
191 810
645 356
191 208
364 637
1 20
1 166
1 696
1 324
1 149
479 522
485 144
228 276
1 1000
751 250
517 59
922 41
144 705
30 292
211 114
530 123
726 56
1 589
1 1000
1 1000
1 1000
1 84
1 588
476 91
679 322
1 560
1 1000
101 547
485 516
932 69
562 439
1 191
448 184
788 213
1 835
455 407
775 195
397 200
352 649
811 190
155 247
558 443
790 211
1 980
226 53
455 311
216 91
1 1000
1 988
1 35
1 651
109 128
199 52
504 405
1 824
913 81
27 323
917 84
988 13
1 1000
193 89
567 434
721 280
1 1000
580 318
1 1000
12 502
1 180
864 137
86 205
547 454
812 189
1 538
606 299
437 260
865 103
1 1000
1 303
31 407
1 832
111 2
327 674
164 23
687 314
86 113
219 498
397 604
653 32
725 276
168 224
1 630
396 444
835 166
1 1000
181 10
119 173
136 350
618 5
412 77
182 607
1 234
486 105
1 81
681 320
1 202
137 768
1 506
48 40
1 483
237 764
390 611
1 802
1 1
1 871
268 303
20 198
115 628
947 54
819 140
574 320
1 1000
40 329
471 150
971 30
759 94
1 325
1 420
208 106
778 223
554 447
290 10
517 287
918 83
1 794
954 47
321 512
77 781
752 249
111 102
1 175
106 152
1 1000
1 1000
12 640
479 522
1 301
1 27
93 623
895 106
395 606
1 312
545 180
61 168
1 73
1 1000
257 744
1 205
763 238
1 440
760 165
1 1000
909 92
1 964
703 298
37 964
231 82
775 226
235 146
899 102
221 141
2 999
254 400
113 146
610 353
52 448
1 330
146 268
509 4
57 232
1 145
1 1000
1 76
655 346
1 738
1 626
1 423
1 32
61 199
1 463
723 226
853 148
1 1000
82 164
1 217
582 202
1 1000
1 65
979 22
1 272
491 362
358 643
1 236
942 30
335 666
1 117
890 111
672 90
585 98
936 65
249 752
766 235
764 188
1 1000
851 150
1 487
1 849
1 455
958 43
1 71
480 98
965 36
1 111
1 1000
741 260
760 241
1 507
186 286
1 1000
786 193
1 1000
905 89
1 397
1 313
1 1000
742 259
702 299
896 105
104 703
840 33
1 162
842 159
1 1000
747 23
1 172
1 1000
852 149
519 18
241 215
1 652
993 8
1 32
611 390
255 746
1 512
1 330
686 281
1 1000
150 157
479 39
5 448
1 959
446 555
21 345
911 90
1 238
1 27
353 493
1 1000
1 207
453 154
697 304
510 491
313 688
741 48
1 91
1 957
475 207
237 107
386 510
731 270
746 255
1 1000
1 1000
1 200
883 118
859 142
1 1000
346 336
1 1000
967 34
224 777
1 223
263 738
537 464
532 469
939 62
1 908
428 573
1 291
1 531
1 603
405 550
1 1000
654 347
187 811
426 23
67 934
1 92
814 51
1 1000
307 694
1 850
1 1000
882 119
1 1000
1 1000
1 78
468 76
873 128
1 210
1 515
265 328
915 86
747 254
928 73
313 688
1 92
197 124
527 429
100 31
607 394
1 1000
1 1000
776 225
141 491
1 687
893 108
1 245
476 525
938 63
23 372
885 27
590 106
401 600
11 990
3 998
268 337
590 271
1 290
1 1000
1 1000
721 9
98 23
1 1000
1 411
1 1000
1 1000
23 290
382 619
1 93
655 5
445 511
1 668
553 448
1 1000
445 556
1 516
971 30
690 120
242 410
322 607
717 78
1 801
797 204
91 525
227 200
636 122
1 17
1 1000
1 189
814 187
5 556
1 57
894 107
567 22
163 838
1 1000
274 76
562 345
799 41
1 627
517 227
629 326
112 829
1 203
1 402
1 269
1 409
580 421
1 918
595 342
1 537
1 1000
1 735
886 115
1 493
719 282
731 270
1 538
884 57
1 262
850 151
423 578
1 712
588 93
624 140
414 260
758 243
218 783
384 210
1 253
1 179
1 139
45 188
262 139
79 147
399 138
1 1000
390 611
1 98
1 26
880 121
1 351
1 1000
1 764
758 243
27 144
703 298
1 686
179 822
1 226
1 956
1 258
553 396
476 269
1 60
1 154
666 335
477 524
763 89
1 902
261 430
992 9
1 339
1 261
512 489
283 417
949 2
711 290
1 768
559 442
1 1000
1 806
857 144
1 263
1 285
1 387
514 17
186 180
601 201
268 21
489 512
89 153
762 160
1 290
997 4
924 77
759 242
731 270
777 125
784 217
59 938
1 106
169 405
539 13
173 66
1 23
1 105
1 53
933 68
118 883
238 25
616 385
57 119
1 893
850 151
944 57
627 49
134 633
1 1000
156 617
1 240
1 1000
455 546
145 415
1 975
1 1000
1 22
1 1000
1 712
430 117
207 169
1 481
1 1000
438 461
239 516
379 511
278 44
701 300
67 511
1 143
1 1000
858 143
143 125
72 784
118 883
468 533
359 323
1 1000
407 491
980 21
325 533
1 1000
1 198
1 1000
1 18
1 540
1 1000
117 884
644 133
666 335
453 25
748 27
1 84
347 402
1 140
684 317
366 401
181 23
387 220
1 418
1 236
1 292
1 704
806 195
1 590
573 428
216 634
1 103
715 286
896 105
1 263
631 370
978 23
413 74
165 69
1 817
179 16
345 656
1 35
1 962
1 396
25 32
894 107
996 5
1 1000
349 262
1 234
481 155
31 970
1 300
1 861
1 1000
860 22
1 511
1 798
154 110
664 337
1 1000
358 499
1 442
713 160
913 88
1 641
1 1000
365 276
1 1000
695 306
1 242
1 1000
1 48
564 248
1 1000
685 129
463 125
16 402
1 200
1 511
819 182
698 303
269 693
1 736
746 255
459 542
780 102
1 979
325 316
1 35
314 216
1 244
1 421
286 715
766 98
487 137
427 278
725 57
1 212
1 1000
612 278
1 8
155 632
1 185
557 444
574 427
683 200
1 1000
956 45
1 392
994 7
950 41
787 214
1 33
445 157
242 281
1 470
1 145
1 37
1 24
1 699
1 647
458 543
985 16
875 126
486 7
551 450
1 1000
178 349
553 170
394 307
32 969
1 380
354 647
1 763
860 141
163 638
1 237
550 451
1 665
546 455
542 233
615 386
1 13
304 697
1 44
505 496
543 458
1 173
276 725
810 164
972 29
720 81
601 11
412 15
1 621
726 73
1 322
429 161
1 359
64 90
13 48
1 296
1 299
1 1000
903 98
584 139
1 52
1 477
919 82
979 22
196 202
183 99
57 233
913 88
1 104
1 387
1 1000
621 201
677 129
1 1000
119 882
1 1000
677 42
853 54
1 55
237 510
9 117
1 104
1 485
266 735
404 113
585 376
262 739
34 141
77 190
512 371
1 816
671 330
2 70
1 986
1 780
130 533
1 339
591 410
802 199
1 1000
208 776
563 438
350 626
1 63
229 453
1 685
179 822
1 1000
1 630
461 351
196 368
1 150
487 435
195 89
16 17
172 499
400 601
857 144
230 271
764 237
293 122
1 503
1 1000
686 315
592 409
605 396
199 151
806 111
472 529
1 27
532 45
203 544
1 531
1 1000
769 232
1 408
456 16
708 161
504 424
1 184
820 181
414 587
243 291
810 191
1 824
952 49
880 36
862 139
1 233
331 36
1 825
1 1000
263 711
438 358
683 255
997 4
1 467
855 146
960 41
1 1000
815 186
1 1000
1 325
1 1000
727 274
79 121
840 161
720 281
353 648
299 479
1 220
383 41
805 196
938 63
54 947
1 313
1 862
612 338
1 392
401 600
1 66
260 225
930 71
124 157
64 422
1 322
922 79
641 270
791 210
1 1000
1 1000
1 206
353 426
763 63
654 347
1 201
164 221
887 114
1 374
660 341
134 722
1 1000
1 198
1 1000
338 393
21 239
400 367
215 38
621 380
1 806
342 659
1 1000
131 870
327 674
1 324
241 760
1 153
260 514
1 205
923 78
1 208
304 394
73 354
422 579
260 741
603 398
444 557
587 94
1 658
1 629
1 424
310 691
1 1000
604 397
1 787
71 37
1 168
1 134
31 805
1 259
1 142
465 536
1 89
363 331
113 16
1 1000
903 98
530 288
676 325
592 17
893 108
1 419
1 503
397 224
369 632
837 164
590 354
1 103
801 173
534 38
1 65
610 391
1 1000
511 465
76 925
371 105
870 131
392 242
1 304
856 145
1 271
1 215
960 41
799 43
1 228
1 932
197 804
840 161
270 204
1 492
982 19
1 562
935 66
1 618
511 490
60 658
355 446
1 817
1 40
776 225
972 29
879 122
894 77
1 1000
659 175
535 237
492 202
361 114
1 559
1 254
1 123
1 657
135 94
380 375
1 112
1 24
320 443
488 273
467 372
271 730
957 44
858 143
176 386
1 676
948 53
1 553
546 455
456 25
862 103
364 155
1 196
536 465
329 672
331 233
966 35
1 122
1 120
1 171
149 241
330 86
1 137
198 803
779 222
976 25
333 299
1 1000
320 681
617 278
1 1000
234 367
845 156
1 1000
977 24
1 47
1 355
1 1000
1 16
272 729
578 134
1 176
209 661
1 1000
319 682
918 83
198 803
1 1000
219 668
857 144
1 336
637 364
1 1000
1 168
819 182
719 109
787 27
797 204
1 1000
1 490
246 755
947 54
773 228
1 184
462 143
1 330
108 226
129 338
583 418
1 1000
1 193
1 87
1 1000
1 775
110 500
579 422
1 85
565 436
1 1000
1 238
209 507
857 144
31 970
204 275
1 243
1 148
870 131
583 194
421 569
1 61
274 719
1 74
1 22
1 1000
302 699
1 79
231 65
263 177
1 92
38 112
1 129
1 181
1 1000
1 1000
1 33
226 369
126 157
308 610
1 436
537 315
544 457
1 11
1 88
1 162
989 12
957 44
1 195
1 1000
1 540
549 452
1 789
1 633
203 798
794 9
1 722
1 719
858 43
685 276
947 54
718 283
260 114
1 35
1 1000
1 244
1 820
189 812
1 558
605 396
305 41
621 380
1 305
529 448
34 204
416 253
82 123
1 1000
1 599
513 62
520 481
125 876
433 568
1 65
516 485
273 315
511 490
647 354
399 602
1 5
1 923
666 8
701 47
485 126
492 109
1 672
425 576
850 151
958 18
1 696
1 280
517 484
42 226
1 76
1 252
66 77
1 54
1 1000
1 928
1 153
668 117
124 877
852 149
1 436
817 184
472 529
281 720
983 18
1 207
362 639
154 28
1 759
1 313
1 765
1 108
1 640
1 863
22 63
260 212
1 1000
7 994
75 463
375 162
1 1000
1 310
832 169
522 216
717 284
392 86
1 262
377 17
1 458
1 733
443 558
161 50
956 45
1 352
130 76
388 474
312 689
765 236
1 1000
892 109
351 650
723 15
1 391
395 606
1 37
1 213
330 50
112 889
392 350
218 783
523 137
719 282
767 234
1 691
1 1000
185 658
1 457
518 456
1 411
125 241
1 922
1 273
164 446
1 157
238 763
1 77
1 1000
376 220
864 137
1 278
324 677
8 44
692 309
1 68
1 20
399 602
1 1000
882 119
115 78
61 832
45 905
37 964
621 380
1 30
1 1000
719 282
869 132
952 49
945 56
1 56
437 213
1 1000
720 281
111 890
1 354
1 745
1 9
1 334
216 259
1 298
163 330
1 410
1 526
152 800
1 223
1 303
1 493
202 64
32 969
775 81
967 34
278 3
509 492
601 4
1 312
933 68
1 32
557 8
980 21
72 929
461 510
440 561
650 351
611 390
893 24
1 765
601 400
835 166
428 573
730 271
1 1000
1 302
1 1000
1 289
825 176
353 648
118 593
100 901
658 343
1 636
618 327
29 777
688 313
1 131
1 1000
388 613
1 111
789 177
861 140
1 1000
1 731
1 626
873 128
99 409
149 852
571 225
714 287
725 39
246 755
634 367
145 588
1 151
632 99
716 285
580 421
1 1000
604 231
446 555
848 153
684 317
1 409
762 239
408 350
123 767
1 83
221 780
1 1000
895 106
157 844
1 1000
1 187
498 180
187 125
804 197
755 246
806 134
1 345
11 608
1 66
717 74
407 414
108 284
558 49
561 440
228 773
1 685
4 269
1 653
154 215
213 438
410 273
1 1000
1 284
1 318
817 176
512 489
680 135
246 196
154 396
972 29
331 128
1 1000
1 672
24 723
787 214
745 205
314 158
1 350
898 103
123 272
815 186
1 519
364 344
1 495
697 304
1 1000
833 168
148 225
86 278
1 697
257 276
310 691
278 115
354 224
852 149
1 1000
1 175
1 147
1 321
1 641
1 365
75 156
399 452
1 1000
1 1000
1 1000
589 412
1 61
737 226
861 140
1 447
777 71
641 360
748 253
1 1000
119 637
278 723
1 619
459 468
1 1000
1 1000
817 184
773 13
255 746
1 68
189 9
1 81
1 85
813 5
1 8
24 7
660 114
1 1000
1 353
685 316
1 154
1 321
1 838
395 606
1 296
604 42
1 1000
1 263
206 536
1 1000
160 627
680 107
867 134
300 701
1 1000
1 118
885 116
372 120
141 860
728 273
180 451
959 42
409 592
401 600
87 211
884 117
1 1000
91 4
707 290
119 18
1 901
496 505
114 375
1 410
905 96
583 315
910 91
1 1000
201 746
1 10
17 55
582 419
769 232
1 1000
490 511
793 208
710 210
880 86
349 40
1 610
918 83
673 55
10 991
236 290
105 807
1 1000
1 321
229 126
625 376
1 640
1 40
891 110
449 11
1 32
757 103
293 236
1 176
1 935
1 76
856 145
360 31
1 241
1 62
974 27
785 216
217 784
1 233
47 321
991 10
556 445
1 493
1 273
1 63
323 439
140 861
899 102
1 279
1 1000
572 429
334 240
290 711
1 344
1 1000
467 236
999 2
1 352
418 176
1 197
413 588
980 21
710 291
198 303
292 374
269 666
990 11
602 39
1 1000
582 419
257 744
591 410
84 917
176 694
176 774
1 286
142 859
1 104
682 34
1 305
1 1000
1 368
574 427
1 34
510 86
388 613
653 348
732 138
937 64
561 440
1 1000
618 104
537 464
1 256
271 208
963 38
1 248
826 175
822 179
1 1000
337 664
838 163
324 13
1 381
1 240
353 132
1 1000
1 558
793 208
534 467
952 49
669 332
790 142
436 223
396 605
1 271
748 220
1 236
89 78
1 608
538 463
529 472
192 302
1 885
260 464
1 163
640 361
1 112
1 1000
1 416
818 183
426 100
1 56
621 380
830 148
476 279
371 284
665 336
431 168
9 95
833 168
1 487
1 670
1 144
1 348
541 137
46 101
157 844
713 126
961 40
1 1000
521 362
480 59
246 245
242 219
683 318
309 216
243 27
150 34
234 236
681 320
1 1000
1 516
622 338
1 581
334 667
654 347
191 571
622 311
891 110
131 870
1 1000
1 817
591 410
509 392
190 319
130 871
1 1000
1 1000
452 238
206 555
839 162
737 264
1 884
1 1000
774 227
1 414
1 611
872 129
404 81
883 118
1 5
707 294
1 309
566 435
79 779
86 523
949 52
1 389
330 396
1 469
1 579
1 1000
419 582
1 1000
50 571
987 14
737 264
281 720
1 94
1 1000
715 286
1 33
1 1000
359 520
741 260
80 637
789 212
1 758
964 37
916 85
954 47
839 162
56 945
366 635
291 33
1 479
928 73
781 220
1 31
1 1000
1 1000
3 998
95 156
961 40
1 1000
238 571
831 170
656 345
1 190
1 226
1 524
745 141
153 572
647 165
68 618
354 3
980 21
1 1000
582 235
1 147
229 772
326 675
1 400
817 8
860 41
1 153
1 7
79 453
1 960
1 397
1 539
584 201
251 750
1 1000
12 16
1 669
39 962
1 194
723 278
1 1000
1 796
645 356
369 368
5 455
1 468
361 139
78 117
1 233
1 1000
615 92
693 122
237 598
250 113
185 229
1 65
1 658
1 1000
794 207
678 323
1 643
331 670
772 229
1 251
1 616
1 466
918 83
170 353
1 41
794 207
1 98
738 228
1 680
624 332
341 102
649 98
140 798
826 175
881 120
251 750
1 959
234 767
1 257
1 82
1 548
982 19
1 1000
300 701
1 1000
1 100
178 823
319 390
359 642
349 19
490 232
1 1000
612 142
667 202
982 19
1 431
500 501
504 49
1 10
265 171
163 488
941 60
206 284
340 58
1 912
391 62
884 117
374 627
1 320
75 36
442 55
393 608
1 347
1 191
400 86
1 278
52 50
720 262
519 482
731 270
1 1000
186 815
545 456
1 60
557 222
1 998
895 40
987 14
603 142
899 102
1 83
424 439
129 497
1 74
1 1000
1 81
226 775
1 45
824 158
1 364
860 141
1 57
1 752
791 210
199 112
260 104
442 559
1 131
1 37
1 151
408 49
913 88
529 472
1 174
1 142
38 963
839 98
1 95
141 801
489 512
779 203
1 60
1 1000
462 313
853 148
52 310
868 133
869 132
1 11
1 418
1 1000
416 307
1 1000
806 195
623 378
490 310
1 1000
1 44
533 81
1 711
659 3
1 129
1 890
164 837
1 11
822 179
224 777
1 966
1 117
1 687
557 444
1 376
1 139
700 53
1 1000
636 280
1 1000
940 53
1 21
253 268
24 636
235 766
714 287
1 70
1 955
604 397
620 43
392 609
1 710
104 93
279 414
1 197
723 278
1 420
645 356
996 5
158 481
1 273
1 34
71 930
620 205
131 246
998 3
1 599
1 1000
203 699
484 517
690 307
1 130
1 996
1 497
1 1000
1 79
1 1000
739 262
1 917
1 381
1 199
282 719
1 1000
1 1000
892 109
1 1000
1 110
929 72
476 525
52 3
641 263
1 846
776 225
815 186
388 477
147 292
1 18
1 774
1 58
233 327
1 1000
1 44
478 523
1 422
1 883
580 214
476 61
563 438
24 322
1 195
387 231
814 114
280 277
1 1000
1 1000
1 1000
11 27
90 784
869 132
592 207
983 18
443 470
614 87
650 117
113 747
901 82
246 4
1 1000
1 1000
542 42
94 440
1 1000
1 658
1 1000
1 44
755 246
1 1000
1 198
1 88
530 50
846 155
1 108
1 152
1 957
1 603
1 956
1 381
904 97
1 149
1 1000
1 150
1 1000
1 443
489 512
457 544
942 59
1 569
551 317
908 83
335 174
834 167
373 354
839 162
356 33
213 242
1 697
103 582
616 297
258 675
208 156
1 1000
445 556
964 37
712 248
1 168
1 91
376 625
925 76
1 282
1 8
1 192
309 692
482 49
745 256
882 119
898 103
1 702
1 276
979 22
321 369
321 99
639 362
712 60
931 70
1 173
807 194
472 367
1 712
244 108
456 545
1 202
1 1000
1 325
307 528
208 129
190 289
147 854
1 980
615 303
620 8
1 642
398 94
1 419
219 384
673 166
1 530
1 94
1 986
380 621
267 140
778 223
1 957
40 961
777 224
808 193
1 101
848 153
1 154
88 116
627 374
84 77
1 106
569 32
812 189
1 1000
1 401
836 165
1 85
682 319
1 475
6 227
758 150
1 36
1 5
254 14
1 137
128 237
1 236
1 44
1 309
641 360
845 49
1 719
1 275
1 175
57 645
846 155
1 1000
1 274
1 207
1 1000
537 431
1 184
1 1000
1 1000
1 1000
352 188
265 451
1 526
734 267
281 350
253 306
855 146
88 413
1 71
964 37
629 124
652 349
176 825
136 447
1 56
326 515
1 656
428 445
1 616
751 250
16 368
491 510
1 80
1 97
797 51
912 89
1 1000
597 117
146 855
659 342
1 94
1 1000
994 7
313 394
761 240
417 168
839 162
107 284
1 8
1 892
1 718
905 96
708 241
1 1000
300 701
1 177
151 526
523 478
1 1000
1 1000
901 100
185 772
391 610
56 945
1 372
1 254
1 893
1 473
1 1000
337 55
1 1000
1 163
980 21
84 237
1 87
111 303
496 505
615 386
203 17
1 306
217 566
1 315
213 719
490 202
1 38
1 140
689 312
1 574
887 114
937 64
55 70
370 349
1 758
1 110
642 359
729 272
1 382
192 514
420 581
1 389
307 345
1 680
851 150
259 677
1 464
208 734
1 489
731 270
970 31
1 1000
610 247
1 1000
322 139
1000 1
398 603
643 99
1 1000
554 447
883 118
1 123
367 634
998 3
161 518
578 174
248 293
393 608
1 1000
288 713
974 27
634 49
807 5
1 325
702 299
759 242
999 2
519 63
1 53
1 117
77 345
59 93
177 160
1 4
367 393
451 292
1 755
570 431
1 249
641 342
48 102
1 22
1 835
890 111
916 85
270 16
71 930
583 418
243 65
882 119
1 1000
1 332
457 544
1 1000
1 65
84 176
716 96
1 844
1 907
40 171
273 728
737 264
49 267
843 158
908 93
982 19
466 535
722 279
914 87
501 313
573 428
683 302
138 306
1 970
1 744
622 171
1 23
443 493
1 1000
1 194
69 289
161 104
1 191
567 434
880 121
1 668
765 236
1 1000
1 426
80 614
504 12
634 367
636 31
333 211
40 833
403 219
1 374
268 213
338 579
488 220
192 809
1 351
88 347
1 72
678 24
1 1000
638 363
980 21
950 51
38 414
162 37
764 237
602 280
517 105
1 681
1 638
467 63
513 21
677 324
1 410
599 402
1 646
1 61
1 530
1 305
841 147
113 216
925 76
207 647
1 464
1 156
961 40
1 710
870 131
1 1000
743 13
393 608
997 4
697 304
844 157
745 256
913 88
1 663
487 420
631 370
144 857
152 332
448 553
660 341
1 208
127 79
1 907
163 838
167 143
1 88
420 111
1 758
1 399
1 129
588 155
1 313
1 555
464 537
533 161
686 315
1 1000
1 26
326 247
1 1000
66 753
988 13
1 149
863 117
95 271
542 459
494 220
273 187
1 617
674 62
140 861
95 317
950 51
337 67
1 261
481 36
682 319
326 675
297 103
373 411
1 1000
1 985
499 502
152 201
1 309
1 925
1 264
100 214
318 43
206 34
44 94
896 105
196 123
1 67
756 245
356 452
172 829
1 1000
754 247
1 38
782 48
512 489
326 512
379 90
1 677
1 1000
641 360
1 1000
1 1000
852 149
1 371
387 614
224 496
719 282
1 242
974 27
1 786
997 4
870 131
233 255
1 386
1 727
395 606
174 315
255 746
552 82
1 138
896 29
1 1000
807 194
1 815
1 291
1 87
549 452
419 225
785 140
459 175
751 250
287 714
656 345
446 201
1 24
857 144
1 14
1 65
644 357
50 566
1 562
64 31
708 289
342 659
417 387
548 128
333 303
1 72
1 345
799 202
84 291
607 354
1 448
1 181
147 854
754 247
1 505
1 437
55 192
316 246
874 127
1 574
581 140
942 27
191 810
709 265
85 916
124 366
1 210
804 197
560 231
247 343
1 743
805 196
289 448
700 301
398 603
1 80
201 508
980 21
1 256
922 35
872 129
308 693
836 165
1 411
666 141
1 580
1 626
1 275
307 261
828 37
348 239
504 79
752 219
559 442
1 89
724 277
605 153
385 616
1 391
214 419
1 490
745 256
45 478
807 83
294 239
1 1000
1 432
345 577
108 784
850 42
1 1000
344 348
776 225
423 578
361 9
1 438
848 153
769 171
107 894
565 249
97 904
1 13
1 1000
1 398
999 2
513 121
261 184
176 441
678 323
1 461
1 250
46 239
558 147
250 15
1 650
1 1000
740 261
1 1000
947 54
61 118
1 320
342 75
1 118
1 1000
968 33
755 51
1 30
1 1000
153 607
1 427
1 752
174 321
1 15
576 187
12 37
688 131
1 1000
894 107
942 59
852 149
1 88
624 60
1 157
1 1000
75 266
671 330
1 372
389 612
801 200
1 1000
349 420
176 41
553 159
1 371
967 34
1 405
340 59
292 262
1 658
909 92
1 7
1 636
515 486
650 194
84 340
366 635
761 240
1 215
486 515
1 214
410 196
383 618
569 13
544 457
1 1000
1 1000
133 149
434 123
1 1000
1 591
1 171
369 84
775 226
505 496
427 390
1 1000
711 268
1 60
1 667
645 264
208 258
249 752
1 1000
284 445
1 813
1 382
724 25
687 208
1 578
786 215
785 162
368 151
480 521
1 1000
137 374
909 92
1 111
1 164
435 566
1 144
730 252
1 104
1 193
1 382
262 687
1 31
188 18
84 496
803 94
540 226
1 489
1 749
494 507
1 835
1 620
290 196
1 168
200 578
775 154
388 613
169 24
1 26
654 347
1 146
83 918
1 272
1 44
744 257
1 140
711 254
1 449
151 219
1 1000
326 675
90 138
140 854
479 159
152 612
126 285
694 7
1 192
274 727
1 1000
1 754
216 785
206 795
1 628
602 39
36 965
247 296
422 579
1 1000
912 89
887 114
61 593
1 320
1 39
457 491
1 159
376 98
1 27
291 632
990 11
688 144
306 194
1 322
589 412
1 1000
901 100
1 416
1 596
701 162
33 158
49 143
116 885
1 454
163 648
243 267
1 116
478 276
1 348
1 527
1 524
559 442
995 6
734 267
1 159
1 1000
630 371
451 183
340 221
255 52
155 249
907 94
177 552
284 139
327 172
704 297
360 641
1 576
167 193
1 807
507 337
795 206
350 13
1 767
1 1000
20 254
1 944
1 584
1 854
1 1000
1 329
377 2
832 112
130 106
233 483
814 17
431 570
364 353
770 231
1 1000
508 349
1 51
1 830
923 78
611 390
822 179
66 372
1 614
397 264
363 189
1 754
221 683
673 328
1 87
1 76
812 189
476 82
1 316
634 229
1 492
1 1000
651 350
964 37
1 895
144 388
1 223
453 548
929 72
179 374
980 21
373 122
1 162
1 122
841 160
1 439
1 99
460 541
902 99
1 1000
696 305
54 947
97 904
1 110
968 33
1 1000
775 226
131 340
1 374
1 463
459 330
375 130
76 331
1 287
1 322
663 338
1 499
160 421
846 38
959 9
1 102
1 1000
3 13
349 652
531 470
681 320
1 240
869 132
1 220
1 1000
252 749
1 511
1 156
909 92
1 1000
1 223
1 145
99 902
67 663
257 125
1 98
245 45
716 38
135 311
785 216
1 917
736 71
1 849
744 257
1 86
106 895
830 171
1 398
1 38
731 270
1 251
1 1000
1 1000
1 709
1 1000
1 88
932 23
1 1000
260 314
1 1000
329 271
976 25
1 108
860 141
342 659
396 571
1 315
902 99
561 21
1 1000
233 27
807 194
662 339
494 24
4 245
1 81
1 60
876 125
214 41
612 268
741 182
1 796
1 1000
1 114
1 49
893 87
365 4
111 224
66 51
1 137
975 26
1 860
708 222
1 887
933 68
586 415
1 1000
39 522
17 38
1 686
70 931
1 1000
242 150
92 418
39 116
432 477
368 633
867 134
32 969
75 306
203 798
1 107
517 400
706 295
856 145
642 99
723 278
1 543
1 609
804 15
822 36
1 259
956 45
1 1000
645 356
814 56
401 388
1 206
840 161
493 249
865 87
220 161
507 494
814 187
1 1000
400 31
386 615
786 215
705 296
260 80
381 148
994 7
1 162
1 45
864 137
821 180
489 283
474 527
1 1000
72 178
631 370
359 426
551 336
1 249
553 258
105 327
115 886
194 807
1 528
926 75
882 119
1 116
562 59
236 335
316 685
419 582
870 131
1 546
767 234
981 20
1 1000
612 389
1 160
65 296
1 1000
19 485
255 373
1 1000
972 29
1 345
1 255
237 122
1 475
1 306
600 18
1 349
307 77
218 328
1 8
1 195
925 69
942 59
1 56
738 263
1 788
985 16
493 236
441 560
45 956
1 371
1 51
231 531
623 378
32 8
1 456
719 282
1 941
1 574
1 176
1 529
1 200
485 337
456 66
1 1000
902 99
225 35
557 8
308 577
280 118
1 74
1 477
22 118
920 81
140 67
1 1000
617 101
67 548
1 1000
655 124
642 104
1 775
791 27
171 830
836 165
531 36
895 106
1 117
918 83
26 273
544 92
578 423
480 387
1 355
628 152
126 403
852 51
366 635
1 313
1 611
971 30
415 541
390 611
1 1000
1 967
1 20
501 500
1 1000
1 421
779 222
35 898
1 235
605 153
1 256
981 20
452 549
25 976
490 511
484 517
463 292
1 337
606 395
97 904
1 634
270 589
921 80
475 526
155 555
875 4
1 776
803 72
378 94
608 393
1 225
198 34
644 79
762 229
747 91
718 185
1 276
1 731
1 679
532 420
66 253
1 684
837 85
1 82
785 37
1 1000
509 35
1 710
47 809
676 217
117 884
105 9
616 157
1 41
326 314
934 67
146 291
337 373
331 442
77 191
658 343
1 84
421 393
758 243
102 284
1 619
1 524
1 979
674 119
1 24
960 41
224 216
1 371
336 665
101 95
1 254
435 417
420 581
1 521
529 278
1 508
102 420
546 455
724 145
493 258
61 197
836 165
990 11
1 282
1 306
245 756
70 183
1 33
13 988
35 738
478 523
1 746
160 325
501 127
242 466
1 592
903 98
578 423
1 226
1 10
709 256
676 325
737 264
399 409
1 83
1 620
1 561
692 28
712 136
99 865
836 165
1 8
1 1000
1 1000
1 442
1 83
885 116
1 541
526 475
808 193
823 61
482 519
1 1000
1 370
231 770
641 360
1 250
1 96
55 502
99 902
734 267
814 187
968 33
830 171
467 501
218 783
926 75
1 597
565 436
834 167
1 835
652 349
308 693
1 169
252 600
414 229
1 371
1 1000
4 126
75 40
640 292
908 93
186 512
277 182
247 683
27 90
1 329
1 1000
1 378
53 130
1 194
398 603
1 1000
182 819
1 1000
824 154
1 1000
1 223
60 284
192 787
459 370
1 1000
723 278
423 578
929 72
1 599
250 751
466 25
903 98
216 117
369 632
784 217
760 241
728 273
1 266
680 321
641 21
204 152
1 1000
509 211
391 37
1 390
1 451
1 370
1 648
1 426
714 287
519 482
1 1000
1 50
1 1000
77 274
1 12
109 218
255 116
792 209
575 200
627 62
1 1000
686 78
1 1000
306 695
1 121
807 88
1 202
185 735
410 172
255 207
1 1000
1 917
1 185
285 82
1 632
1 1000
1 241
170 486
1 8
1 624
193 162
1 126
1 190
897 102
95 761
676 101
968 33
691 310
406 453
1 38
134 489
1 811
1 83
73 18
1 10
750 229
36 374
488 282
765 236
1 273
850 151
832 7
593 126
1 188
819 13
211 790
901 100
1 249
1 1000
121 244
1 466
239 518
616 385
397 72
822 179
391 157
863 138
993 8
1 69
158 604
819 182
350 128
1 479
976 6
1 458
177 824
1 95
1 1000
767 220
1 123
1 1000
1 130
1 1000
1 51
839 162
962 39
240 468
102 899
228 773
405 240
363 509
1 1000
15 339
1 455
1 578
673 328
541 460
376 625
170 831
410 591
1 93
1 392
407 38
506 205
1 371
190 653
866 135
741 260
22 895
34 142
610 391
547 343
1 498
75 267
588 393
1 49
831 155
956 45
1 1000
637 142
963 38
1 421
21 35
1 649
1 482
544 142
997 4
383 483
1 823
1 275
755 246
1 1000
955 46
723 278
1 179
329 416
753 248
883 118
346 240
13 336
1 398
661 34
987 14
904 77
93 103
499 8
1 52
286 83
1 177
392 609
781 220
93 811
1 218
1 1000
85 916
1 1000
755 246
803 118
1 76
1 206
1 804
340 661
961 29
289 712
1 1000
273 464
601 263
889 48
629 372
1 1000
1 1000
378 51
744 257
1 306
1 839
1 4
213 15
1 25
1 33
749 252
1 672
112 382
1 100
224 720
1 480
594 379
1 339
1 1000
1 60
694 47
99 250
974 27
66 329
893 108
1 35
101 162
723 278
719 206
1 861
165 487
87 141
173 409
344 599
1 268
685 316
758 74
306 695
1 565
233 230
736 265
858 143
1 667
264 607
478 211
916 85
80 270
1 217
960 41
1 225
246 655
1 139
795 19
373 496
768 233
967 34
674 327
1 614
200 532
1 1000
1 205
491 510
257 581
1 1000
694 307
548 453
1 245
942 59
789 212
801 200
582 419
1 56
641 82
657 231
1 94
1 151
1 701
578 423
1 379
1 217
930 71
1 948
1 262
211 790
1 1000
488 98
1 114
627 374
305 499
868 133
941 60
1 661
150 851
774 227
835 166
502 362
371 128
384 202
183 818
1 777
649 352
1 1000
1 1000
1 665
281 369
1 766
61 102
702 299
63 58
1 1000
15 607
882 26
1 826
146 855
1 268
780 221
1 586
1 144
1 673
195 806
759 82
1 326
89 271
499 47
1 64
411 62
1 308
493 19
777 59
349 652
104 77
170 831
194 442
1 51
626 15
292 468
674 327
758 243
1 4
750 251
758 243
1 1000
1 1000
1 328
1 994
250 192
832 169
1 679
450 478
1 1000
439 336
1 312
1 595
117 884
1 892
1 921
495 506
1 96
963 38
1 1000
413 67
457 527
1 1000
1 133
483 241
203 309
621 25
948 53
1 245
1 1000
1 1000
138 539
1 1000
1 1000
814 187
135 422
1 647
124 468
1 1000
350 295
1 112
102 175
680 321
1 516
38 790
994 7
705 296
34 967
1 150
641 254
1 63
102 214
898 103
355 646
75 116
1 643
318 59
1 1000
892 109
596 405
825 176
258 105
103 898
375 539
1 122
1 223
467 438
920 81
1 366
206 382
405 596
910 91
575 344
1 342
103 749
652 240
492 109
918 83
1 1000
40 961
1 1000
604 70
605 89
571 430
346 336
322 679
797 204
28 543
174 434
1 39
1 177
629 282
1 1000
694 307
62 742
1 1000
439 190
204 430
1 167
1 105
1 249
802 199
818 24
18 335
600 401
1 419
1 829
930 71
1 3
1 638
93 370
94 411
293 708
34 340
1 11
476 525
516 264
334 463
598 403
1 139
765 236
537 22
1 33
240 617
1 267
239 762
864 137
189 37
1 1000
627 374
1 447
459 238
986 15
1 1000
723 278
330 671
1 709
1 95
1 641
859 90
817 184
290 711
381 620
1 310
1 59
510 17
1 102
314 358
1 479
561 440
134 792
798 203
893 108
1 805
682 222
1 763
1 336
615 218
739 262
224 777
1 245
620 227
1 12
1 676
1 1000
1 1000
1 56
1 491
57 146
1 764
616 57
849 152
297 11
952 49
641 360
1 9
615 386
1 806
1 623
83 40
1 1000
1 176
321 680
356 645
407 420
1 251
1 330
986 15
604 397
760 52
1 99
1 1000
1 1000
1 695
888 113
104 874
1 1000
852 149
1 1000
308 423
310 494
800 103
1 972
300 701
151 213
689 290
927 74
659 342
1 148
1 39
1 346
373 628
865 18
888 113
1 639
159 167
949 52
849 152
720 169
1 1000
401 108
1 1000
422 28
562 196
1 142
1 1000
1 25
53 39
918 83
380 621
1 200
982 19
1 967
81 9
749 252
1 647
925 76
801 200
1 1000
1 62
1 1000
944 57
743 258
170 130
260 741
722 279
702 44
366 635
1 480
1 173
1 1000
1 533
759 242
766 235
1 599
1 1000
1 726
701 300
706 241
256 44
949 52
1 484
866 135
411 590
1 764
1 1000
1 56
189 161
1 54
447 486
350 651
327 674
377 624
1 603
1 449
955 46
1 80
1 626
860 7
224 777
922 79
571 404
316 64
856 145
863 20
300 27
235 444
269 611
647 354
1 190
299 523
1 418
947 54
1 120
858 143
31 970
1 851
662 339
1 678
1 230
92 461
742 259
642 271
1 240
575 426
1 307
524 328
98 772
1 1000
514 487
380 621
422 364
489 398
404 311
1 19
94 8
1 241
1 1000
620 235
307 381
458 465
16 985
1 223
193 364
118 519
618 155
778 223
257 744
1 493
173 828
799 202
807 43
1 175
459 152
213 188
823 70
619 382
678 222
1 400
221 165
1 1000
375 136
1 92
1 83
177 249
760 193
169 245
530 169
1 364
185 672
773 228
400 46
869 85
35 22
218 783
72 605
1 157
1 51
641 360
1 209
1 217
536 465
480 187
297 181
1 932
1 564
1 486
355 646
1 101
543 458
965 36
314 687
928 73
940 61
1 86
1 595
534 444
1 287
884 117
1 494
1 1000
1 784
1 74
603 398
1 34
638 363
982 19
1 586
825 106
27 236
90 79
346 205
731 57
386 615
725 231
865 136
693 42
901 100
463 538
100 374
367 634
568 171
275 356
739 262
1 724
1 238
448 318
193 680
1 1000
753 64
1 26
370 631
1 173
1 71
604 84
662 236
1 178
1 5
1 1000
1 778
93 140
525 476
1 313
153 848
369 632
638 85
1 918
1 1000
1 1000
1 1000
1 46
1 823
211 790
965 36
454 169
1 512
167 47
1 543
272 18
856 145
265 736
586 277
1 166
841 160
1 83
1 577
526 147
919 82
643 358
754 128
783 218
1 23
1 513
802 199
947 54
483 518
418 168
580 421
1 713
1 329
260 741
1 84
878 122
1 71
1 71
741 260
204 309
1 265
102 782
849 152
681 136
1 338
1 96
1 84
1 92
807 194
1 580
634 78
965 36
132 869
1 566
437 139
1 246
742 218
1 308
843 89
1 1000
820 181
741 260
61 27
474 527
172 217
152 849
55 742
1 395
9 728
766 216
1 65
1 145
438 41
470 426
1 259
71 627
1 1000
1 994
1 1000
404 43
1 116
1 1000
449 123
1 1000
697 189
1 1000
223 90
456 302
319 682
698 228
1 1000
1 348
428 573
1 277
1 489
500 276
204 797
531 470
1 23
1 291
346 655
1 1000
245 109
40 899
243 489
61 30
1 212
414 485
141 651
407 236
314 687
1 1000
572 213
681 320
796 205
873 96
861 140
1 1000
778 54
180 335
1 379
1 278
1 1000
1 291
1 289
1 1000
57 451
917 84
23 978
966 35
1 865
89 321
1 457
500 501
604 397
1 384
1 475
961 40
1 1000
1 508
381 283
466 294
251 17
1 590
1 619
318 194
346 394
613 388
1 374
1 83
1 180
1 60
311 27
424 577
828 173
1 611
369 632
1 1000
1 1000
472 23
146 396
1 212
54 864
1 311
56 201
382 619
1 100
224 777
673 328
663 75
362 239
1 723
718 283
1 1000
1 1000
1 972
1 1000
330 172
1 16
132 541
896 8
1 158
1 245
1 307
263 738
554 169
991 10
292 709
313 170
1 844
10 430
591 58
171 395
1 769
698 303
1 535
818 49
1 98
146 50
870 131
1 329
80 136
710 90
1 24
845 81
1 190
284 717
354 23
1 69
52 437
343 658
677 324
1 591
1 33
1 1000
726 275
816 185
180 608
1 172
1 782
497 504
873 128
1 1000
1 3
1 165
633 239
837 117
1 197
1 736
1 557
1 886
1 96
121 266
84 142
1 959
438 563
1 198
427 574
1 325
1 453
600 128
1 1000
389 612
85 465
764 114
1 124
449 552
1 851
905 96
683 318
464 537
447 292
639 362
1 486
893 108
1 422
164 837
1 916
592 409
38 254
1 2
628 13
492 363
1 29
1 151
1 1000
628 277
1 31
873 3
772 88
929 72
644 134
1 1000
716 285
55 66
47 28
1 212
1 223
348 232
287 714
791 210
45 57
529 116
42 161
109 892
57 559
668 333
1 325
95 627
1 424
1 455
933 68
1 603
402 259
714 271
69 700
958 43
512 99
929 23
587 100
821 180
898 103
586 112
732 94
1 1000
1 269
511 376
777 224
184 480
1 188
1 1000
33 860
689 242
1 1000
774 227
1 1000
539 462
1 112
1 1000
111 191
917 84
824 148
46 152
840 78
1 253
836 165
267 295
847 5
778 223
587 414
733 49
1 111
427 574
1 1000
991 8
1 45
119 58
702 149
1 804
631 370
84 196
1 487
240 464
1 451
1 61
41 960
949 52
630 371
526 475
964 37
895 106
1 68
57 944
591 410
738 263
5 243
1 627
436 565
394 519
922 79
1 103
282 19
1 1000
1 184
268 560
926 75
1 1000
994 7
113 330
1 125
1 171
274 73
1 499
1 953
611 157
432 569
795 206
173 374
469 41
1 63
746 255
237 747
1 388
95 906
39 129
444 557
215 786
719 282
1 504
197 89
698 17
494 297
994 7
814 187
538 79
849 152
1 379
564 169
121 880
597 404
1 345
936 65
1 16
1 220
364 92
65 936
156 485
1 339
88 257
1 601
981 20
1 277
528 377
1 20
