102 1002
792 102
790 102
794 102
898 98
896 76
894 80
899 96
794 102
795 102
898 72
894 61
892 75
796 102
797 102
900 89
794 102
789 102
898 63
900 68
792 102
898 102
790 102
897 74
791 102
792 102
796 102
896 67
794 102
789 102
900 59
899 85
792 102
790 102
893 73
893 63
789 102
790 102
899 100
791 102
795 102
791 102
898 87
896 57
793 102
793 102
899 91
798 102
797 102
892 65
899 70
900 76
891 67
895 93
896 84
790 102
899 61
789 102
790 102
792 102
898 80
789 102
897 82
793 102
790 102
898 93
792 102
790 102
793 102
791 102
791 102
894 88
893 82
793 102
897 100
897 89
796 102
895 69
900 101
895 78
897 95
900 98
895 86
897 65
896 97
896 91
900 83
894 71
899 103
791 102
795 102
900 94
895 59
789 102
899 78
790 102
795 102
793 102
791 102
900 103
794 102
791 102
792 102
