1006 5000
177 647
644 500
533 500
87 827
912 500
993 500
133 735
313 375
814 500
662 500
371 259
426 149
268 465
510 500
130 741
528 500
966 500
758 500
797 500
755 500
94 813
350 301
469 63
295 411
198 605
388 225
677 500
493 15
965 500
381 239
917 500
459 83
858 500
1002 500
95 811
418 165
990 500
678 500
380 241
728 500
212 577
46 909
654 500
524 500
851 500
219 563
86 829
59 883
986 500
641 500
327 347
419 163
783 500
477 47
237 527
420 161
310 381
905 500
231 539
246 509
359 283
39 923
893 500
516 500
700 500
801 500
84 833
202 597
928 500
954 500
307 387
646 500
707 500
317 367
65 871
607 500
8 985
502 500
119 763
414 173
667 500
553 500
178 645
643 500
518 500
213 575
467 67
754 500
656 500
240 521
652 500
413 175
239 523
36 929
83 835
899 500
194 613
664 500
448 105
692 500
279 443
703 500
862 500
522 500
500 1
488 25
425 151
494 13
432 137
983 500
306 389
490 21
68 865
719 500
456 89
608 500
812 500
787 500
715 500
517 500
861 500
624 500
791 500
392 217
298 405
405 191
945 500
962 500
610 500
924 500
989 500
472 57
149 703
101 799
753 500
658 500
165 671
800 500
916 500
583 500
324 353
480 41
53 895
532 500
140 721
271 459
242 517
585 500
34 933
13 975
55 891
43 915
982 500
19 963
143 715
210 581
442 117
277 447
886 500
479 43
458 85
826 500
541 500
969 500
399 203
107 787
193 615
382 237
145 711
846 500
870 500
139 723
232 537
495 11
894 500
244 513
958 500
757 500
258 485
925 500
270 461
40 921
520 500
241 519
625 500
712 500
197 607
80 841
750 500
810 500
531 500
137 727
867 500
341 319
411 179
273 455
663 500
575 500
647 500
2 997
449 103
492 17
90 821
437 127
525 500
724 500
127 747
491 19
555 500
919 500
131 739
444 113
866 500
378 245
31 939
779 500
603 500
539 500
504 500
401 199
665 500
318 365
403 195
150 701
412 177
835 500
799 500
769 500
396 209
50 901
102 797
619 500
551 500
116 769
123 755
285 431
902 500
215 571
486 29
766 500
987 500
146 709
195 611
163 675
659 500
376 249
550 500
417 167
436 129
629 500
930 500
897 500
621 500
400 201
1003 500
747 500
33 935
280 441
994 500
844 500
243 515
936 500
335 331
267 467
410 181
642 500
233 535
424 153
515 500
872 500
27 947
69 863
67 867
440 121
363 275
304 393
82 837
620 500
564 500
12 977
771 500
743 500
326 349
803 500
188 625
974 500
638 500
505 500
777 500
398 205
49 903
221 559
468 65
660 500
655 500
906 500
24 953
222 557
929 500
134 733
923 500
109 783
428 145
429 143
951 500
183 635
47 907
4 993
406 189
679 500
272 457
309 383
379 243
121 759
738 500
336 329
704 500
594 500
73 855
228 545
321 359
312 377
152 697
476 49
841 500
71 859
935 500
836 500
760 500
944 500
615 500
891 500
314 373
834 500
151 699
427 147
168 665
933 500
54 893
229 543
566 500
540 500
292 417
613 500
191 619
481 39
289 423
770 500
849 500
319 363
453 95
325 351
898 500
807 500
41 919
572 500
5 991
190 621
207 587
111 779
580 500
536 500
673 500
685 500
698 500
144 713
342 317
349 303
847 500
598 500
201 599
311 379
496 9
523 500
76 849
158 685
666 500
626 500
35 931
322 357
99 803
287 427
209 583
391 219
269 463
253 495
173 655
294 413
234 533
817 500
855 500
252 497
895 500
706 500
70 861
286 429
283 435
714 500
557 500
200 601
837 500
922 500
174 653
261 479
782 500
597 500
361 279
128 745
125 751
106 789
538 500
630 500
223 555
274 453
421 159
25 951
142 717
687 500
100 801
581 500
878 500
171 659
562 500
296 409
850 500
591 500
938 500
196 609
671 500
616 500
829 500
301 399
827 500
609 500
384 233
461 79
584 500
32 937
772 500
245 511
988 500
699 500
763 500
26 949
774 500
182 637
744 500
257 487
22 957
991 500
733 500
260 481
650 500
684 500
859 500
315 371
558 500
742 500
940 500
798 500
203 595
727 500
447 107
606 500
632 500
668 500
362 277
823 500
693 500
686 500
563 500
460 81
346 309
334 333
511 500
256 489
470 61
338 325
521 500
482 37
565 500
167 667
708 500
874 500
112 777
431 139
148 705
92 817
484 33
696 500
865 500
578 500
115 771
926 500
892 500
586 500
599 500
20 961
79 843
166 669
567 500
340 321
445 111
718 500
88 825
688 500
734 500
58 885
455 91
614 500
998 500
247 507
534 500
276 449
1001 500
155 691
701 500
529 500
373 255
694 500
462 77
483 35
227 547
409 183
369 263
230 541
804 500
64 873
973 500
29 943
235 531
204 593
62 877
854 500
332 337
138 725
960 500
705 500
908 500
978 500
941 500
452 97
839 500
365 271
963 500
113 775
96 809
446 109
907 500
805 500
208 585
764 500
869 500
640 500
537 500
157 687
932 500
374 253
129 743
856 500
501 500
9 983
466 69
576 500
946 500
645 500
439 123
843 500
72 857
900 500
561 500
690 500
752 500
11 979
284 433
117 767
118 765
618 500
91 819
889 500
697 500
478 45
354 293
569 500
577 500
108 785
457 87
122 757
952 500
848 500
864 500
710 500
977 500
680 500
214 573
883 500
16 969
808 500
968 500
579 500
265 471
981 500
682 500
914 500
651 500
451 99
52 897
961 500
806 500
499 3
788 500
657 500
568 500
970 500
976 500
297 407
676 500
370 261
162 677
300 401
408 185
767 500
833 500
819 500
187 627
18 965
416 169
293 415
604 500
730 500
1 999
512 500
776 500
830 500
649 500
323 355
367 267
61 879
595 500
971 500
853 500
721 500
884 500
282 437
48 905
786 500
903 500
593 500
842 500
172 657
546 500
737 500
716 500
218 565
225 551
950 500
85 831
745 500
879 500
98 805
249 503
205 591
156 689
648 500
387 227
278 445
792 500
81 839
1004 500
617 500
397 207
435 131
611 500
794 500
910 500
360 281
160 681
465 71
3 995
394 213
153 695
66 869
356 289
890 500
571 500
422 157
28 945
739 500
904 500
992 500
393 215
545 500
627 500
37 927
590 500
901 500
927 500
948 500
554 500
454 93
911 500
720 500
937 500
189 623
811 500
530 500
217 567
845 500
93 815
179 643
931 500
259 483
726 500
634 500
709 500
636 500
497 7
612 500
475 51
316 369
402 197
154 693
623 500
78 845
44 913
485 31
653 500
942 500
344 313
639 500
199 603
433 135
407 187
633 500
943 500
857 500
622 500
250 501
746 500
689 500
248 505
211 579
535 500
631 500
600 500
366 269
1006 500
291 419
637 500
508 500
732 500
831 500
605 500
735 500
547 500
443 115
181 639
377 247
840 500
135 731
795 500
762 500
6 989
438 125
264 473
254 493
75 851
498 5
790 500
875 500
825 500
389 223
351 299
543 500
450 101
386 229
934 500
751 500
918 500
299 403
882 500
552 500
980 500
749 500
415 171
949 500
589 500
348 305
740 500
984 500
759 500
507 500
802 500
63 875
909 500
238 525
226 549
785 500
329 343
1000 500
473 55
330 341
290 421
175 651
375 251
395 211
15 971
385 231
995 500
527 500
132 737
364 273
110 781
695 500
185 631
441 119
263 475
781 500
489 23
103 795
542 500
596 500
97 807
877 500
305 391
463 75
390 221
601 500
503 500
141 719
357 287
628 500
136 729
793 500
967 500
45 911
947 500
669 500
57 887
881 500
549 500
775 500
474 53
14 973
343 315
368 265
588 500
159 683
573 500
21 959
913 500
670 500
513 500
964 500
761 500
224 553
10 981
713 500
997 500
885 500
921 500
281 439
999 500
164 673
74 853
789 500
741 500
372 257
544 500
30 941
506 500
347 307
345 311
876 500
339 323
816 500
383 235
170 661
42 917
896 500
302 397
434 133
358 285
996 500
526 500
559 500
635 500
939 500
681 500
809 500
784 500
979 500
184 633
487 27
423 155
731 500
852 500
832 500
956 500
77 847
722 500
266 469
251 499
353 295
729 500
220 561
873 500
124 753
821 500
308 385
702 500
880 500
262 477
514 500
328 345
7 987
915 500
813 500
582 500
23 955
331 339
972 500
509 500
725 500
192 617
519 500
560 500
828 500
871 500
38 925
352 297
674 500
333 335
176 649
838 500
275 451
955 500
920 500
255 491
60 881
186 629
56 889
51 899
556 500
820 500
602 500
661 500
570 500
464 73
717 500
303 395
672 500
105 791
736 500
818 500
355 291
169 663
975 500
114 773
288 425
683 500
711 500
868 500
959 500
888 500
723 500
548 500
691 500
765 500
824 500
89 823
773 500
147 707
863 500
1005 500
320 361
587 500
430 141
887 500
236 529
161 679
778 500
120 761
860 500
822 500
206 589
768 500
404 193
126 749
216 569
592 500
985 500
337 327
675 500
471 59
796 500
756 500
574 500
780 500
748 500
17 967
104 793
957 500
953 500
815 500
180 641
