102 1001
109 102
7 100
30 80
113 102
112 102
108 102
24 84
42 65
104 102
108 102
13 93
110 102
110 102
33 74
111 102
113 102
107 102
112 102
12 95
44 61
50 59
16 93
10 94
112 102
108 102
47 65
107 102
113 102
23 86
31 78
113 102
18 89
108 102
19 87
113 102
109 102
36 68
11 97
109 102
9 96
111 102
110 102
111 102
112 102
45 59
29 82
107 102
35 70
106 102
14 91
111 102
43 63
109 102
108 102
107 102
113 102
111 102
38 73
32 76
6 98
39 71
111 102
5 100
106 102
109 102
48 63
3 101
40 69
2 103
20 85
8 98
110 102
49 61
15 89
41 67
4 102
17 91
105 102
110 102
28 76
26 80
105 102
25 82
111 102
112 102
112 102
112 102
34 72
37 75
51 57
110 102
106 102
109 102
112 102
1 103
22 88
21 83
27 78
111 102
110 102
112 102
46 67
