1000000000 5000
1741825
2870677
4011379
23026
3245255
141921
948097
2550200
3232369
1
1863745
1321513
31917
2080001
2551957
2838637
3018571
649421
510977
2807714
1610481
175073
3819993
1876322
43761
2686226
2524161
3682621
3222041
2788164
14925
3914753
2418380
2219667
3853611
1082433
872740
1933441
322000
148177
457025
487577
260873
2394885
527185
1854529
1
3113337
1011025
1929269
3099137
87019
413722
2126201
2681916
4021129
89857
2692681
863511
1428033
15221
63385
740545
508586
66161
4463674
1999297
4473177
4767489
1505745
3250185
4639345
696879
242561
4465706
1587201
4809371
88009
4678459
565246
1726629
710849
4243059
3002359
63067
3045425
1004587
64661
2536961
1958400
194817
1458540
2137020
1145635
3552084
133946
560
2001009
2620929
4954157
1500335
4574345
2156281
32113
70299
3227953
445953
61391
514305
1458963
4873577
1582713
1
31251
4338065
302249
849849
3164321
4633089
1347777
3951760
4422069
1482049
5112376
403073
46829
2479575
4391507
2429841
1
2707452
5717764
1890272
5893489
5036145
2740529
5625901
6250
4464862
75057
5809797
2859764
3246081
28281
30278
1389099
2212925
1834637
238001
6571689
5250049
4353262
6029500
6680065
1
1
2331391
6496698
6118805
4697399
6908072
959233
1064495
2926154
4616140
2513893
27269
94749
2287065
6359423
652801
3791377
257641
1
3378091
358849
8234577
79937
4072321
3077633
3227200
5466673
4738393
6594189
1947
7111809
7615517
4575749
7696275
2588961
1864705
5588417
286465
6775845
5469884
508745
8780661
4269335
59905
2943943
6140476
4537769
928129
22265
442129
4464249
2917346
5850973
201229
7991553
3322625
698045
10670753
11083
7763
6309409
2015877
3343267
11375845
13197563
12223209
6767115
1659201
126313
6697857
425601
10693281
5120955
14757889
7180097
8013943
112321
379953
8523
22238944
21392210
11101396
5625953
679425
5155217
7722291
22656874
2869877
8048383
17168927
20942625
4137985
121473
76914019
126718848
-250
-249
-248
-247
-246
-245
-244
-243
-242
-241
-240
-239
-238
-237
-236
-235
-234
-233
-232
-231
-230
-229
-228
-227
-226
-225
-224
-223
-222
-221
-220
-219
-218
-217
-216
-215
-214
-213
-212
-211
-210
-209
-208
-207
-206
-205
-204
-203
-202
-201
-200
-199
-198
-197
-196
-195
-194
-193
-192
-191
-190
-189
-188
-187
-186
-185
-184
-183
-182
-181
-180
-179
-178
-177
-176
-175
-174
-173
-172
-171
-170
-169
-168
-167
-166
-165
-164
-163
-162
-161
-160
-159
-158
-157
-156
-155
-154
-153
-152
-151
-150
-149
-148
-147
-146
-145
-144
-143
-142
-141
-140
-139
-138
-137
-136
-135
-134
-133
-132
-131
-130
-129
-128
-127
-126
-125
-124
-123
-122
-121
-120
-119
-118
-117
-116
-115
-114
-113
-112
-111
-110
-109
-108
-107
-106
-105
-104
-103
-102
-101
-100
-99
-98
-97
-96
-95
-94
-93
-92
-91
-90
-89
-88
-87
-86
-85
-84
-83
-82
-81
-80
-79
-78
-77
-76
-75
-74
-73
-72
-71
-70
-69
-68
-67
-66
-65
-64
-63
-62
-61
-60
-59
-58
-57
-56
-55
-54
-53
-52
-51
-50
-49
-48
-47
-46
-45
-44
-43
-42
-41
-40
-39
-38
-37
-36
-35
-34
-33
-32
-31
-30
-29
-28
-27
-26
-25
-24
-23
-22
-21
-20
-19
-18
-17
-16
-15
-14
-13
-12
-11
-10
-9
-8
-7
-6
-5
-4
-3
-2
-1
3309057
1747187
1288272
3776097
13411
170305
932097
3481216
615011
1455033
889
3687772
68578
1794200
765815
3954617
2629121
1
1225361
3636458
3880615
310117
1474335
81241
2888415
2075403
521964
13029
47053
3462649
3222255
352389
28630
4219425
2564337
2345084
3904171
4359219
1122046
1271013
1302086
158145
2976961
3256264
3920029
413009
4241657
276673
1479446
2698241
4453
1761195
2705409
993962
2285349
1621602
2896249
3839841
84540
131785
4208093
2855845
5586
2086760
2249985
22157
3199755
1130625
1268225
2807697
1689363
4213653
164281
326724
2509425
809089
609421
4432351
1637969
3011825
22081
437325
4772209
57486
4717871
237937
2825729
3935857
295457
56737
4478024
4713998
397953
16845
4647008
462337
4981845
107045
829217
642953
2231169
2939829
32041
4711263
1205169
4503672
45465
12809
3782801
2751361
4782861
1581103
968154
815866
2449420
2666774
588673
1724993
4474369
1075263
249113
4563095
369
3927154
37741
1205769
4926701
2388825
241853
3721861
962687
972073
2732656
895853
114081
2490431
6123586
3603425
48877
641097
1313786
6564728
5501249
4505805
66403
5447195
1207143
2027869
2541557
5630690
6393786
5259265
6656001
6444518
1298241
1639749
1
6105033
381185
1896337
700862
6087011
4693558
461885
4670349
903233
1929425
215889
6161672
484417
1656699
56417
707068
3855781
3720249
54217
251835
4097153
8521918
1410950
4869452
1
20075
6511009
7595580
248033
1007041
6732609
59087
1
142553
2474093
176481
4334155
6980951
41939
7448169
10126221
1
6528891
6754727
1451773
3898663
201985
7403
11132427
1172326
145825
1943553
4674045
599233
6798713
13314
1446535
7625159
9572305
636513
636001
7861033
5536257
11503873
5480449
30043
27994
3553793
4920645
1980237
312257
16379905
17085099
11199605
1592961
158273
20188037
6497723
16121534
31464
8666273
46183
13421563
2290783
29488518
13104507
20208605
60225
9398529
184905
120545
24442149
1
-501
-502
-503
-504
-505
-506
-507
-508
-509
-510
-511
-512
-513
-514
-515
-516
-517
-518
-519
-520
-521
-522
-523
-524
-525
-526
-527
-528
-529
-530
-531
-532
-533
-534
-535
-536
-537
-538
-539
-540
-541
-542
-543
-544
-545
-546
-547
-548
-549
-550
-551
-552
-553
-554
-555
-556
-557
-558
-559
-560
-561
-562
-563
-564
-565
-566
-567
-568
-569
-570
-571
-572
-573
-574
-575
-576
-577
-578
-579
-580
-581
-582
-583
-584
-585
-586
-587
-588
-589
-590
-591
-592
-593
-594
-595
-596
-597
-598
-599
-600
-601
-602
-603
-604
-605
-606
-607
-608
-609
-610
-611
-612
-613
-614
-615
-616
-617
-618
-619
-620
-621
-622
-623
-624
-625
-626
-627
-628
-629
-630
-631
-632
-633
-634
-635
-636
-637
-638
-639
-640
-641
-642
-643
-644
-645
-646
-647
-648
-649
-650
-651
-652
-653
-654
-655
-656
-657
-658
-659
-660
-661
-662
-663
-664
-665
-666
-667
-668
-669
-670
-671
-672
-673
-674
-675
-676
-677
-678
-679
-680
-681
-682
-683
-684
-685
-686
-687
-688
-689
-690
-691
-692
-693
-694
-695
-696
-697
-698
-699
-700
-701
-702
-703
-704
-705
-706
-707
-708
-709
-710
-711
-712
-713
-714
-715
-716
-717
-718
-719
-720
-721
-722
-723
-724
-725
-726
-727
-728
-729
-730
-731
-732
-733
-734
-735
-736
-737
-738
-739
-740
-741
-742
-743
-744
-745
-746
-747
-748
-749
-750
85857
1219025
35666
1827969
25025
1128699
1949683
24662
1819069
1332225
854419
861712
1819771
37005
1611923
506073
1056670
106641
1603271
26617
29840
766513
1109348
1086568
1651740
1405691
26277
528897
808946
163534
533761
1359376
1184750
1471554
244321
673985
1566704
838081
2018469
1809429
124939
357909
363061
343281
1955213
1113210
727041
1742621
1497959
1769793
778711
40291
1288189
1726063
2038871
415396
544541
1
127041
1706656
1400073
2128266
1293697
320737
2036228
1095143
556737
1804485
560231
451503
1544829
1804025
2019689
296185
759249
429233
386945
2088364
1545745
23433
1215160
1025839
80545
826626
179721
424369
1585409
2169926
2046401
622409
380885
320655
951077
811745
2124101
2125740
25199
445186
1640001
1022113
883997
147465
62225
2180477
72765
834561
20071
1195789
37761
824291
1539271
72937
2231973
958741
56795
1059180
967553
1088180
452751
126883
802561
2112975
2039873
884585
181025
756473
265856
778593
742433
559508
1433009
962307
2151333
1808793
668970
358865
484253
64425
301697
1834433
117448
1596514
2366609
937445
50917
26297
388352
751138
142377
1517961
1762603
1
1673129
1853121
106209
2140161
59622
1355126
110545
164541
692276
27697
1116001
1493449
404529
2083417
1531897
1076018
256305
1246881
1
111286
13959
71345
462865
29619
787203
23841
37851
1058270
1264721
120321
130825
2448897
383569
221313
649345
87769
1162995
708117
4597
1099623
1090881
1736872
795325
572553
91030
880215
1389290
175873
42301
2128903
2029622
1256401
1
2418731
17399
127931
992443
525161
392529
331313
1280407
1023857
1243093
356119
419191
1751713
1174239
744789
2662433
775239
649009
2330568
1791937
2759393
1335354
793825
2239533
1407694
1162161
1658133
2195289
580415
227777
30389
497918
9214
1665829
223713
2723117
2109039
231399
442537
457849
1689097
383873
56049
2136799
2529134
150377
1
955913
1408748
1356930
58522
2240879
2498786
2401273
326849
22291
15064
1805933
2660135
1
3039763
1658105
1810785
698106
989313
704695
1848608
693281
2769114
828336
365153
1489153
1677951
564310
2939905
1346496
672194
40080
1418209
2347009
2121125
434225
131905
3256028
2317159
6105
453255
957399
666193
181137
2382486
715195
3072465
248562
2913481
1
896385
1594601
2620069
111585
1527041
727626
942296
156922
3028469
1714637
87093
1728705
48941
1
221220
258033
131669
3284993
2959553
3391166
1746467
1596134
3372723
2292595
907905
2564097
1086233
158553
54229
739425
2653217
478465
291181
2707216
1419163
1
726529
691385
640057
975873
120558
2605867
1900
1075329
19329
1842753
2996806
532597
3358721
2148032
2261789
11445
1679789
2539397
172555
3840297
1384185
3737509
1762828
30625
1482753
1717493
135857
78101
3602565
946117
4530317
3675137
1650053
1521889
1750819
2085889
1380261
454401
4173313
2759196
1768769
4157098
42271
123929
3035363
3320515
315966
2885745
2397589
4275135
941988
172393
121937
4372108
35745
10759
1525304
2886697
1990884
510945
489601
1503425
1234265
3024678
2399353
513435
4244065
29505
2791065
563691
18879
366141
2101945
5675
1672897
4459973
1184278
5988295
1173708
372417
1123885
24259
28269
3152605
425283
2294499
6219187
17797
335693
182945
6721563
2441905
6036805
2358985
5799425
1
1
786689
34081
3812097
1387753
53041
7036491
4596813
5602001
3979815
7424103
2278352
3505986
318501
2197429
7078886
2632550
3120749
117333
6790321
4570985
131793
3905326
1734017
427567
1
4343505
6405719
6157001
2623367
3501718
332753
9294160
257553
702785
45769
9952305
2526461
11478633
555521
336785
98937
5618624
7263413
5606855
13062785
2966927
11537788
13318
13243393
1508561
16808790
8749096
6754561
10067855
14472410
703777
13793613
14562961
13374167
6553584
29600717
24078
25440866
13591154
12076833
9474849
-1021
-1061
-1469
-1350
-1275
-1489
-1169
-1357
-1026
-1273
-1092
-1257
-1305
-1160
-1090
-1118
-1411
-1135
-1146
-1423
-1302
-1001
-1263
-1108
-1002
-1419
-1338
-1255
-1139
-1492
-1082
-1067
-1079
-1286
-1163
-1207
-1089
-1143
-1009
-1137
-1183
-1132
-1479
-1041
-1083
-1462
-1432
-1144
-1282
-1421
-1110
-1191
-1363
-1398
-1117
-1476
-1232
-1202
-1499
-1248
-1290
-1442
-1342
-1313
-1486
-1205
-1315
-1107
-1264
-1481
-1353
-1246
-1159
-1003
-1397
-1058
-1214
-1010
-1408
-1036
-1201
-1321
-1488
-1203
-1386
-1238
-1429
-1004
-1172
-1287
-1005
-1125
-1289
-1434
-1011
-1096
-1347
-1070
-1293
-1493
-1472
-1208
-1111
-1284
-1258
-1236
-1152
-1047
-1017
-1077
-1055
-1322
-1457
-1453
-1381
-1158
-1177
-1228
-1053
-1323
-1306
-1260
-1283
-1136
-1101
-1331
-1402
-1249
-1006
-1256
-1227
-1364
-1048
-1234
-1359
-1104
-1185
-1149
-1221
-1416
-1314
-1329
-1217
-1080
-1226
-1109
-1368
-1345
-1490
-1097
-1452
-1307
-1436
-1301
-1412
-1081
-1057
-1319
-1254
-1478
-1393
-1484
-1182
-1154
-1195
-1330
-1339
-1456
-1310
-1085
-1392
-1259
-1441
-1200
-1072
-1265
-1043
-1292
-1494
-1029
-1007
-1066
-1418
-1100
-1439
-1008
-1316
-1114
-1212
-1074
-1377
-1443
-1333
-1037
-1014
-1370
-1355
-1352
-1134
-1334
-1012
-1406
-1181
-1498
-1046
-1261
-1475
-1184
-1395
-1324
-1487
-1209
-1062
-1304
-1482
-1102
-1129
-1187
-1140
-1013
-1358
-1433
-1244
-1127
-1362
-1022
-1344
-1219
-1241
-1113
-1098
-1024
-1369
-1448
-1485
-1156
-1365
-1376
-1298
-1480
-1033
-1040
-1388
-1253
-1015
-1142
-1094
-1470
-1237
-1124
-1251
-1417
-1437
-1396
-1174
-1361
-1458
-1247
-1193
-1222
-1378
-1483
-1218
-1115
-1130
-1366
-1073
-1018
-1281
-1341
-1379
-1374
-1382
-1224
-1413
-1056
-1291
-1075
-1389
-1288
-1045
-1078
-1131
-1242
-1430
-1403
-1049
-1367
-1454
-1477
-1348
-1121
-1133
-1162
-1373
-1068
-1060
-1444
-1112
-1099
-1210
-1473
-1025
-1354
-1252
-1383
-1449
-1086
-1332
-1340
-1407
-1213
-1179
-1474
-1206
-1016
-1346
-1145
-1336
-1274
-1019
-1337
-1460
-1424
-1157
-1496
-1280
-1031
-1299
-1279
-1440
-1268
-1192
-1175
-1394
-1414
-1164
-1317
-1267
-1076
-1020
-1052
-1188
-1294
-1385
-1028
-1266
-1272
-1151
-1087
-1103
-1277
-1450
-1351
-1285
-1390
-1404
-1071
-1165
-1428
-1343
-1420
-1189
-1093
-1065
-1401
-1088
-1194
-1466
-1095
-1034
-1166
-1235
-1023
-1459
-1409
-1027
-1360
-1497
-1044
-1215
-1030
-1051
-1495
-1387
-1231
-1229
-1199
-1468
-1120
-1091
-1239
-1422
-1427
-1186
-1050
-1176
-1197
-1084
-1150
-1243
-1126
-1431
-1180
-1032
-1198
-1161
-1467
-1170
-1223
-1445
-1500
-1451
-1171
-1405
-1375
-1270
-1325
-1415
-1063
-1309
-1138
-1296
-1438
-1105
-1230
-1380
-1064
-1035
-1278
-1425
-1225
-1240
-1039
-1269
-1410
-1038
-1122
-1106
-1297
-1372
-1250
-1168
-1465
-1262
-1271
-1312
-1167
-1116
-1447
-1300
-1141
-1211
-1155
-1128
-1204
-1153
-1400
-1463
-1148
-1178
-1426
-1147
-1461
-1245
-1327
-1471
-1054
-1384
-1491
-1435
-1328
-1295
-1356
-1190
-1399
-1042
-1464
-1446
-1173
-1318
-1371
-1276
-1326
-1059
-1311
-1335
-1233
-1320
-1123
-1391
-1196
-1069
-1220
-1119
-1216
-1303
-1308
-1349
-1455
876673
1
24273
117190
403829
246961
532515
168513
1504671
1953569
1164167
487027
581965
659559
116921
2007953
1224321
341825
1622622
46001
1082823
397555
91768
1675427
1425629
809537
1134828
1135233
133113
386593
25838
1991937
1596801
121281
909313
1410385
109065
161082
1649749
603713
508533
1647969
434946
605814
314439
2103885
299265
1037663
1977432
145973
464382
490425
895419
1332225
27760
50613
2087104
507265
214073
2012660
533143
580432
5603
1394967
909825
19615
1497287
2002042
777723
875099
621834
161145
456835
240353
1735860
1848499
1765321
17833
1222271
2042627
1558865
829881
405537
192721
835329
1727681
889217
656801
1887611
1690586
765531
1376577
11437
95189
562497
1374673
1756103
1573384
1773949
719422
1532705
631085
379513
2029267
1072051
1848942
501681
2216391
1650634
1945533
8035
793392
269180
744115
509589
1014809
1786042
2061128
1719903
1821017
1586129
758017
361424
320018
594345
2297486
332190
84797
1333393
706825
185986
1327385
423560
1034249
519022
1967232
1695361
1193869
35555
2056985
994305
1243669
82585
1849085
134330
1669872
188017
222529
1616607
1
2252393
27155
899009
151115
610876
686433
51797
847745
2486206
1700179
1909557
501861
1823468
1729273
1970001
81803
1374223
2398109
2093053
993089
2392789
280168
1046613
1698689
761969
826393
57427
1251424
1803987
1008531
57111
492657
890285
1579893
1151105
1223552
1835065
1176204
496525
2081221
2301477
523921
2355861
1682783
888667
554041
2175697
1743908
95431
1548200
1242819
138617
1931649
2016110
1501506
1463445
901153
6783
28329
342769
197617
265121
672490
142337
583537
475040
1290690
1030406
2036417
1369217
149977
987953
52757
727120
667541
1969343
1536743
1
2431589
493265
1
1373297
5439
206561
10043
663193
1886681
1739877
903937
2813449
2744245
767108
317837
758234
2317100
2250027
840469
774925
17785
619201
104473
2477805
2291409
2740105
1484490
2980673
117584
2383993
859681
2313592
1701377
2786187
358321
1737017
2132563
964129
1974325
495105
2482741
1778061
963499
5549
2571268
415893
2647393
1213384
1841921
128753
2958865
1532665
868223
1951921
28033
2475137
795617
694119
1359270
105920
135073
63187
1148198
252125
432286
2000433
2975609
1402337
187377
2397441
2424001
1624215
455773
137025
2254911
2756869
3001149
1107073
3387121
3162474
185475
3448611
7527
2926791
3273226
8129
48425
3172619
239445
946465
1046935
17017
240213
40365
282241
3202676
21665
1140353
820177
505743
3530639
648967
2000337
1
433478
1643631
1170605
3345599
1646101
1
3661953
1624766
2746980
1252673
27787
1385019
445569
20773
1392674
292616
1605121
1598336
46397
281711
3193049
3986242
250545
3606278
1360225
1920145
3247400
1947169
2174337
4173562
4782
1299265
629110
785185
2581409
2404398
1052853
1083772
112153
2885421
4212231
3533671
1966961
4466447
3810251
730435
2960097
4100383
2663085
315393
1952953
4241164
15701
982921
1711481
1289401
556545
3264041
40175
22561
2025793
2787457
3213307
4812811
99889
41025
16421
2098887
929601
3151112
66561
4781840
859201
2528989
568207
2749933
1990239
519129
3686799
4003870
4878061
2939953
499848
1931841
56141
2985671
124689
1880711
5655542
2430663
652479
1335905
3337654
2740225
3794363
4383775
5095953
781425
3401071
1844643
4590673
1177277
5991279
6265126
1500629
1639857
3589329
6247685
194348
4542549
2159775
6368667
3756597
3078311
4358391
4142074
305342
3955713
154145
164865
1011201
3063163
3183105
6216905
4529329
540289
10773
4360569
2937729
7450513
608478
2179365
4179941
9104260
1
5537440
228825
5834265
7046913
795873
65521
7522291
3062543
9093169
6377158
9733067
194161
5520641
135065
4812019
12822745
486401
1702962
4744193
13624167
7656201
15352239
467505
314705
18712923
21687
436993
5954959
6867457
40788059
11889817
13692929
35947
-2417
-2470
-2117
-2468
-2033
-2077
-2481
-2040
-2063
-2030
-2286
-2197
-2450
-2062
-2320
-2252
-2348
-2120
-2384
-2164
-2466
-2428
-2211
-2082
-2476
-2336
-2112
-2420
-2363
-2175
-2021
-2205
-2013
-2029
-2194
-2161
-2193
-2427
-2069
-2454
-2070
-2340
-2119
-2136
-2242
-2089
-2430
-2001
-2291
-2071
-2442
-2440
-2149
-2247
-2143
-2169
-2301
-2305
-2183
-2360
-2151
-2176
-2128
-2060
-2139
-2314
-2204
-2380
-2155
-2327
-2004
-2357
-2421
-2443
-2009
-2339
-2485
-2209
-2111
-2353
-2220
-2392
-2447
-2383
-2386
-2002
-2230
-2107
-2361
-2171
-2368
-2431
-2474
-2185
-2152
-2385
-2489
-2465
-2349
-2098
-2105
-2398
-2374
-2189
-2257
-2165
-2190
-2108
-2101
-2275
-2047
-2297
-2222
-2493
-2274
-2338
-2342
-2283
-2461
-2258
-2413
-2458
-2168
-2296
-2446
-2488
-2056
-2144
-2414
-2135
-2099
-2460
-2106
-2464
-2036
-2016
-2240
-2264
-2167
-2044
-2035
-2281
-2423
-2463
-2287
-2253
-2148
-2102
-2048
-2133
-2333
-2141
-2438
-2199
-2387
-2259
-2014
-2090
-2018
-2074
-2365
-2499
-2424
-2017
-2096
-2306
-2052
-2358
-2195
-2268
-2279
-2266
-2367
-2011
-2422
-2191
-2346
-2303
-2081
-2399
-2302
-2270
-2217
-2494
-2121
-2389
-2441
-2459
-2309
-2325
-2448
-2237
-2263
-2409
-2157
-2449
-2104
-2079
-2003
-2127
-2343
-2231
-2005
-2075
-2045
-2125
-2433
-2092
-2012
-2025
-2147
-2050
-2064
-2369
-2462
-2026
-2478
-2129
-2137
-2293
-2307
-2178
-2159
-2093
-2248
-2403
-2008
-2024
-2245
-2095
-2321
-2172
-2122
-2400
-2208
-2401
-2419
-2436
-2006
-2061
-2292
-2059
-2437
-2411
-2007
-2051
-2490
-2146
-2308
-2100
-2304
-2088
-2382
-2350
-2027
-2076
-2256
-2134
-2115
-2477
-2396
-2284
-2324
-2227
-2255
-2022
-2023
-2356
-2251
-2180
-2407
-2318
-2234
-2057
-2432
-2500
-2426
-2317
-2221
-2347
-2213
-2130
-2491
-2170
-2158
-2181
-2484
-2032
-2241
-2202
-2457
-2364
-2054
-2408
-2238
-2326
-2299
-2153
-2233
-2049
-2034
-2087
-2495
-2352
-2065
-2103
-2285
-2498
-2359
-2473
-2372
-2020
-2124
-2109
-2445
-2451
-2480
-2496
-2184
-2362
-2379
-2395
-2166
-2162
-2010
-2085
-2341
-2243
-2315
-2377
-2373
-2267
-2311
-2094
-2235
-2132
-2290
-2482
-2472
-2188
-2015
-2053
-2486
-2260
-2483
-2467
-2415
-2370
-2404
-2019
-2246
-2295
-2196
-2455
-2140
-2280
-2078
-2254
-2344
-2405
-2272
-2355
-2114
-2201
-2028
-2225
-2066
-2177
-2174
-2276
-2067
-2046
-2031
-2224
-2249
-2416
-2288
-2037
-2312
-2084
-2278
-2223
-2244
-2261
-2381
-2354
-2187
-2345
-2239
-2145
-2041
-2150
-2116
-2351
-2328
-2200
-2236
-2412
-2083
-2273
-2186
-2042
-2160
-2179
-2337
-2289
-2091
-2439
-2192
-2113
-2212
-2215
-2038
-2039
-2271
-2131
-2043
-2418
-2479
-2329
-2475
-2080
-2073
-2330
-2086
-2229
-2300
-2214
-2055
-2058
-2471
-2118
-2207
-2335
-2182
-2173
-2068
-2394
-2198
-2444
-2313
-2262
-2277
-2376
-2469
-2206
-2110
-2487
-2138
-2429
-2250
-2497
-2072
-2163
-2402
-2393
-2331
-2294
-2397
-2142
-2410
-2298
-2226
-2316
-2378
-2492
-2210
-2390
-2097
-2228
-2435
-2371
-2310
-2203
-2366
-2322
-2123
-2425
-2232
-2265
-2319
-2218
-2126
-2282
-2154
-2269
-2375
-2453
-2406
-2323
-2156
-2216
-2219
-2434
-2332
-2334
-2388
-2456
-2391
-2452
1754753
989456
71393
1316865
406873
1957226
622849
1469953
1156397
955649
1003681
71337
564561
849507
826305
683169
1352387
1524917
48125
316593
1277903
1232935
370832
17021
892257
20019
2046153
621172
194689
1264995
3147
35565
19124
1308769
1309600
118953
749189
21455
1491033
1360467
16683
1653321
1123699
191883
123833
51721
3321
1533797
31129
1395090
386321
207796
1374766
1575
547863
1256577
1903425
485584
486173
1390984
153057
820489
1761093
19386
1011425
1283463
191
424291
715841
343937
1392327
2036352
947218
769812
972161
2163343
1431041
457056
1386159
865
126369
2019111
722305
311809
963143
2061793
29901
987670
1
436177
563613
1
42209
1412669
459506
1310452
2003372
1506817
31456
2154073
131163
1318909
316473
699780
873453
1066017
1115551
630967
1378257
177407
1215345
1635145
1410010
1558851
1161617
2275379
237105
675107
39648
401254
65141
854207
214732
1605441
47369
32513
156158
2002689
20933
142809
80427
475059
1295273
793793
2509
425321
1828639
2413829
1528473
1711513
2266016
78257
145409
76263
2140861
1530103
458713
1527846
127297
1960893
329729
473921
2181774
1199093
1866453
77089
21593
1998509
1
1668289
11627
60725
234705
519495
1990394
152089
1940305
1875873
1091889
1568769
1347009
137985
52675
1660139
1807967
557121
946051
27578
2095205
1600775
278127
2394849
2027052
1
1859936
782996
631033
2618240
3438
1960747
2171201
1101057
1488185
2519
109409
2562171
2030720
495031
379649
22665
1491713
2703290
2572603
1517569
1105
1925
2495481
790627
1743561
1989377
31357
26553
631579
205150
808277
152129
1198170
1821021
1267713
73361
752145
858142
517486
2797777
1932888
23215
838734
2674305
1750573
1808452
2335745
782221
1313041
911673
151151
1322241
1682737
660161
1742439
929093
2006008
2401903
1227808
1515003
51637
1166786
202241
1995730
1936349
2942969
26993
31203
2659573
2014223
2398597
2979113
50752
4489
1794599
466961
1793141
2621431
2626449
825628
1114447
12919
1485123
3016953
2790419
363777
724583
1804949
14593
161977
123513
1728121
32133
371664
662248
882224
741059
64365
2041527
1027445
1688894
1111169
2631169
828961
2966707
804449
2400568
3037611
134566
2087375
3159297
1776733
1593178
1576359
40961
1376523
2599375
3256293
706373
1489399
3146437
1944193
366793
3333193
458109
2834284
1163485
1046426
91401
32513
3321937
944276
3420773
1663738
55423
1951475
425889
2014721
2591588
3093408
891297
1837825
300865
1194625
1189505
3448718
190977
1417202
304686
2183355
969151
766657
1184489
2275455
3417578
3230063
3237715
2798499
1236681
2090369
3029048
26706
386873
1993102
2626182
215935
1
3477821
1896488
2403663
1488699
41761
16853
1925965
2343177
1491272
1975813
2864193
3062017
76881
3912933
2054497
291401
1
3412255
23063
2991459
3115283
941111
1768741
1
4474417
1014401
724097
28059
4576868
456833
4480153
2695633
3751425
2662211
56577
738573
1954353
1852705
3169774
1415759
4228501
3910185
4395097
18481
3032763
900545
4854873
17844
3831971
3887361
338745
1518037
4750273
622747
3021313
3508404
880257
4150243
10911
4814549
1028902
1598574
4762418
17525
1047201
82313
2337361
151969
12764
949633
63745
183479
622647
676349
6203547
1660521
735717
5773833
1871342
5593569
903553
3982876
41661
1285121
2721482
3937473
6003849
3463180
1601945
2586139
5298399
5417697
3621414
1740783
22336
1111459
2413473
6170703
1026881
7693431
4435961
7739112
4725449
7600433
46165
7736705
148321
5233409
1445521
3658086
794247
5435473
1375825
500689
8900061
7276347
3456161
1450431
1418324
3821207
1
1343771
1617409
185953
4140545
2109441
11452417
12434214
3900417
11908380
1048861
13516535
2668453
7296001
14255213
4973989
57129
19649
18667619
18421907
39033
15233093
1
10437827
18449
55169
1009793
6436097
194113
-3193
-3215
-3451
-3431
-3065
-3046
-3385
-3186
-3001
-3181
-3014
-3440
-3117
-3097
-3283
-3121
-3301
-3216
-3199
-3142
-3373
-3131
-3342
-3079
-3473
-3296
-3067
-3425
-3460
-3470
-3043
-3101
-3114
-3362
-3355
-3222
-3230
-3058
-3227
-3293
-3107
-3250
-3398
-3417
-3127
-3095
-3386
-3461
-3109
-3024
-3497
-3246
-3358
-3281
-3441
-3252
-3073
-3488
-3096
-3330
-3401
-3300
-3240
-3116
-3455
-3020
-3094
-3399
-3263
-3436
-3103
-3236
-3064
-3178
-3037
-3235
-3098
-3084
-3496
-3148
-3482
-3382
-3165
-3366
-3422
-3347
-3027
-3424
-3388
-3159
-3167
-3017
-3115
-3214
-3288
-3120
-3282
-3209
-3491
-3411
-3225
-3006
-3036
-3394
-3303
-3450
-3030
-3237
-3189
-3492
-3002
-3297
-3003
-3267
-3130
-3370
-3335
-3458
-3383
-3480
-3292
-3008
-3091
-3213
-3468
-3270
-3453
-3161
-3374
-3004
-3005
-3414
-3365
-3312
-3359
-3204
-3311
-3124
-3435
-3217
-3018
-3071
-3139
-3325
-3019
-3376
-3321
-3132
-3409
-3218
-3048
-3149
-3026
-3415
-3268
-3137
-3371
-3202
-3499
-3141
-3044
-3479
-3353
-3345
-3221
-3033
-3391
-3381
-3110
-3011
-3367
-3052
-3295
-3054
-3185
-3500
-3180
-3055
-3302
-3337
-3007
-3475
-3153
-3228
-3276
-3456
-3430
-3245
-3164
-3051
-3287
-3387
-3023
-3323
-3279
-3158
-3118
-3377
-3155
-3432
-3463
-3016
-3074
-3361
-3009
-3319
-3310
-3299
-3069
-3368
-3032
-3329
-3224
-3333
-3324
-3182
-3219
-3459
-3477
-3126
-3223
-3111
-3351
-3194
-3207
-3426
-3112
-3407
-3160
-3265
-3495
-3113
-3285
-3169
-3378
-3196
-3454
-3075
-3134
-3278
-3400
-3360
-3269
-3140
-3099
-3135
-3085
-3356
-3080
-3257
-3232
-3151
-3203
-3452
-3346
-3412
-3087
-3290
-3433
-3338
-3010
-3443
-3066
-3298
-3405
-3384
-3332
-3059
-3138
-3192
-3166
-3274
-3471
-3352
-3012
-3280
-3357
-3249
-3315
-3447
-3478
-3259
-3013
-3145
-3260
-3485
-3243
-3031
-3273
-3248
-3316
-3191
-3050
-3465
-3174
-3041
-3105
-3429
-3343
-3015
-3308
-3340
-3070
-3201
-3266
-3049
-3021
-3179
-3177
-3081
-3380
-3029
-3128
-3025
-3437
-3326
-3172
-3467
-3146
-3077
-3198
-3045
-3197
-3251
-3464
-3035
-3170
-3494
-3072
-3334
-3022
-3349
-3438
-3082
-3419
-3184
-3404
-3176
-3331
-3462
-3313
-3305
-3028
-3034
-3147
-3336
-3092
-3427
-3238
-3423
-3106
-3304
-3108
-3168
-3086
-3314
-3406
-3487
-3208
-3188
-3242
-3489
-3229
-3125
-3446
-3104
-3309
-3175
-3341
-3122
-3466
-3348
-3038
-3493
-3157
-3284
-3484
-3253
-3039
-3481
-3469
-3057
-3428
-3442
-3143
-3129
-3275
-3047
-3152
-3291
-3483
-3210
-3190
-3162
-3476
-3322
-3327
-3445
-3344
-3439
-3040
-3239
-3211
-3090
-3042
-3150
-3060
-3062
-3244
-3053
-3369
-3350
-3294
-3144
-3307
-3490
-3262
-3397
-3133
-3234
-3408
-3231
-3289
-3200
-3379
-3171
-3056
-3395
-3220
-3212
-3472
-3474
-3061
-3156
-3389
-3226
-3063
-3256
-3421
-3173
-3449
-3498
-3154
-3306
-3261
-3364
-3457
-3271
-3434
-3255
-3372
-3272
-3068
-3089
-3102
-3403
-3195
-3402
-3420
-3205
-3254
-3076
-3088
-3241
-3286
-3119
-3375
-3390
-3078
-3277
-3418
-3187
-3233
-3363
-3136
-3123
-3083
-3410
-3416
-3320
-3354
-3448
-3444
-3486
-3093
-3258
-3328
-3206
-3100
-3318
-3247
-3339
-3163
-3317
-3183
-3396
-3264
-3393
-3413
-3392
12649473
13138855
105905
1
12378221
1026198
2818680
1
3130377
11701392
15594257
19610886
9937378
23428972
9867377
677793
4576917
24482649
11730584
122769
20811
4114911
3382273
5718017
23298049
4154525
30428772
117569
16438125
260971
1350657
21620651
34689989
1824554
251025
32238037
31568335
30600444
46619809
3599761
461256
47636119
48160198
103393
56342721
49945
18630730
1
152199683
520529
-4033
-4046
-4030
-4029
-4041
-4031
-4042
-4048
-4032
-4044
-4035
-4039
-4038
-4034
-4036
-4047
-4045
-4037
-4040
-4043
-4049
6630323
6436249
14061569
4281345
27942145
962357
17798764
232609
2430209
3159
20151089
97069
1167809
44466505
43847576
1
2138113
62101509
1391169
131942188
52372692
-4081
-4075
-4079
-4076
-4077
-4078
-4080
-4082
-4083
-4084
-4085
150049
19281
8020985
4992823
132961
2893067
6315539
9011857
13393811
21381
1
-4086
-4087
-4088
13133219
1073665
14205009
-4073
-4074
-4089
-4050
-4072
-4090
-4091
29378345
30818583
24293377
466097
12789201
429201
10834425
-4118
-4119
-4129
-4120
-4131
-4128
-4130
15089827
51381
13225834
9952769
10031760
9769
505857
-4147
9541
-4144
-4143
-4145
7178977
2160981
4764673
-4111
1311553
-4106
-4003
-4017
-4012
-4018
-4023
-4019
-4025
-4013
-4014
-4107
-4026
-4007
-4009
-4108
-4022
-4104
-4004
-4027
-4021
-4028
-4011
-4010
-4105
-4008
-4005
-4109
-4024
-4006
-4015
-4016
-4020
-4092
3282
906309
1
5506167
243842
1912257
6417427
6734719
599298
7225721
25040
261249
3862273
11814467
36381
3642857
5470465
10569429
8960047
16249
2827009
6534947
8372291
1
11045610
1
190289
18749157
29382068
6822705
482737
52811608
30489601
-4155
-4150
-4154
-4156
-4158
-4192
-4194
-4193
-4195
1763521
1
1
98565
1910331
1782299
4969229
2107729
6854705
-4202
20641
-4201
-4146
-4200
-4197
-4148
-4196
-4198
-4199
-4203
3196465
159857
55813
911019
3887706
41437
7470225
3332249
60889
-4001
-4002
-4110
65845
4823906
646145
-4256
-4254
-4237
-4236
-4255
-4238
-4258
-4239
-4241
-4240
-4244
-4242
-4257
1710650
49521
577490
749289
809537
895
2719997
995617
3424769
1968161
3273217
65361
6001153
-4209
-4112
-4207
-4216
-4224
-4212
-4142
-4221
-4132
-4113
-4206
-4215
-4205
-4114
-4267
-4259
-4285
-4133
-4211
-4283
-4268
-4219
-4223
-4234
-4213
-4134
-4282
-4261
-4220
-4204
-4235
-4214
-4208
-4210
-4262
-4217
-4260
-4218
-4284
-4222
-4266
1592321
4596225
489473
4726378
10815
222149
1826182
5327361
5369477
4524033
6615967
2205195
4905465
7999050
5261111
5992464
61937
3253369
4461134
83841
110417
9138585
1681953
408897
29931
2702554
3886337
58589
8626582
15736402
119953
8451411
11227531
19807
576321
14923637
26821609
10836757
3181057
936961
69292033
-4338
-4294
-4339
-4336
-4337
14917
192775
3953208
910340
4095661
-4385
630569
-4364
-4365
-4368
-4366
-4367
-4369
-4371
-4370
-4372
6737297
9558985
7550209
10251293
161457
8153292
7309
3544879
189073
-4352
-4286
-4340
-4346
-4350
-4342
-4287
-4357
-4373
-4293
-4358
-4354
-4351
-4288
-4348
-4341
-4355
-4289
-4359
-4347
-4290
-4343
-4292
-4291
-4345
-4344
-4356
-4360
-4349
-4353
-4361
-4363
-4362
432199
1581161
283009
111321
27481
535297
1
917895
11453
2791057
1143769
3700257
28209
2325913
3667502
2537238
313953
2229559
3907932
4137473
2824369
3144155
2159777
55999
2520283
6879839
2112090
1
2245935
1862905
1883201
10552233
21443575
-4440
-4458
-4460
-4456
-4441
-4374
-4376
-4375
-4448
-4384
-4383
-4442
-4457
-4447
-4398
-4382
-4386
-4388
-4406
-4454
-4400
-4445
-4399
-4401
-4451
-4404
-4450
-4444
-4443
-4405
-4455
-4402
-4449
-4403
-4459
-4446
-4452
-4453
-4461
113025
1317441
4116231
3531713
2987243
593429
524801
86177
3489489
78533
210549
1655169
4393337
2713
69525
1469431
1
38147
2091521
128149
2622465
751644
716289
876187
78017
1592249
2377276
32897
3625305
211697
7596033
1
1288257
11072913
562177
15620257
2669377
1956545
460465
-4541
-4542
-4543
274401
3426420
793089
-4467
-4462
-4468
-4463
-4465
-4464
-4466
269
360382
16665
1115
504388
5142241
1017089
-4545
4033273
-4525
-4520
-4527
-4523
-4526
-4521
-4524
-4522
-4528
577063
626401
732732
1134186
1593067
873125
1108273
75401
1054597
-4587
474803
-4585
-4586
-4589
-4588
-4590
737889
903501
656233
63727
1391491
-4601
11203
-4556
-4566
-4564
-4570
-4565
-4568
-4567
-4569
349749
1010903
446417
777717
461665
890797
53538
944577
-4469
-4538
-4518
-4517
-4531
-4537
-4530
-4519
-4535
-4536
-4514
-4548
-4516
-4470
-4534
-4539
-4544
-4471
-4472
-4515
-4529
-4512
-4533
-4547
-4546
-4513
-4532
-4540
-4549
1382081
3260
1799181
1826293
932429
1305793
3005129
1163910
1
2140249
1572107
3608065
3722602
406337
1002222
4077081
224897
1541893
337169
1516510
3336193
2301185
256393
531337
4116490
1458992
1819265
14134785
6533233
-4659
-4666
-4665
-4657
-4667
-4658
-4661
-4660
-4668
-4662
-4664
-4663
-4669
933537
1469389
141599
438529
838739
1256449
673779
963103
1590144
2674834
2922580
2944805
1577729
-4655
-4653
-4654
-4673
-4670
-4656
-4674
-4671
-4672
667961
406861
2200224
271007
1136418
314689
1074145
418177
8082433
-4696
-4600
-4618
-4620
-4617
-4651
-4613
-4650
-4693
-4602
-4694
-4604
-4619
-4675
-4698
-4616
-4615
-4614
-4692
-4652
-4676
-4695
-4697
-4677
-4678
1457269
775983
917882
595405
1040569
1099237
523985
1469249
309450
1400769
830977
1569583
1895699
1024449
640417
596021
258885
17485
2609153
2430593
1394882
766641
2295213
3246529
2608397
-4768
-4767
-4769
22128
1668927
1454849
-4765
-4763
-4764
126754
64555
31061
-4754
-4770
-4757
-4761
-4772
-4759
-4752
-4753
-4721
-4760
-4751
-4776
-4755
-4749
-4766
-4756
-4722
-4777
-4748
-4750
-4758
-4762
-4771
-4778
1361703
1039729
928333
383601
32409
175489
55777
203231
1907325
1633601
1329985
480691
1090747
1
453585
32655
1
3395585
3805421
141973
1263177
4865
326631
8192969
-4810
-4809
-4814
-4783
-4816
-4720
-4784
-4812
-4817
-4782
-4811
-4813
-4815
223041
280933
1
6164
1
385733
600527
148239
989825
1
1170447
1783809
848875
-4832
-4828
-4848
-4831
-4847
-4829
-4830
-4846
-4849
124953
673639
21769
1
762651
1012183
424897
894075
9655
-4869
579635
-4825
-4868
-4714
-4715
-4716
-4719
-4852
-4582
-4823
-4700
-4821
-4703
-4592
-4851
-4824
-4850
-4702
-4583
-4826
-4818
-4584
-4704
-4598
-4599
-4870
-4857
-4718
-4854
-4820
-4853
-4699
-4701
-4827
-4717
-4858
-4819
-4856
-4822
-4855
153394
409909
147201
555709
837893
12320
157937
24567
3517
233833
93257
442369
8297
352515
476009
539079
807123
446577
843131
73278
819497
300505
621789
239523
398081
1500361
1580033
1555458
50645
1150179
13031
85455
288851
70937
6437
637185
7963608
5731
1825345
-4926
-4873
-4922
-4876
-4930
-4874
-4875
-4924
-4928
-4921
-4878
-4929
-4920
-4918
-4923
-4932
-4931
-4919
-4927
-4925
-4933
43820
12967
340663
110597
311847
16023
263681
1
120037
189825
164413
125793
418957
145288
8121
837500
491157
496687
955152
1023454
32817
-4993
142277
