2000000000 600
1
2732673
20316546
7149801
5240205
30916234
37967024
15679673
7705381
1028414
10119134
14357168
7979608
9728666
6586905
2981247
16734241
6398771
7195171
12687588
3372052
1950329
1007415
31334262
2117061
2299140
11340604
32936566
1492876
8026494
8548673
17972878
12661902
4032452
12002284
1766800
8648279
4799375
1638347
2212211
31849420
10481808
11583882
12910714
7064626
2997815
15561993
11112348
24419076
13053643
50076321
13921773
4168533
8184307
302157
4288627
4788015
920813
9444242
6596605
13714052
2305033
2152672
1669887
14566566
8651827
31435540
19527848
10173874
6289385
11079425
10894575
9090631
1755389
19213255
28635406
25331295
4628967
14545446
19099815
96164
4328358
18575301
24414851
16461322
2352200
3956622
5065444
7496639
9877442
1258621
11534806
11055784
19952250
4338063
5563402
1084134
19888457
3841692
936706391
-2
-4
-6
-8
-10
-12
-14
-16
-18
-20
-22
-24
-26
-28
-30
-32
-34
-36
-38
-40
-42
-44
-46
-48
-50
-52
-54
-56
-58
-60
-62
-64
-66
-68
-70
-72
-74
-76
-78
-80
-82
-84
-86
-88
-90
-92
-94
-96
-98
-100
936706391
32936566
31334262
30916234
28635406
24414851
19952250
19888457
19527848
19099815
17972878
15679673
14357168
13921773
13053643
12910714
12687588
11534806
11112348
10894575
10481808
9877442
9728666
8651827
8184307
8026494
7149801
6596605
6398771
6289385
5563402
5065444
4799375
4628967
4328358
4288627
4032452
2997815
2981247
2732673
2352200
2305033
2299140
2212211
1950329
1766800
1755389
1669887
1028414
920813
-152
3404657
1753112
27778797
-180
4003014
914836
1371535
-161
11539583
1316132
5117163
-184
1739760
1794912
1094295
-168
6287750
2986831
2260225
-187
644376
2760229
627847
-157
1895419
7598
18049233
-199
62820
504815
460779
-160
4578499
2857980
11663336
-171
3142309
615563
6723936
-165
6702622
1093774
5257247
-196
768340
16715
981745
-175
3220175
1304112
3660020
-174
4920063
565831
3165933
-179
3702624
335393
2360754
-200
75902
134247
710664
-172
782459
6398437
2696546
-151
2719206
612119927
321867258
-163
7071924
1658970
5626274
-188
2012114
848431
137270
-177
1488990
3969787
1691024
-164
3201467
788963
9931343
-197
477960
598478
678951
-153
3995234
12042676
15296352
-198
332481
658270
679136
-191
108182
597169
1646849
-178
4053937
464416
2078252
-154
220445
15988628
14707161
-170
1300849
3596292
5997434
-176
2141212
764618
5120664
-186
469475
117096
3702056
-194
1116719
241186
854306
-166
116915
7598308
5195491
-192
1160272
143977
1000784
-190
742920
1163560
826193
-182
641302
1122663
3301479
-185
1368937
778001
2181420
-156
11238817
7778887
5397147
-158
2696921
3159690
14031846
-159
16673474
1605982
1248392
-169
4924609
3459651
2728088
-181
2143605
1346269
2073528
-173
7626304
410640
1691722
-183
1816413
2179800
803162
-167
838889
1422109
10426590
-189
2269743
86138
625366
-193
1085452
237964
975724
-162
1953516
1517864
12208293
-155
14876288
2156468
11602650
-195
310328
938345
701656
-338
-340
-282
-284
-310
-312
-390
-392
-230
-232
-274
-276
-370
-372
-382
-384
-258
-260
-378
-380
-398
-400
-294
-296
-386
-388
-202
-204
-318
-320
-210
-212
-222
-224
-246
-248
-374
-376
-326
-328
-238
-240
-330
-332
-278
-280
-362
-364
-242
-244
-286
-288
-250
-252
-322
-324
-262
-264
-306
-308
-334
-336
-298
-300
-254
-256
-358
-360
-206
-208
-314
-316
-290
-292
-394
-396
-214
-216
-234
-236
-346
-348
-350
-352
-302
-304
-342
-344
-266
-268
-218
-220
-226
-228
-366
-368
-354
-356
-270
-272
321867258
27778797
18049233
16673474
15296352
14876288
14707161
14031846
12208293
11663336
11602650
11539583
11238817
10426590
9931343
7626304
7071924
6723936
6702622
6287750
5997434
5626274
5397147
5257247
5195491
5120664
5117163
4924609
4920063
4578499
4053937
4003014
3995234
3702624
3702056
3660020
3404657
3301479
3220175
3201467
3165933
3142309
2728088
2719206
2696921
2696546
2360754
2269743
2260225
2181420
2143605
2141212
2078252
2073528
2012114
1953516
1895419
1816413
1739760
1691722
1691024
1646849
1488990
1371535
1368937
1300849
1248392
1160272
1116719
1094295
1085452
1000784
981745
975724
854306
838889
826193
803162
782459
768340
742920
710664
701656
679136
678951
644376
641302
627847
625366
477960
469475
460779
332481
310328
220445
137270
116915
108182
75902
62820
