8324050 1365
1
15886
15885
15883
15886
6
15886
15888
15882
4
15880
15888
15886
6
15880
15888
15882
15889
3
15883
15885
4
15889
15888
3
15889
15883
15886
5
15886
15886
15883
3
15882
15883
15885
15883
3
15887
15886
15883
15888
5
15881
15887
15883
15881
1
15880
15884
15883
15885
15885
1
15880
15881
15884
15881
3
15886
15884
15883
2
15882
15888
15884
15884
15880
2
15887
15880
4
15883
15888
15882
15889
4
15888
15888
15886
15888
4
15889
15888
15882
15882
1
15881
15888
15885
15886
5
15889
15882
15889
5
15889
15886
15883
15882
2
15882
15885
15881
15884
15887
4
15885
15880
15887
15880
15887
6
15887
15883
15880
15888
15882
1
15883
15882
15888
15887
15884
6
15886
15887
15883
15884
15889
4
15889
15885
15882
15881
1
15886
15885
15886
15888
2
15885
15881
15886
5
15888
15880
15881
15889
15883
1
15888
15889
15885
2
15882
15886
15888
15881
3
15881
15883
15885
15883
1
15885
15886
15884
4
15883
15884
15882
15884
4
15882
15883
15888
3
15887
15888
15881
15881
1
15884
15884
15880
15880
15882
6
15884
15882
15889
6
15882
15881
15881
15885
15885
2
15886
15888
15889
15886
1
15881
15886
15887
15883
6
15884
15882
15883
15887
3
15880
15880
15884
2
15887
15885
15889
15882
15883
5
15885
15882
15883
15882
2
15889
15885
15881
15883
15889
6
15889
15880
15880
15888
4
15882
15882
15881
15889
6
15883
15889
15887
15886
15889
4
15886
15887
15888
15885
15884
6
15880
15884
15888
15888
15882
5
15889
15882
15881
15881
1
15881
15887
15883
2
15888
15882
15889
15886
6
15880
15881
6
15882
15889
15889
15888
3
15882
15885
15883
6
15886
15883
15888
4
15884
15885
15884
15882
6
15885
15880
4
15887
15888
15887
2
15888
15884
15882
15887
15882
6
15885
15889
15888
15884
15880
2
15888
15880
15887
4
15885
15888
15888
15883
15881
5
15885
15884
15881
5
15886
15887
15887
15887
15882
1
15884
15882
15884
15885
4
15885
15888
15884
15889
15886
2
15883
15886
15882
15887
1
15889
15889
15882
15884
6
15889
15881
2
15888
15885
15887
1
15884
15880
15888
15883
2
15880
15885
15885
15880
4
15888
15881
15884
15882
15883
2
15887
15885
15885
15886
15880
2
15881
15885
15885
15881
1
15887
15885
15882
15882
5
15887
15886
15882
4
15882
15887
15880
15883
4
15881
15887
15881
15880
1
15887
15885
15887
15885
15884
6
15883
15887
1
15886
15886
15882
15883
5
15881
15885
15887
15883
3
15881
15882
15885
2
15886
15886
15881
15884
15886
4
15880
15882
15888
15883
1
15887
15880
15883
15885
15888
2
15887
15886
15884
5
15881
15889
3
15880
15885
15881
3
15889
15883
15889
15881
15880
5
15881
15889
15888
15881
15888
5
15887
15884
2
15886
15884
15880
15889
6
15889
15884
1
15888
15880
15883
15883
15886
5
15882
15889
15885
15886
4
15882
15887
15889
5
15887
15883
15880
15887
5
15880
15887
15887
1
15886
15882
15884
2
15884
15884
15888
3
15881
15885
15885
15885
6
15887
15888
15887
15885
3
15881
15886
15883
2
15881
15884
15886
15883
5
15883
15886
2
15883
15887
15884
15882
15884
1
15889
15885
15889
1
15880
15882
15885
15886
5
15882
15881
15886
6
15885
15884
15886
15881
15884
1
15880
15884
15887
3
15884
15889
15889
5
15883
15883
15885
15883
15889
2
15883
15884
15888
1
15883
15884
15883
3
15881
15881
4
15888
15883
15882
15881
1
15887
15883
15884
15882
15888
5
15886
15883
15881
15885
5
15887
15883
15881
3
15884
15889
15888
5
15885
15888
15885
15884
3
15880
15887
15889
6
15885
15884
15880
15883
5
15883
15886
15881
15889
5
15882
15883
15884
15880
1
15883
15885
15887
15889
6
15889
15887
15886
15887
6
15883
15886
15884
5
15886
15889
4
15884
15881
15888
15886
2
15889
15883
15888
15881
666
-326
-542
-349
-469
-18
-244
-233
-634
-630
-413
-516
-575
-41
-374
-441
-368
-27
-274
-162
-203
-314
-86
-116
-556
-559
-115
-290
-220
-51
-215
-639
-259
-28
-433
-461
-210
-595
-306
-182
-227
-8
-626
-106
-185
-484
-13
-232
-486
-502
-39
-601
-472
-534
-367
-497
-373
-219
-557
-168
-172
-562
-645
-37
-207
-75
-652
-262
-580
-487
-333
-421
-117
-270
-602
-574
-40
-396
-191
-573
-79
-571
-147
-89
-194
-507
-537
-533
-198
-159
-230
-11
-24
-134
-55
-415
-241
-166
-302
-312
-547
-447
-607
-624
-389
-319
-216
-408
-35
-561
-85
-206
-149
-663
-176
-409
-453
-196
-567
-299
-391
-47
-205
-128
-334
-503
-548
-359
-619
-67
-7
-66
-17
-3
-213
-438
-177
-475
-633
-315
-388
-223
-657
-335
-148
-621
-495
-592
-476
-402
-596
-544
-538
-202
-330
-310
-260
-555
-635
-404
-444
-137
-81
-603
-271
-195
-167
-566
-355
-308
-228
-9
-520
-65
-661
-184
-506
-405
-225
-256
-329
-351
-83
-369
-646
-648
-523
-357
-91
-655
-150
-255
-144
-179
-543
-161
-435
-281
-448
-130
-42
-143
-250
-407
-45
-428
-399
-20
-449
-181
-80
-656
-320
-108
-275
-394
-532
-585
-26
-46
-303
-234
-236
-436
-393
-371
-442
-560
-597
-208
-120
-579
-295
-498
-443
-294
-529
-154
-379
-100
-60
-611
-171
-254
-591
-610
-352
-528
-153
-540
-530
-508
-512
-267
-273
-615
-283
-56
-284
-480
-341
-98
-608
-2
-221
-590
-340
-550
-123
-471
-623
-511
-217
-15
-643
-463
-459
-146
-460
-157
-127
-112
-142
-464
-339
-21
-76
-276
-266
-249
-660
-4
-535
-410
-73
-412
-332
-97
-278
-583
-253
-490
-525
-132
-612
-74
-488
-309
-296
-186
-31
-343
-247
-93
-246
-288
-110
-481
-252
-316
-364
-519
-403
-139
-424
-378
-239
-5
-124
-541
-598
-501
-662
-570
-466
-192
-494
-152
-432
-62
-324
-258
-90
-504
-138
-354
-322
-606
-426
-200
-34
-380
-465
-563
-44
-61
-576
-350
-71
-629
-479
-36
-569
-231
-180
-382
-170
-122
-242
-628
-400
-114
-437
-211
-515
-526
-129
-385
-617
-78
-454
-158
-599
-614
-318
-398
-439
-518
-282
-188
-201
-133
-625
-16
-489
-156
-53
-68
-50
-23
-616
-631
-307
-521
-164
-104
-581
-347
-88
-376
-457
-109
-99
-604
-414
-546
-419
-32
-395
-105
-577
-226
-297
-12
-313
-510
-103
-30
-390
-197
-452
-386
-325
-641
-190
-640
-584
-304
-446
-429
-279
-470
-238
-323
-416
-163
-551
-620
-212
-499
-237
-135
-70
-64
-300
-431
-473
-636
-336
-345
-58
-650
-287
-649
-264
-328
-493
-553
-423
-422
-467
-377
-366
-121
-524
-346
-456
-102
-593
-222
-292
-57
-84
-173
-140
-94
-565
-344
-269
-52
-360
-126
-95
-118
-111
-363
-478
-243
-187
-248
-638
-261
-175
-427
-418
-383
-644
-587
-653
-552
-658
-372
-356
-483
-384
-291
-286
-514
-49
-450
-492
-265
-362
-338
-588
79434
79434
79432
79430
79429
79429
79429
79428
79427
79427
79427
79426
79426
79425
79425
79424
79424
79424
79423
79423
79423
79423
79423
79422
79422
79421
79421
79420
79420
79420
79425
79420
79419
79419
79418
79418
79417
79422
79414
79410
79413
63550
63549
63549
63548
63547
63545
63545
63544
63544
63544
63542
63542
63542
63541
63541
63540
63540
63540
63540
63539
63539
63539
63544
63539
63539
63538
63538
63537
63537
63537
63537
63537
63537
63537
63536
63536
63536
63536
63535
63535
63535
63535
63535
63534
63534
63534
63534
63533
63533
63533
63533
63533
63532
63532
63532
63532
63535
63532
63532
63530
63529
63529
63530
63529
63526
47663
47665
47662
47662
47662
47661
47660
47660
47658
47658
47658
47657
47657
47656
47656
47658
47656
47656
47655
47655
47655
47655
47655
47655
47654
47654
47654
47653
47653
47653
47653
47652
47652
47654
47652
47651
47653
47651
47651
47655
47651
47650
47650
47650
47650
47649
47648
47646
47646
47644
31777
31775
31775
31773
31773
31771
31771
31770
31770
31770
31770
31769
31768
31768
31767
31769
31765
31765
31762
31761
31764
