10000 9999
8390 5165
3778 4511
7164 8869
8498 1368
893 1789
3352 4302
4089 6711
250 8680
325 8736
6109 2085
2685 4795
9907 2829
1971 8761
141 9876
686 8842
6436 9503
2047 4795
4793 4786
2104 9599
1940 8318
5882 9541
3174 2341
425 8033
7651 7476
371 9682
9144 1302
6428 8882
2160 7735
3151 8241
5869 4476
955 6014
7279 2864
3956 4730
5908 5474
8625 2713
4197 3291
7085 9599
1590 6677
4282 7208
7822 4339
3862 2578
2554 6684
3472 6927
6882 2279
3280 1405
7378 8963
4926 977
3109 9266
7251 5119
2173 9847
5986 2917
3993 197
1533 2554
8731 5764
4547 1574
5957 5088
4940 2725
596 6815
3077 5563
3368 6053
8899 1730
2625 7219
9558 7343
2082 5875
9571 1005
4708 2033
603 8814
1716 3711
8945 7946
8794 8004
9714 650
2550 2692
2391 7975
4390 9699
5951 5383
7626 8481
2373 665
2435 8450
7410 4453
5248 9007
8395 5022
3330 1944
4199 674
1562 3789
7202 3347
9770 6376
2951 8016
9396 6558
6053 8536
5042 3409
7680 1871
1661 8488
2210 3521
2175 8791
2400 5821
4764 8529
8588 2013
3220 4224
5045 4667
2799 2200
109 8479
8574 6505
5040 3023
9660 9161
4153 8784
5982 7084
640 8141
6642 3009
242 2602
9852 6278
8839 7062
2262 519
2006 1848
7579 1678
5290 1041
6165 151
4239 6331
3691 925
7818 8667
6504 39
3453 501
786 1503
5025 265
8033 6257
8265 1416
5516 4249
3844 8775
9349 2348
8805 9419
4334 2106
2061 3005
8667 9639
2315 6435
2486 5416
2818 1923
2759 8220
9063 1840
433 8974
5170 2297
368 5756
1212 8188
6779 9020
9117 567
559 6970
9523 5205
8287 1583
767 6256
2976 7804
1296 1731
5199 2519
8182 2341
4263 7497
25 8775
4291 1926
9470 773
1492 9372
3340 4735
4394 7893
6951 5856
1068 1133
5975 8406
6004 6947
521 2846
8340 7754
7197 8516
4060 7912
1031 7959
6159 5813
1316 793
4733 7031
180 6216
1536 952
6954 3004
8723 485
3616 6488
4114 8312
5770 2102
1789 6940
6269 5415
1888 8420
9544 8775
2541 5911
7269 9900
9605 430
9392 2939
5938 8323
7260 1564
4603 9428
2598 9206
3932 2013
1584 2107
2179 4282
1372 7388
87 5202
4133 1821
7561 8234
958 4239
2716 4944
105 5156
7646 7960
1343 6519
1140 2299
2629 5014
6443 5864
1420 4487
2595 7905
9271 2591
6689 4490
3363 5611
8005 1767
1 9786
5175 6320
152 4351
8832 4452
5218 6368
6556 8062
8928 7304
7707 3483
3351 795
9054 1393
1406 316
3772 4493
8272 5351
1804 148
1432 1129
7849 9912
3557 605
5375 7430
8051 1350
5880 3180
2850 6127
4937 6138
7839 454
9316 2269
5345 7142
6912 8075
2353 902
5554 6259
724 7193
8026 9791
470 4120
5006 7118
8198 2486
2418 5565
7019 218
2383 265
2622 4208
2771 4328
5521 3043
8044 8779
8190 4069
3859 2440
4613 684
7773 9416
7995 8388
1510 3995
7554 5628
2254 9916
2323 3603
730 8120
644 3833
5022 1198
2209 3877
4228 7726
7955 8444
9339 5517
5344 6978
4726 9779
7195 1460
7343 1014
8326 1297
47 9101
4739 7617
2012 1727
9900 3339
28 6394
1678 147
7565 5794
8604 2521
6396 7904
6354 2723
1863 2065
2062 7338
7675 4505
7259 1692
7666 1263
3733 9082
6026 1977
3909 1908
1932 5251
5417 3617
5391 7998
7101 4611
157 5214
8075 6172
7062 1276
7367 7403
6395 6544
1091 3005
9950 7952
3946 1861
1267 2394
6433 875
7172 7098
3210 882
9318 5292
1551 1764
7118 3000
8261 1228
2882 7303
4460 5222
5805 7305
6944 4520
8980 9720
1064 7245
6010 6833
8578 3367
170 1347
4570 8324
33 1538
2608 4123
9695 8580
2311 9229
9366 8420
5275 4979
6140 2678
1385 265
6484 6169
7120 576
1397 5820
6569 1506
814 3455
6968 4644
4280 2454
7547 5983
6557 3319
6154 8195
4948 2618
284 5598
1998 9414
9178 3786
900 7872
9960 9020
8795 9877
9491 2163
6682 53
7555 8038
6312 9048
2776 555
6318 5165
9126 5548
2126 2050
662 7091
7908 2304
3647 3361
3849 6327
1894 508
6692 6811
9348 6743
826 1427
5579 4617
1222 7142
6271 265
7262 7754
4135 8143
2392 3267
3035 7189
4947 1175
9237 6301
5495 5002
6639 2269
8717 2900
1321 9460
2746 1112
1852 8058
9745 6079
4397 8013
927 2920
8396 397
6464 7612
5024 218
7076 5445
1885 753
2533 944
5939 8264
2611 7037
3991 9740
3963 8910
9041 2475
9574 6080
3104 9960
3259 1519
9101 4181
401 2900
5174 6574
8383 8971
9007 7301
4552 3893
6802 2327
3269 6845
5997 728
42 7081
9095 8710
6086 6488
1839 487
3287 3150
6173 4099
4617 6724
1914 9359
8268 2518
5015 8123
6421 6387
8212 8035
1304 1503
6297 9111
6392 2327
5637 2652
2213 323
1186 8482
3432 9158
5926 7227
2493 5014
3770 4708
4889 753
6901 1970
4150 8734
8083 1566
8786 2553
8643 496
6064 1053
2914 8745
4743 6444
8229 5342
3569 8920
4105 9250
2230 5644
190 3956
5178 6539
8463 9619
5372 6343
1219 8322
2589 9013
137 1957
2767 4406
2952 9286
8179 1455
3607 1864
6204 8677
4010 9951
1624 5222
6108 3845
4118 6874
6079 3889
9150 9336
7624 8857
7514 5370
9651 902
8168 9975
1286 4435
6078 9111
5240 2036
8119 4403
8660 6576
2422 8348
7575 520
5625 2360
6003 345
1951 8591
8840 8694
622 1129
82 9801
5243 3364
5806 5416
5522 8228
147 9599
9074 6741
6310 3960
1910 1059
4218 8856
1800 2943
5444 1757
2432 1460
7430 6093
8627 477
4583 9092
680 2130
4298 4875
2390 165
115 3511
6549 7396
3973 7516
3662 5815
5721 7143
6437 8595
8213 2119
4501 7537
7176 7214
7775 9801
7838 6842
7332 3513
2772 3303
8777 7382
3941 3704
3900 806
5419 4604
6876 1840
2797 3623
8350 2233
3128 3327
1531 4234
8987 2359
3840 2334
202 7777
5693 5674
8664 1749
8018 8169
1559 3499
2737 5440
5724 817
6723 9188
4612 137
5924 7520
4452 9653
9700 9079
1824 1850
2909 3942
5943 61
1857 779
3671 557
9090 1277
6112 6607
4437 2483
9690 6149
6917 9970
685 436
558 7159
7546 978
9278 8965
541 7661
7007 504
8091 6214
7304 9687
1342 5522
7409 1760
2224 197
164 3689
3826 731
8191 176
8591 5517
2766 1974
1378 3519
8900 6098
3075 1103
6942 1660
3897 9280
4757 118
7932 2522
6050 6938
3633 4181
3711 1427
178 9897
44 3937
5013 5001
136 914
493 6169
6678 3437
5338 2468
1735 4181
3160 4116
5262 3455
1825 7258
766 8846
6768 4148
2449 1412
5518 515
9517 4973
9934 4840
946 4730
3740 5720
2000 9782
3966 3638
5602 1456
1185 1799
3528 5607
835 5364
5679 3761
4170 4403
299 4712
1783 5594
6943 2498
154 9114
5710 6820
7522 6027
7106 9219
7277 4381
224 2946
8820 3347
3595 2973
9850 6583
944 8743
487 4789
1582 2645
8571 7321
291 8492
5367 2340
3553 6110
718 8505
7358 1125
4650 6732
380 412
8369 1201
9710 3662
7447 1496
6649 6914
7706 7527
8751 1073
7891 2166
2430 8581
6355 1846
5992 2036
2035 2099
8937 1297
2551 9920
9692 7816
9336 8947
5180 4815
7541 4398
9431 3304
6429 9609
3011 7604
8177 2522
4961 3043
8399 8004
2614 7617
9073 4604
3990 8659
6953 4300
7393 3050
628 2663
5501 9728
9693 1953
7049 6163
690 4806
1902 2419
402 595
1002 5911
3239 3020
4417 9682
615 4632
5299 254
2417 3908
6495 6753
9215 7420
5594 8587
3335 7170
5648 4540
2624 4684
5523 4241
7556 8192
8491 4498
1046 3563
3232 5027
5758 8097
2198 838
4695 1455
2838 9807
6994 1466
6133 8965
8356 563
8338 3703
9507 3330
2238 7020
3881 7292
4558 328
7935 5247
6839 4940
1428 4230
208 7243
4212 2357
573 2532
9076 9056
1703 4986
3500 8497
9752 4712
3415 4338
4687 8326
6823 3690
7743 5664
2555 5137
6201 6588
427 4941
812 3612
9521 2357
3716 8058
2364 112
5857 3499
4537 8462
1224 8619
9196 8743
2246 7973
9091 1894
1654 9192
397 284
9370 7287
9325 2454
3201 6330
695 4460
412 2466
6372 6159
5627 8058
7709 2899
3596 8494
4143 1883
6818 3538
6780 9303
6886 8152
3440 3135
6710 8524
1984 6694
3176 4475
4037 9643
6770 9899
3475 8012
4805 9329
4899 4473
4957 6822
3438 2020
9141 4218
8223 8945
1040 7207
3813 1891
1241 5948
1583 4424
7004 1118
7731 9397
5870 2960
7188 1512
8998 5219
1660 1768
4326 7466
512 1715
6442 7832
6453 3911
7384 6287
2409 6912
8064 6816
2455 1106
5098 480
8800 4396
742 7397
5946 2094
3714 9942
3237 6885
2253 4561
4677 3901
4318 7429
2148 3664
1251 2534
1574 2219
1019 8775
4797 7590
4719 8242
6469 5570
7355 3903
9813 1391
2910 4248
3885 4729
6476 2454
2424 2703
673 5990
9298 8665
5697 6502
5099 7580
8038 2508
2414 8745
2692 9877
6217 3807
2438 7395
5449 933
1939 180
2086 2329
2355 9399
3577 8538
1032 1213
8989 9123
8790 8156
2024 5867
9329 3754
8099 8422
2574 1179
549 2944
6227 2403
2641 8027
6976 1078
6439 1414
903 8458
8620 9701
6081 4309
3690 7724
1190 4486
970 6769
1322 1212
5871 8085
862 4164
7200 5544
5821 5249
8634 6913
642 4808
5862 4712
5409 7978
5463 8576
1829 7137
3807 1342
3278 5621
595 1928
4581 8878
372 8403
7741 5867
6475 5128
1232 8782
9647 4066
6381 8368
4168 4825
4103 7992
5353 1293
7102 9627
3659 8856
5819 7895
6300 270
3759 2475
117 4784
3059 5251
9617 8153
3769 5772
7949 1995
3891 942
3579 7863
7152 2518
8009 8091
1547 4016
2344 5507
8290 2051
5000 1844
1299 6973
6872 2233
5408 5965
6574 3740
3410 540
8914 4902
6983 165
7416 2898
1750 1465
2287 4028
9064 9605
996 3400
2411 8914
726 436
3571 4498
8861 4751
3141 154
5802 9931
5716 6957
377 8826
3749 2294
5780 2181
6008 1187
4771 5530
1425 1503
1261 4754
7039 7895
9605 7948
5002 4811
9546 2591
9454 5475
3978 5923
4849 4295
9721 3673
3800 7813
1326 6781
925 3888
911 9486
3294 3331
184 9737
4414 4525
6862 5283
473 7329
530 2689
3695 1378
2794 732
7510 2246
8599 2022
5164 4500
4164 1888
7472 7736
7063 2951
81 2586
2033 8829
3296 4546
9538 8251
8904 9980
2984 6297
153 2267
5947 2675
4232 1302
4293 2130
57 8628
4652 6944
7166 7259
2089 7888
2378 5505
3249 6137
6896 2208
2408 2865
707 3043
1627 9161
2709 5333
7281 7240
7806 6719
1911 6419
889 3368
4903 1937
1905 2573
7703 2713
1441 1892
3706 2722
9704 5795
204 178
4637 1749
3957 6450
4838 2056
9808 2976
3812 3331
6822 2425
6830 6881
2437 7541
827 4584
9924 5528
3171 5875
1144 9024
4237 3065
7509 4095
3493 8026
7783 8599
717 4255
5455 8200
4951 822
6997 1955
1339 7121
8922 3993
8434 7010
7273 3830
507 1192
4647 5289
9976 7499
8983 6059
6930 1277
5962 201
6745 1378
2524 4938
7665 6785
214 6158
4555 3075
5304 4089
253 5518
4857 8492
3519 8228
2328 6964
8253 1787
8527 2782
950 3708
9937 977
6679 5222
3874 676
7881 3335
1522 554
8394 8343
1158 3797
4329 3519
4576 5126
7416 1928
4806 6476
623 2656
5101 4071
2950 7979
8628 8188
9136 451
2576 1025
4486 7822
3483 3639
1872 1992
5235 5883
8388 6626
7236 914
2 2486
2011 9986
149 9270
4202 5521
6509 4364
6763 6607
8186 3513
3660 3943
3310 2739
7272 921
6184 8404
6757 581
1034 6526
8725 6340
7268 9378
8040 8851
3185 286
7163 6829
4593 9186
3901 2344
8141 3617
4254 7513
5249 6177
6664 773
5026 2204
1876 2830
5056 6491
9467 5234
4538 4522
8925 8706
150 3666
9527 8601
5884 884
2001 5778
5838 254
5644 3770
5376 363
5016 4352
2508 4609
196 4961
6210 784
6103 7134
3884 2027
4799 5276
4700 8283
3305 61
2258 7286
279 1979
563 8599
8858 2675
7064 8429
6895 4835
5104 5672
5138 3616
8623 9487
8427 2621
5061 7482
2985 5021
4036 5517
8817 64
8320 6757
5972 9127
287 2312
5119 3538
5062 2226
1552 7443
5453 5410
7227 1598
3777 7159
2701 3227
7489 7735
776 5617
7613 2173
8169 8509
6832 5164
632 8032
7036 3886
8822 2212
8337 7149
4710 3258
277 7590
6420 8347
1453 4397
7028 6578
4595 256
9179 1172
9122 8012
3570 2307
6506 4870
1298 8333
6131 3489
7060 1646
6146 9811
1890 2362
711 2733
7271 6448
6762 7370
4167 7059
8002 588
7902 7604
3669 3145
8304 8771
411 6711
6483 1021
6787 2510
2397 4628
84 9970
9747 4332
9450 1911
1052 6348
2779 1468
3861 1558
7052 2680
3712 6489
4685 1890
1347 2269
8053 4598
4967 6001
137 1861
8293 5087
2714 7044
7360 843
7411 1014
9730 5311
1646 3799
6918 9060
4877 5935
8080 2971
5321 7996
5020 3565
3796 1673
6306 3256
7453 7635
1048 2279
4472 2769
8171 450
1198 7663
4090 7933
7297 87
1989 7011
4705 4283
8836 8136
9640 2723
9331 8075
6106 3907
4655 6785
4087 7801
830 8449
3751 4015
8159 9988
2722 299
2948 8842
3818 6104
2278 5805
1096 9972
5662 9944
9025 9198
1305 9028
7270 7341
7767 1758
1598 5714
5097 760
3148 1430
2136 9429
4392 5829
6403 5473
3407 2059
415 814
4119 7513
9317 2052
9190 7895
3950 696
4780 4134
1004 979
332 865
7309 5300
4451 5924
4196 6284
8874 8933
3130 7783
9004 3661
2694 5445
6028 9684
8545 3291
2792 6657
2536 1464
2667 2914
6288 8700
1332 563
8729 1213
1294 9658
2606 1084
2385 5213
6034 8246
6251 7193
26 590
2593 4283
1050 8015
1357 7520
477 5119
2684 4373
2979 9988
5927 5115
3339 5816
6448 5014
4107 9532
6911 1246
5493 2713
2623 1043
3439 7932
6986 5500
4383 8420
9055 7396
8838 7894
4949 5808
4145 5186
1290 4611
5822 8526
6563 3330
1795 4128
6457 8761
98 7872
97 5406
4446 1080
4041 5993
4042 2158
3504 7236
4283 3415
769 1122
2405 3158
655 3991
6982 3336
4136 1752
3166 9842
5877 6806
3190 681
3531 1988
6863 5589
4717 3554
7827 7236
5631 7654
6345 2340
2862 8609
9865 1248
9943 7098
9313 5964
9664 6943
5813 6666
8905 6029
3134 7895
6398 978
2421 4429
5553 4667
8133 6735
9834 1511
5359 6015
2184 2790
7499 1728
9713 8551
8572 3000
4697 1642
2255 4356
5149 7439
9928 9612
2204 1410
6987 7007
770 8295
7717 3330
4122 2755
5926 7193
9036 2960
4789 2291
8414 8478
1723 3171
7278 8734
2594 4493
167 9941
8266 1799
3888 1861
7130 8445
2302 6161
5944 4540
3566 4111
6695 2013
1003 6447
8311 2802
4351 2573
7038 8710
2500 95
1953 9984
6399 8335
8644 1961
3223 1598
2575 8307
638 5761
7252 331
6139 7558
6947 5228
1079 6192
700 6782
8910 5616
7833 7589
7819 8425
2895 2464
4779 7719
2856 9157
1483 7128
661 1374
8718 7099
1996 9542
598 1496
2152 8544
3564 1025
4827 796
7425 5248
3198 3778
8355 2350
4323 9284
2796 9952
2354 597
8269 4303
9807 2915
6984 3243
3858 7112
849 839
5700 1965
191 1964
2009 4897
7921 8335
959 303
2460 6048
5601 1734
8985 1450
1634 9540
4003 5851
4554 5916
9404 867
2819 7869
8155 8091
793 9961
3610 9105
5190 9935
1517 351
7208 5650
1724 7062
4930 8390
7590 955
6688 9542
4706 7004
3391 4228
9740 6080
5899 3993
5388 5517
7416 9417
7944 2948
8967 7138
8109 2341
7559 3320
3977 7059
7394 7290
7346 4641
5640 3410
7932 34
2002 5309
8977 2516
121 5794
7932 7589
2215 9161
926 3126
1891 9605
8903 1064
1707 9234
577 9781
7748 4514
9906 6446
7433 6781
9525 5901
1033 3674
5912 7758
7729 7511
12 4887
4591 4723
350 858
8598 2689
5790 5543
5407 19
7876 4271
888 7286
9802 2767
8008 503
9065 5297
7688 6820
4478 4984
8136 2067
4375 8058
9442 6577
6397 5640
2894 9156
72 618
1962 3482
6430 7223
1567 5988
7051 7261
962 119
8421 5111
1166 8821
9947 3670
8896 2545
4985 1336
3592 7372
186 3342
928 2604
3406 4553
7638 9062
4093 1461
898 2661
6980 7088
8066 9846
7413 3126
3984 1923
1540 4338
9106 4014
6907 779
5781 8876
2296 4188
6237 9681
2223 4503
6254 9470
8543 3657
2837 6224
7724 1391
5349 2020
9079 7511
3868 1179
9412 1124
9622 8687
6519 5464
1132 6104
1837 3812
5621 3058
2479 3471
5767 2376
3958 7566
3585 4943
5093 246
5033 9460
3864 7150
5230 5393
3895 4187
8076 1702
606 3208
8469 433
3445 5707
2989 9589
852 9305
2682 8500
4034 9907
752 2311
5302 8174
216 779
9788 4534
9486 3617
7352 6842
4004 2291
2399 8803
8792 3111
9678 1056
6766 8458
6018 9339
7811 276
7395 5837
2445 9420
8301 6362
2582 8955
7873 7762
7440 619
2202 2465
9841 7193
1569 1697
1220 2729
1419 7085
3801 91
9773 6858
8043 4174
8121 2645
7915 4299
8951 5950
7432 2204
4350 5113
6358 676
3316 6688
386 7189
5712 7658
6330 3833
1514 5335
8324 6149
6331 6488
8156 6100
906 8119
1861 2936
7295 1902
2728 3172
618 1195
5094 2351
7353 2351
8650 4124
7059 1973
9769 6474
8963 1444
7603 3331
9641 7146
9390 6587
7549 453
1054 1511
231 1799
5323 7455
5070 4922
7256 7047
1538 4115
4886 1311
1614 760
5483 942
4692 8419
1411 3331
7023 4028
6163 3953
8422 7212
4154 5255
1548 2015
9572 5902
4632 5821
8537 3223
6350 4285
3743 48
432 8625
9502 768
529 361
5578 5025
8239 427
5045 8544
7793 3682
3101 7242
8512 6914
4467 3713
3696 286
4064 2033
3418 2468
6571 3465
6383 3627
7418 7085
7208 5968
7953 6590
7012 5054
8589 5646
2032 5163
7591 3881
2313 5383
3006 559
2999 7546
4003 3680
1999 8085
605 8450
773 2508
3804 6298
3981 109
5106 7020
3015 5475
982 878
5222 5707
1979 8005
384 3259
4837 4961
7790 6240
2523 7241
5571 8921
5529 4444
2087 1791
9092 9846
2357 7936
7310 815
3805 7299
6535 3038
9939 9354
4456 4500
4311 6163
345 7780
435 4425
7009 3028
3783 7375
9945 2510
5801 5333
9046 7134
6373 1292
199 8403
534 2753
3604 4789
2181 6454
8691 2184
7608 5043
2484 1292
9080 9455
6015 5394
293 847
5658 3888
7602 2739
6082 6874
6434 6746
7451 2967
4256 814
3559 4803
5250 5187
8540 2009
4649 7762
8007 9921
2305 6015
7329 2729
6466 3819
7261 9542
1345 9612
7854 764
7231 3567
9376 2344
8318 1900
1266 6614
9071 2810
3161 9216
8028 5315
8997 3382
4825 6829
4575 7315
1650 7998
6503 2623
5168 9207
3194 5273
6339 8846
376 7581
328 7666
5479 3806
492 8590
118 4763
6330 2451
7830 5292
3741 9723
5226 2975
6601 3690
2301 1584
6616 2072
6816 3989
504 125
3202 9338
3196 7902
3451 9729
9254 7845
1764 9158
9266 5680
9515 6336
9212 4554
3063 8137
7502 5734
2567 4233
5910 905
7864 2312
8791 7832
8686 9840
7589 4048
7293 1957
8393 996
4485 9082
4665 4435
7644 1710
3289 1961
9031 5321
8160 8377
1626 3324
689 907
158 899
4592 795
7986 4317
7482 2971
5929 4041
1768 5553
5706 4728
3635 5660
1377 1189
2324 2663
4524 246
4950 40
2079 9117
1602 4046
4498 8161
1751 7240
1632 2311
3403 1460
1487 8030
262 8951
4374 9764
8170 8599
579 9203
9740 8161
6315 5006
3927 8994
1135 87
1116 9014
3819 4074
5146 7443
2329 5911
1323 2723
3474 8409
3913 409
3576 360
4896 8708
2283 7894
2080 7038
1907 4011
3612 6774
5984 4196
4022 6026
5995 4828
9305 8542
2586 9305
2222 1124
5082 5060
3038 137
860 6422
2009 616
9333 4434
9756 1466
5682 5792
5681 8195
3965 3908
6717 4217
7429 7947
4615 3720
567 4735
9050 6809
9856 7284
7091 109
6228 3412
9047 3810
8178 2900
4304 2376
7759 7610
5182 8820
5392 3048
9512 7246
5765 5050
5123 431
8765 2358
5356 1870
4222 4611
3543 1637
3129 4102
6659 6261
3558 696
431 7708
3716 6151
5139 2224
2143 9930
7431 8616
6190 1401
922 8259
1090 2914
7906 6695
580 4789
378 9980
1969 561
6887 4232
4309 1859
3043 27
6268 6558
7344 1171
9915 4234
6752 7888
581 759
2404 2483
390 3638
9731 7247
3225 5814
4292 4941
6971 8584
4994 3683
3728 5339
1150 2353
728 9177
5341 8235
4875 4753
3382 4278
2870 2127
2030 8936
4406 6419
2264 9655
1206 5605
9557 3753
7495 1701
6640 1888
1541 968
6369 8722
9233 6588
6113 2344
2605 4374
4761 6201
7148 2518
7148 56
3597 7666
7301 3113
9764 6463
5696 5905
9969 2337
537 2304
8591 2428
6410 9107
6558 1968
362 2495
1376 7005
6197 3789
9397 6470
4353 245
1946 7511
4253 4353
1611 3815
1521 1146
2953 557
6114 7545
3450 8728
4506 5685
1472 3770
6110 2675
8834 173
6847 6113
2906 5737
4636 49
6737 7948
2022 5729
961 6734
9252 1086
2557 7416
8988 7609
1631 2048
6409 2960
8458 2052
215 6409
518 7478
3534 2593
3867 284
3634 1772
1614 1276
7203 6070
6823 3820
6959 2144
4540 4693
5931 7436
1462 9199
6182 3316
5572 6643
5280 3751
5923 9078
2831 9417
2963 5624
318 6882
8131 1185
63 6600
282 2974
9707 902
426 9402
8638 6915
8021 7804
4 894
6023 4476
3026 989
792 5885
9019 3674
1077 3193
6507 7476
6179 90
1553 6625
5310 7638
7014 8536
2154 493
2382 4948
8036 20
5396 6123
3838 306
6610 8828
2670 5707
8668 7740
1935 7772
8052 5569
1670 636
2832 6583
1366 5605
7994 2607
243 8120
6384 4769
798 6915
5664 9112
8172 1896
5188 2523
8382 8860
7699 8149
5171 3460
7426 8998
4301 5115
761 3142
9011 3185
8330 4983
120 8573
5129 8008
7381 6823
2290 85
8508 2064
8708 5763
7582 3901
8448 555
9509 1188
9761 9230
6029 6505
1957 8462
4625 3112
8292 9696
1177 5474
3311 2706
851 9931
8329 2468
8387 7211
2231 7789
9638 7854
6292 7074
4768 2162
7129 969
5942 2534
738 4108
7244 6080
4331 3389
5727 1318
5937 6325
9312 2169
9462 1686
1951 8525
1489 4329
5502 3015
7371 8500
974 542
7801 350
9239 6565
9291 625
6505 2297
5728 1431
2337 7815
5286 147
4055 7280
2021 595
1361 8692
2688 1913
5399 5342
305 5035
6298 5656
2499 8137
7928 6470
1822 2953
7204 7657
3673 9792
1958 3578
4097 618
4112 2424
5195 4264
7697 9446
2930 3545
6007 9004
6598 9727
8959 34
1088 8785
524 7894
8581 503
7184 6079
3405 523
4678 8447
7391 8167
8902 9745
2072 3662
6496 4130
8823 8641
9061 7684
6087 5920
7359 6475
3771 8369
7560 9373
5519 4885
5720 2319
5557 278
983 3524
5949 1575
6624 252
666 8058
8801 9770
387 9758
3681 4162
5342 2160
3395 7875
1217 8377
3030 2344
9818 7008
7737 4740
877 353
5467 2088
4753 259
1833 5464
5930 4105
9727 7186
5525 5031
4716 1327
3912 5285
8045 670
8568 7546
8775 689
3869 8610
203 5687
2706 3996
1769 1928
338 7028
4316 2422
2094 7414
8901 2450
5541 5336
1917 4853
4735 2618
3622 3077
3307 1442
7791 7084
6157 7786
5558 2382
271 1188
3929 5676
6161 1427
9905 146
5047 5367
964 833
2854 3183
7508 4361
4725 5762
5538 5039
5133 1811
7678 7602
9042 1861
9359 7546
7127 4099
767 8726
1118 8890
5092 7931
6274 1778
9241 4119
9859 1796
704 929
1535 4605
8032 4378
8744 6707
9782 3933
9374 9705
7151 753
7825 2083
6494 5851
6743 2971
989 6860
3689 4975
7178 8535
6230 5629
4976 1268
973 8505
4565 8425
2745 9636
9180 1596
3256 85
2543 82
7526 5661
303 2027
9858 1691
3341 4180
1952 8125
8093 7390
7223 5901
3449 4735
949 7390
2392 6036
2306 4400
4401 8660
5588 9011
1024 2130
4891 9152
7600 8405
7444 5442
7192 6324
3865 6014
8911 8211
6171 8554
5063 6817
9017 5779
6104 8445
8334 4447
3753 8161
5828 8445
7852 5949
7793 4535
5474 7687
1543 2331
3990 6644
2119 1066
9931 8920
6276 9546
9198 4923
9176 4274
3863 2627
9522 3266
4032 8220
8150 3818
2412 3560
8218 5141
2619 2852
7974 8168
6846 5837
9479 1845
1455 7832
7248 1656
5113 7022
7961 3004
4302 6378
9293 2658
4628 2812
4734 1675
2639 7165
5895 4852
5499 3135
1390 4130
7284 1008
2098 4378
5102 4028
2806 9115
3540 984
7367 3118
2050 2573
2735 245
4880 8684
5036 4987
8410 1449
5950 2829
9000 7109
9569 7959
9005 3726
6956 5862
339 4272
3314 8684
7745 2100
6600 6596
2713 6596
6654 3580
3060 1087
625 2727
5731 210
7199 5054
916 9944
1101 7345
4833 9271
8654 9982
847 9157
6814 2485
716 5838
6622 306
348 2748
3523 1504
4151 1915
9703 6553
2738 8051
3302 3583
1659 903
9249 3597
751 2540
3342 1073
3847 9258
4435 4188
7130 5278
1344 2786
2347 5828
7963 5610
9496 3111
5090 1239
1265 5720
2033 1401
6072 9334
9916 996
9630 3579
9129 888
1711 8364
3495 8332
2453 9368
981 5655
1161 5877
3290 6790
2068 8248
8510 5702
4574 774
9280 1114
8025 8282
3481 9738
2815 9246
1896 2517
1127 1469
2964 3770
1947 3624
1478 3763
1812 3319
7169 855
4750 283
9301 324
6970 3625
3157 7944
6724 3545
7985 2604
9083 2933
1394 7086
7756 9547
850 4661
5680 8251
4380 5431
6510 8013
2120 9275
1069 3173
6801 5087
9159 7815
6071 3529
4929 6126
3138 2042
9609 8123
7778 1787
1060 7394
3719 7843
3654 3513
6415 1244
5201 3170
5172 1320
6252 8812
9146 7911
8774 6152
8894 188
6405 1662
1628 3788
4227 6676
2577 2720
8639 6297
2498 9995
1260 759
1860 7341
9547 9283
7900 5244
4288 3855
8712 3517
701 4116
600 1122
697 1442
2135 1413
417 3940
4327 8143
2646 6613
5584 3795
1853 9216
6635 6737
2482 1466
37 4373
4853 3551
5086 2897
2954 8850
8414 7317
4698 6937
1525 4876
6044 669
9652 8754
9822 5045
7592 7372
452 4369
5894 5045
6280 5517
1340 5070
6670 8949
5327 1969
7438 6016
2527 8341
9373 7544
8408 5761
7886 8380
8890 3834
7723 1276
1283 7160
2115 2291
5300 1086
7286 55
8694 8414
1303 5080
651 5999
4959 5934
7721 8008
4077 503
5585 7
7406 1560
7351 6930
9345 8307
1665 8137
6046 8883
1081 744
8187 9073
3962 1187
7679 3993
7914 9826
3685 218
9662 8989
3005 1961
7639 2477
9508 2006
5156 8442
5994 8576
3424 9682
7492 2523
4935 8723
5029 1624
2599 5587
7093 8659
9463 5493
9314 5202
5276 4353
1767 3325
3934 4435
3222 4278
1444 112
6910 5222
4428 4498
9081 58
5231 5507
8658 9625
8303 1195
6517 6835
3490 1578
1880 3273
7897 9572
1725 7065
8943 4783
7427 5606
1447 1786
1011 5884
2718 9992
9983 8710
8167 3644
9387 3621
165 6405
5748 7366
5677 2776
7601 3798
4157 3225
3706 8435
3289 1276
5030 3227
4287 9111
4735 2108
6777 2290
5808 5496
7536 4467
8153 5229
5456 1515
9341 8204
1773 1884
1742 7560
7149 5441
715 1787
2740 1560
506 875
3911 5577
9895 9465
5684 3861
5891 6937
7013 818
872 5348
1507 2297
8327 2915
4471 1128
1214 2354
9351 629
5023 1966
3672 3906
7809 3022
901 7566
8071 8063
4108 2739
4696 7301
8591 6810
5461 500
7844 3878
6265 8019
2025 8537
101 5383
2613 1123
326 3153
6273 2962
2878 8784
9635 354
2876 2607
5114 3289
327 3886
228 3291
9058 6446
2387 9247
701 933
7094 3001
4781 476
9403 6796
9552 2945
3819 240
2294 8669
8640 6370
5272 3002
1192 6526
1752 2013
5130 1978
3905 8759
9342 4604
5416 2700
3497 9883
8094 4475
460 8542
6671 7619
3458 1733
4735 4551
6579 5465
8249 1136
9675 3762
5916 6740
7663 5054
2088 3262
9211 312
7317 6624
3784 6898
5713 9450
137 5500
1021 2380
9388 4186
9195 8437
6973 1074
8730 8527
2319 3274
1595 7245
3996 6608
9078 8955
9165 4526
8982 4554
7316 5243
1331 9360
9987 8043
9385 8369
3369 4133
7249 314
77 3883
2980 9034
4765 6161
7611 7163
8216 6602
2280 3106
6985 1391
2245 5974
5589 3830
2113 1014
364 2848
2057 5500
3252 7359
9783 4271
2836 748
8815 7513
6225 1758
430 1614
8024 274
146 6657
4078 6557
4085 5439
2099 4885
930 2427
5459 1708
3205 9485
4228 1250
1307 3235
6730 4543
3240 2344
1007 66
589 8411
7450 7559
6609 4283
7715 2496
4266 3844
9615 5872
7978 5137
8459 4951
5277 9042
3522 8003
5860 7989
8077 8405
723 9093
2461 5992
3561 5431
2441 8059
7925 5134
2971 8980
9287 7598
3550 27
6701 7298
3048 5217
8180 4268
1176 5117
8559 4504
8591 4248
5211 4633
30 2042
7464 5054
562 1940
260 559
6167 3016
280 4780
9365 1561
1568 974
9901 3171
1532 5503
2498 7726
6161 2118
1387 6647
6414 2541
7134 3093
7105 3579
6420 4694
785 4070
2190 2155
5736 1995
1843 4369
9796 5306
1679 6656
3494 3886
9996 5478
1235 6728
3506 1992
5439 3588
1288 8290
9777 4521
7416 7069
7056 9375
4091 5937
4882 9262
2702 5511
8003 4740
529 8307
8947 5530
476 4986
5797 313
6675 7706
4445 4134
7553 6062
9375 240
6573 9655
177 1840
3003 8001
6624 125
965 8648
6337 676
1231 3922
570 373
4008 8828
3492 7257
3315 3698
8829 5035
6264 3388
1714 8366
2587 9825
3247 6128
8912 4634
3480 3437
3514 4377
8357 5373
4663 8165
1117 7222
3795 3888
4712 6098
9487 10
4504 307
7733 2687
9378 2105
5414 674
159 7104
5615 9280
9057 6468
5543 1178
9229 1437
617 5449
858 5045
9740 2854
3319 1674
4082 9963
8825 5311
4493 2774
4895 1302
5003 1692
5660 6750
5901 6970
8476 2624
8296 280
840 3602
9072 5624
5343 4361
8956 5839
2924 1821
5638 487
6933 6190
841 4546
4850 2679
4786 1653
9480 6522
4724 4328
7765 6744
678 2140
5935 2783
4372 2540
5820 5805
7951 4004
4189 1553
5787 6529
5377 9342
7491 2088
9303 9905
5420 7710
7048 2116
7480 8866
6491 2515
4330 1482
6006 8183
4465 5332
4328 8746
7099 9678
6530 9449
8034 4674
1688 50
8232 7911
3446 4624
543 1887
4503 9901
2205 6218
5012 4470
491 8100
1733 2715
4191 9882
7766 2258
3452 2029
2389 9166
592 4148
4515 7566
9466 4345
1259 6859
4640 3692
3882 6258
1131 1994
3200 591
5755 4485
3784 4992
7422 9593
3994 6407
3398 7974
21 3545
8651 6152
3751 803
2884 4584
2127 4641
7103 8071
6394 8615
7226 5851
8547 3325
6144 8790
6035 9911
6657 7885
5400 752
1131 6626
4798 4333
5574 4791
8295 3348
7834 6307
2943 5406
4126 5141
5568 1843
7233 832
7674 8542
7765 6823
7802 2519
8430 8505
6194 4013
6012 2830
2849 9532
4494 4652
2475 6829
5014 8961
2560 2711
2651 817
9476 2368
8583 2083
3565 3584
8645 8633
3584 3740
36 8074
6174 5316
3606 754
6090 6907
4166 3786
420 3397
7496 2789
896 8463
1892 1231
8733 9930
6559 6010
6058 3192
5059 8090
6467 4236
3505 2169
4516 1073
6970 5247
3806 9643
3301 621
7917 3841
7470 189
7507 9540
689 961
1464 7767
5726 7706
4385 4037
8323 4355
1057 2708
7185 3769
1643 8528
8993 6576
4942 5268
3683 5880
3303 5385
4584 5247
6017 3139
8696 2856
4618 4291
7593 2960
3199 7547
6353 236
2475 641
578 1560
2497 448
9029 8048
9626 7623
9386 6550
7726 9069
8067 8506
575 8580
5111 410
6417 1552
1924 8365
2344 1845
6321 8528
5229 1811
7342 2539
8431 8104
8613 5171
2934 7582
9661 1248
1381 8818
5370 14
8474 5556
5654 9678
9185 6881
3537 4709
1071 337
802 4894
1078 6614
3373 7941
5351 5686
3883 5674
3312 8423
448 1978
5255 8536
5220 1212
1527 6022
2734 6687
4244 9984
5008 4283
1477 4042
3776 5648
6379 9582
8274 2279
6438 7497
4989 79
8778 5477
4174 3319
7159 5063
2635 42
834 6585
2917 5842
7532 8767
8875 3213
1520 6430
2046 8898
2846 7511
4642 4728
921 9128
3922 4872
5827 1614
6629 2414
4306 9717
6278 9970
6524 6266
5545 7921
9726 6179
5167 8445
2374 9827
4120 87
9648 1673
3083 5765
2029 885
3408 1683
3964 8404
6754 2516
3435 3146
456 2042
7267 8529
758 4054
3463 493
2009 3344
4461 1339
7469 2172
7647 9290
5365 6622
2542 9961
6323 3349
3002 6250
6932 8694
9687 1534
7405 8509
8426 79
142 2098
6474 6301
2170 5342
5028 2071
4277 8271
8576 895
9621 3668
4676 1244
6891 7148
4389 5524
8787 2539
1109 4787
9441 7511
5659 4337
9333 1973
6713 1512
7219 7386
6518 4363
8579 1773
3528 2529
956 3496
4028 218
7698 1136
9750 4087
2683 1664
8016 8315
9719 9781
8835 8369
5318 4936
5881 3242
2371 3222
5897 6948
5534 1366
4453 7735
2344 3754
39 9500
9481 3963
8017 1865
3935 4492
3827 8433
5845 8163
2829 3498
8214 4497
86 5422
1792 4755
3122 7038
1838 5497
5274 519
3614 9906
1840 5623
2292 2026
7053 9815
615 4975
3727 1775
4762 767
409 8234
619 1866
7452 5343
3761 8204
4702 4585
7357 7772
7607 5516
2681 4317
8506 7894
3446 3993
5090 1136
1459 9405
1754 3519
3991 2101
4900 4876
5792 1592
6922 4641
5469 4046
8671 9600
4106 8865
4138 529
747 4703
7246 7152
1766 6255
3281 988
8762 7600
8917 6286
2787 5602
3235 5430
7501 8620
5614 3843
4755 8736
4466 3167
9062 1054
1450 751
7003 4843
8244 2929
4259 6584
4623 7576
2881 2665
6572 2963
3455 6790
4701 6407
2211 7390
8398 975
3841 96
1867 3656
2250 5520
571 7614
8685 3723
1991 8811
5005 9466
5779 1916
1649 2975
8616 7955
2970 8821
1277 6093
5544 2164
5052 1193
2329 1473
8344 181
7896 8326
1012 5686
9436 9416
6000 2863
1729 836
3656 5300
7758 90
2863 6082
9251 9878
7075 3639
5231 8131
299 3227
951 5058
5759 6349
8022 2484
8240 1917
1637 9245
8950 3760
4241 7436
383 3887
8516 8154
9836 4437
2008 7208
6758 3986
1669 3872
9948 2850
3079 8205
190 6836
4440 1482
3825 4042
3559 759
419 3828
6979 2071
5514 5161
4641 2210
4210 5762
6153 2537
9911 7609
8414 7889
4836 1873
7942 9852
3212 3402
729 9590
1542 6272
3070 9233
633 6911
7038 6330
2277 4195
5960 9683
9335 443
8413 7381
8868 7879
8305 8454
2697 2314
1229 3444
5702 4052
4767 7227
2892 1090
8876 7391
882 8111
4217 4278
9629 8068
1571 6435
2886 9846
9670 8293
4782 4144
144 9873
7042 5363
4773 3625
7718 8351
8580 2083
7354 7204
6542 8531
5210 9993
2879 136
5811 9373
3482 4328
1141 5144
8074 3718
1000 9527
8624 5463
1317 4650
5053 6827
9925 6958
610 2938
3814 5962
9772 1589
5125 2303
2891 2209
4531 147
9208 1157
4406 7809
4556 9786
6084 2900
9528 1028
4995 2066
488 2414
1954 4130
8359 5328
2193 4115
4550 7478
3690 4111
2929 4387
6049 7979
4778 1861
3675 1676
7682 9354
5077 9266
7742 5415
3617 3845
908 1783
6815 3088
6739 7924
2242 5174
8636 3455
13 1327
475 3519
9861 7088
6486 9448
3952 2133
6399 7978
7569 4502
5865 2071
2501 1207
7840 3177
489 6304
7468 693
6957 8268
7584 9932
7879 265
3241 9922
1537 7808
5305 9797
1580 760
4094 4845
5784 5027
3760 1957
5926 4347
8676 6164
6961 8797
2890 1866
3545 8869
5635 670
2727 8347
3768 7729
9244 2642
4839 3784
4544 4974
9288 7498
9191 3411
2176 6331
3678 3786
1390 6776
9613 9296
7457 8377
8131 5900
4104 2959
7909 1444
2960 4146
4469 1910
792 3933
5425 7955
498 9698
3090 9199
8747 8574
1968 7050
9119 3366
1734 5335
4563 9581
1966 293
9511 3344
5531 1002
2552 7242
4395 7114
9840 8622
7971 2850
7331 9573
2512 926
6539 2632
5168 7478
8565 8799
1761 4123
8979 9727
1884 8882
1037 3690
756 5655
3541 7665
461 6769
587 4767
5163 6412
1608 1844
8148 8349
4381 8920
3331 5855
8972 5109
6290 5719
3131 3810
3226 2860
1840 6526
1921 1601
2518 1311
4121 3731
4579 1174
7701 6414
27 361
5366 7252
5363 3873
5665 6733
627 2946
1403 3036
9872 553
3216 9322
7219 1391
3835 9495
3704 7569
5011 2919
4492 9086
2413 3411
6921 5240
5415 9500
4463 911
6352 5767
3646 7817
2922 8082
1692 345
9321 1375
7317 1086
4108 8307
9868 2755
4770 9399
9880 4959
2194 6892
3653 7342
9800 4728
2295 3887
5512 1051
6950 7533
111 5916
1617 7034
8146 9700
8314 1389
9021 3616
5888 3545
9432 1613
3333 1661
3372 1979
1192 3388
8388 7599
8536 7998
760 8528
434 275
9411 4694
5510 9513
4968 846
2579 7062
6487 1301
8851 3976
8702 8389
6718 7565
9797 6791
8780 5707
6512 1411
5704 9660
5798 4111
2977 4149
1248 8094
3122 9744
1836 6175
4052 3161
7339 4785
2580 1868
1194 5285
9949 8173
8333 6502
923 9920
6485 8542
5232 5083
7841 1431
1192 8582
8371 3577
445 2262
7535 7156
8454 9574
8885 3188
9826 3987
8637 3932
3124 2630
3275 6711
8612 8826
2595 7506
2827 5222
934 7791
8915 10
7330 1341
7539 9610
3765 7177
6785 1174
3402 7616
3125 9924
6285 9022
595 8423
2469 544
3012 1422
1683 245
5398 945
5892 7726
2258 6229
1067 7569
7423 6331
9281 6321
3582 5828
3688 2660
7142 2329
1092 6184
8621 9314
3099 2350
6278 513
6232 6129
1549 254
6658 9873
9428 2191
5085 5101
5065 4832
4111 6093
7904 5394
5649 8471
3665 4703
8480 6377
9586 9753
8935 1017
1938 5562
7138 4717
261 9499
2904 2643
8285 8692
3668 26
3219 657
1775 5261
1708 3498
8574 4148
5580 7329
4658 480
182 8181
3206 6377
2275 6219
4801 3331
3126 3348
9008 324
2762 6410
1085 6476
8892 8304
1806 9592
4718 1407
2757 4909
4379 4332
1697 597
2496 7861
9654 8131
4720 4861
8324 3242
8280 7347
9275 6419
5083 4614
5300 7793
6335 107
5034 435
670 1715
6593 6079
9980 5364
5577 55
7572 7765
2767 1306
8533 21
1098 2532
5368 360
1816 5739
5622 9643
369 6248
1355 8545
6423 8129
1726 5069
87 7376
2293 2216
9843 4785
407 5204
4660 3629
6742 1381
4904 2792
1830 1551
1949 3320
3967 7920
4789 6774
8257 3430
4749 6490
5966 5055
5112 8945
4727 8385
9637 9309
4708 3170
5823 3336
4183 167
5410 8554
6324 8253
3276 9372
4368 8274
3316 1380
1465 242
6199 2269
8719 1798
3690 3801
2986 4673
2040 8937
9935 4365
3217 8728
5920 5104
5853 5119
9309 5810
1713 6907
8614 3649
6552 9744
3149 8291
3690 6810
1960 7148
5597 2573
4314 1410
5192 3763
2972 6122
2036 9282
9848 4604
2070 6412
5552 3407
2875 1302
2486 85
3899 3427
3130 5803
6668 9760
2221 4800
9327 7868
4079 2551
1480 4302
5295 4025
7947 2112
1153 9088
9504 4459
1155 3325
1740 2973
5918 4970
8236 1973
8898 4387
5979 6218
3324 6816
4794 7231
931 3032
8258 8184
7587 9399
7424 1437
7356 8237
2845 5916
9207 6823
5989 2580
4564 3981
8378 3386
6348 2591
5191 6060
9485 3348
5703 3519
4195 961
8166 25
2640 3235
2487 9203
6534 2465
7511 5887
8452 3802
1427 4936
1353 9965
1686 1250
5559 6187
336 4562
2400 9109
1159 8687
209 3833
6516 4096
9679 5174
3389 7979
9871 4943
7187 1014
6262 9766
1609 4166
884 1781
4902 8622
6092 4755
5761 3366
6864 6070
9672 8385
5371 8004
3069 6947
1959 3418
4517 8096
7442 2377
913 6954
3686 7388
7571 7932
9912 6254
9275 2069
5253 2619
5843 971
5213 5685
8709 9290
2518 4790
8542 9718
1771 7513
6608 8659
4752 1239
3327 8656
389 5741
7006 3272
883 3335
31 4245
9189 2085
5709 5840
4113 1120
6095 6275
5179 1280
2491 6477
958 9186
6810 1364
7635 2677
8348 197
7567 6645
9585 6124
6848 9271
7691 4325
4315 6440
3323 2588
9127 8919
3572 7143
6432 6396
4231 6233
9350 9865
9712 2931
7808 2463
8271 9037
2531 39
9371 6070
9839 8080
3338 5672
546 654
4448 7945
4015 2467
7077 2430
2901 7929
5598 7130
5466 6851
466 2939
6541 8959
1324 2560
9564 7671
8050 6700
8450 14
6928 3485
8591 5107
4284 2176
7473 4412
820 2790
366 218
76 5942
5447 2990
9075 3991
7043 9522
5793 6634
9435 760
1699 6793
114 8919
7408 2173
5610 3445
574 1585
7828 5130
6099 526
6956 1122
4437 8163
6643 8130
5652 1872
5475 2381
393 1720
9974 7875
6039 8908
4111 5116
7072 6881
4657 5920
4128 2575
8941 5779
1163 5234
2839 3563
7545 7540
4914 4944
1603 8309
2650 3927
7162 456
7837 1717
4871 822
4439 1519
1473 4520
8225 1392
5746 4381
1157 9513
1579 4005
7141 1905
3196 9687
1112 1366
9760 555
607 2459
9765 3490
6595 1111
6797 9962
5823 246
823 7027
4474 5339
308 5981
8199 425
8081 5919
3955 4083
5885 6049
2761 8451
1501 9485
1864 3320
5823 6691
7978 2066
9302 2676
7323 6324
8302 4708
7150 4164
9066 1830
304 9218
171 9207
969 4234
2038 3442
2150 2212
4855 4824
9954 8078
6416 99
9683 4046
6508 8076
3751 7156
1738 4857
7498 3303
7670 978
7991 2775
1769 3367
8335 6766
8405 2036
9114 3451
6149 9682
2393 4413
3193 5672
8268 1585
3429 7794
9240 8458
595 1633
2316 8960
8766 5229
7242 7878
8472 5391
2220 4222
9110 1833
6582 8406
7439 7563
5221 1251
2048 1314
3780 3320
2868 867
7224 3559
9210 2550
6523 4439
7727 1888
2064 148
5404 6051
2893 9003
5105 8856
1509 6972
474 4209
9263 5147
9701 5896
8683 4262
9198 3263
6107 2990
1460 2128
7464 1743
5922 784
2505 8313
1080 9319
818 7277
9382 2071
3156 9241
3599 6601
6357 3014
4729 1277
7728 7077
1043 4887
8117 4845
4177 8744
4938 1646
9429 2022
7787 9851
2620 3109
8746 6753
7086 643
9438 7974
363 2608
1519 7148
5403 6732
5922 8264
540 6234
2919 89
7529 9769
9183 4226
315 8251
6329 8885
7562 6718
6938 90
2781 3122
7810 1162
797 3988
4620 6349
3567 9252
701 1961
6958 3418
7392 3900
156 3700
7982 6800
4754 6314
8147 4876
2101 4325
2448 7842
4646 4631
6325 6736
458 3881
2634 5999
2363 7746
937 93
9131 8454
9952 137
4341 782
6794 1771
1865 4496
2446 6130
3354 1075
8497 2624
7993 6539
5291 6867
288 7066
4488 7781
7693 4814
3924 5034
9847 7149
3857 1443
3554 259
6731 8856
2116 7527
4679 507
8813 9678
1498 669
2174 8198
3650 3604
8942 5581
8471 3544
2495 4339
2510 7149
6060 4115
1596 2898
1906 616
3548 1074
7157 9383
6775 2875
3624 1495
4866 233
1974 8922
2022 7616
1614 8227
1066 2898
5550 6960
7866 6799
8626 4934
7046 1503
4821 7885
4033 8767
8120 8480
1062 1753
8060 504
2139 9827
806 8463
1105 8608
9591 4445
7751 8976
8541 1431
7306 7341
3364 4089
3487 9692
7685 8665
7000 8775
5922 3529
9794 3639
2216 7078
516 1429
9870 3375
9171 7050
1014 9843
8273 7714
2610 9333
6778 6625
9762 2303
7217 8712
8903 472
1965 7958
5205 7160
5362 8192
7018 2872
4425 5773
194 4885
8215 8712
9043 6847
1685 7485
4919 5142
9853 969
7804 9305
5763 2847
9878 5556
2708 5862
2823 6112
3117 5517
1693 9940
7605 8325
1200 6738
6515 8573
881 4183
8599 6867
6934 8305
9357 1745
8003 9944
7282 2870
6766 2969
3374 731
5646 919
4826 729
5800 3544
8693 4125
975 9090
6221 3407
9356 1137
5950 4487
226 9018
6097 3195
1026 4588
8181 4876
4525 2164
5823 5488
2569 5901
9172 6447
359 432
9686 2589
692 8576
5847 3627
340 4943
1106 5326
6562 7702
3893 6266
8499 6903
3462 8377
7761 8454
2394 1412
8375 9510
3387 9509
755 7627
4164 9649
3381 9918
6365 8368
4530 1707
8750 8851
9474 337
3735 3825
4956 9635
2294 7609
4246 7559
7443 7959
5587 2920
3511 5814
5763 4348
343 397
9907 7277
3846 4105
9540 4194
8254 7335
3178 6556
7568 4767
6975 6647
7824 4955
1121 8974
4278 2573
2545 778
7263 4218
687 290
2163 2436
4941 8690
7550 3625
405 4632
9434 5323
453 1425
4072 6914
8103 3070
5729 1285
1147 9234
1790 5883
8673 4167
7234 3692
5642 7633
4784 5556
8275 1836
743 7026
5424 7671
7342 8608
8368 6539
3512 8649
8564 4614
7161 8809
3638 4497
5591 4134
9324 2901
2903 6077
1648 1888
1767 6627
5004 2756
9973 5204
7817 9834
4600 5385
2627 8363
3360 3141
8183 2067
4776 3242
3715 6573
3556 9504
7652 8194
6938 8706
1138 4672
8467 7832
6127 4551
7126 8032
5854 7074
3047 5344
9687 1410
248 4462
4983 4834
868 8524
6537 3750
879 4673
2162 3666
4053 5342
9739 9624
8014 233
2027 2988
8262 3362
6088 9202
2356 2242
8605 8315
5364 1600
2197 180
2511 2972
8461 8481
5915 9434
9541 8178
1601 3313
9832 5675
9600 8524
9519 4089
4901 7225
4489 1068
4551 4625
1695 321
5478 7243
8706 4496
7883 5472
5193 8532
3042 1444
6319 1308
1005 8195
7054 7386
5443 5149
7109 9112
9187 8590
3019 6838
9422 3509
7280 4887
7482 3573
4818 7085
9261 9390
6602 6527
3738 4059
8870 1478
8704 8808
91 9681
1722 7489
6295 318
5162 5693
6748 2629
9 1580
621 1325
2993 8445
6134 9079
2096 7379
2581 2440
7586 79
4016 136
5933 3188
6927 888
6813 7529
330 6474
6067 1893
8252 2125
4495 3566
4479 6876
710 707
4873 1646
7795 4278
6180 497
6192 1391
6835 166
6482 4444
4324 5189
4476 6153
2342 5260
8938 3989
7242 2918
9708 6588
5212 6484
2713 1915
2872 8748
4672 118
9202 3898
7027 6860
9909 1931
6759 7215
6788 637
131 3582
2343 3627
6971 2940
6168 1461
3289 4003
7250 4434
2749 3496
6799 3405
9824 4228
3782 9673
4609 5556
9903 1325
9207 9234
1183 2558
2207 925
7990 1123
9864 4095
3023 7995
5669 3366
4500 8163
1968 5228
4738 1016
8500 6121
5898 5838
3298 2974
2754 5440
8641 519
6450 3629
1499 9191
3106 6938
8151 3823
3306 4296
4274 7052
3700 9594
35 378
7448 3523
6522 9680
702 7610
6389 2790
7551 6016
5945 1799
1417 5676
5841 3407
6704 1912
7616 7050
9997 3083
6597 4893
1458 6240
6881 5745
480 9372
8916 4210
8062 1414
3140 3991
3389 16
5789 2715
3749 2419
7476 8461
1586 3336
6143 5018
2525 3019
6454 6909
8783 1462
3243 2199
3304 3339
2456 649
924 4928
8560 784
1149 7857
2093 6707
6521 9928
94 7670
942 6522
3437 4885
1763 2789
9814 6100
6809 1272
9579 8704
1122 9408
2918 8850
2314 2541
8436 1651
8981 7422
4455 1777
3545 7104
1858 3803
6289 1810
7804 8444
6068 6002
6978 8085
6855 9374
5852 2295
7361 121
7311 9790
1928 7345
6697 1642
6082 8619
5055 1228
4400 2553
5428 1
4990 1043
5489 2954
6645 2277
8308 2588
8086 8999
544 4420
7147 3706
7494 2324
7069 2763
6498 559
8659 1008
9032 7040
8345 1803
1644 3593
3476 8890
5126 8152
2064 9269
4863 1548
7337 5456
1342 9548
189 3316
7254 4003
3751 6738
5387 9040
4673 4335
27 650
9409 8161
3731 9521
3645 1730
5397 1794
1093 7217
9247 629
3284 8917
4525 7414
4028 2486
5708 4986
3357 4832
5732 7125
9056 7415
3639 9290
8939 8881
9529 9351
7792 378
1747 3656
8984 9299
2307 7996
7899 3616
9847 1578
6655 3281
7481 1844
9018 6176
1834 6138
9682 3097
536 7299
8534 7975
1629 2108
6929 5851
2340 9083
7669 1850
6347 6219
8008 1466
8791 3025
522 4923
6021 9988
3641 6879
9243 9646
2003 9963
2112 5569
3044 1474
5834 9726
5110 9179
9166 8940
2049 3784
3196 3195
6916 3773
4991 137
9843 5607
6878 7204
2747 3735
2782 4337
4982 9595
5316 1458
966 4704
5532 6643
3591 503
210 54
3617 1369
613 7800
5181 3193
3434 4412
4690 6092
9790 5922
1257 5632
5737 3713
2261 6958
8663 4276
7922 8462
9738 4368
972 836
8591 6526
451 1743
9506 2370
8827 7601
861 1495
1165 3971
7534 5725
18 4909
4703 4493
272 6256
8464 3834
7135 8398
9377 1593
43 6890
8290 3980
333 6502
89 236
9199 3970
1900 2539
5616 9687
229 7051
6945 5113
7812 4834
3308 8387
5457 3697
1625 5679
8481 1598
3133 3116
7842 5058
961 2828
9933 7626
1706 8953
5330 1213
2824 147
4811 595
8877 4767
1231 7390
6224 5770
6364 8318
741 7367
5777 3255
6259 5081
5958 2094
9977 3394
9607 7523
6606 5703
1131 8930
4662 9988
7793 2128
234 4927
9576 5977
8135 9084
8999 1809
788 5624
1619 2317
3767 8614
2592 7078
7660 137
6212 8495
4073 9211
5438 4499
2657 2406
9894 2083
2044 2662
8407 5411
3189 9499
8666 8209
8446 7691
5214 5956
8406 8524
1849 6054
8755 7144
1607 3203
5078 298
4433 2685
5535 3539
621 3066
4178 7324
4020 5677
3603 4500
4534 3436
5812 5758
8802 2420
6441 6153
2384 1951
1356 3683
3725 7028
3533 325
4195 6378
5715 5142
3643 2900
2019 7635
8144 8685
1360 2246
1454 8101
1848 5036
3267 6124
7645 5083
6680 3384
8130 8886
4859 207
8319 9672
1785 1833
1879 4399
1973 5556
7465 2307
1496 8163
5143 4650
4067 4673
6550 71
876 2344
418 6858
9809 2675
7570 9746
6776 4346
6458 1690
4890 9663
1368 2831
4115 2186
5021 4328
8799 2071
1847 8164
8931 6668
2658 2224
4546 7903
7850 3139
2810 5333
5966 9846
2459 8585
2660 5193
8873 2585
4772 7884
7306 3087
7838 3644
15 8414
482 7059
7245 9561
5951 485
298 4099
4412 2465
9297 1913
713 7425
7461 5752
5448 14
7365 9306
462 6695
5873 7040
4450 253
5236 5672
7950 5415
8304 5868
6700 3538
6260 6273
9606 2550
2700 3889
8581 4673
2228 6688
8219 216
5427 6447
1028 5419
4843 4737
314 3393
8283 6234
9565 4622
5337 4676
7397 9635
9958 8821
7855 1222
845 7257
3926 9828
2544 4076
8139 4153
7936 3326
2944 8193
9717 1768
7423 8336
3498 126
2773 5672
2102 4667
6363 5624
2585 3447
5426 5348
7074 703
9757 3330
8563 5720
1273 7366
6551 7818
8455 2491
917 1894
5224 2507
2490 764
4434 3657
8573 2119
1302 283
6193 3821
3851 8791
1490 8326
7890 340
420 1301
6162 7984
8115 455
1663 1001
4224 5828
9208 3098
2664 94
7927 2572
5072 7299
6657 3416
8402 7812
2298 622
4859 1209
7803 674
3175 7449
1760 4843
6841 7073
3801 3617
1137 8738
3203 4023
4638 3563
9837 2144
2804 8461
6514 2091
863 7096
6673 4906
4541 3050
1555 2357
7057 8375
2189 151
7623 1802
4160 6600
5352 1161
1868 3875
5487 2656
5913 1859
712 7012
3223 6244
8833 2310
2858 3543
2368 1610
8603 8708
2058 6247
6055 4267
6232 6451
9458 6075
2121 5587
7610 8826
6200 3146
189 3794
1045 6557
790 8308
9193 6550
7518 2895
1788 6238
5990 5321
4744 4282
5100 6959
163 4752
2273 4630
2289 8700
8348 2888
501 6534
9240 2515
3853 7022
8208 8513
6011 7341
9134 5207
6858 8877
7972 6418
2477 9907
9162 1565
4480 7673
3829 4002
7695 3090
354 616
722 8787
6220 5860
5687 2769
9355 1207
1721 1592
1276 5431
85 1246
703 9581
5567 9547
4712 3113
9602 9413
8785 2059
8598 4517
6229 5394
1518 3446
4187 487
1452 1028
5307 8343
166 5556
3356 1196
5829 6239
504 9646
4699 9375
8321 8822
7616 7838
6874 6330
886 4137
5717 5842
4753 523
2571 2940
8112 7475
7211 9884
1615 7647
1084 2128
2831 6170
8741 8571
7196 7884
4238 2433
6070 5917
8480 1981
6914 4130
4590 1898
8409 8132
4997 4185
2256 2037
8830 8144
3013 5842
69 8247
614 186
7201 5827
8500 9843
8123 6684
3014 6885
4206 7549
7131 7059
324 9840
4707 6317
6402 3326
4454 2519
8946 1739
3949 3551
4273 9923
4505 8695
3362 4065
557 5373
5402 8506
8411 6956
3419 9169
269 969
7198 7415
2111 1961
6565 3225
4221 2707
8087 7069
3904 2732
128 5431
800 2703
9741 4111
873 240
275 2918
6213 7099
9120 5687
1233 2288
3180 5205
1544 8800
3328 6711
9748 4483
6852 9418
7253 7227
4367 1179
64 1911
8632 4845
7907 4829
891 6467
6720 6334
1997 85
9490 6239
2240 5252
2195 7606
1690 1084
9618 505
5863 9122
3721 6336
7150 7089
9073 8662
7350 3194
2671 2276
6956 437
2295 4936
9844 3332
5151 1011
859 6257
9449 4539
2994 9930
5050 6966
1519 3267
6547 9420
8706 4777
6913 8886
2852 8423
3621 1161
4243 7463
6066 2959
3053 7786
8462 2056
6870 8851
4880 2396
478 3366
3809 3952
6555 8137
3923 5235
5786 6839
7905 8875
7175 6374
8738 1873
6765 2901
5905 9081
6677 7385
815 5247
9232 7752
9549 6872
2563 5869
1888 8826
1053 734
7037 4739
4481 7612
2769 1313
9846 4340
7300 5954
2518 1461
9699 2840
9077 3347
1349 6399
4819 836
1583 807
3602 6021
4027 1793
5271 8258
9328 2856
4560 3098
3257 9644
3334 4712
9224 387
2444 8095
9219 5476
8926 2008
4074 1128
6049 4184
3319 6546
5741 5113
1481 9687
3383 7808
1335 1200
62 1597
5121 265
2811 6494
9724 3391
8518 1416
1791 5657
6548 219
7013 9258
9280 5335
9236 1328
5740 7080
4941 4234
1247 3908
5413 4706
7757 4410
7807 2486
3916 4428
9784 811
4443 3289
9034 3893
2690 219
6865 1457
8591 5777
5935 1807
1983 6276
3670 7734
4571 5795
4580 9632
73 1963
8069 3873
3917 7052
4158 8167
3366 9836
4925 3001
6125 1074
4296 3706
8364 8706
5893 2008
1039 3799
7370 4500
3115 2973
9118 5808
4869 5050
6973 22
6320 2679
4343 8153
7919 6091
8575 9093
1251 5430
6825 7317
5831 3730
9537 6729
6902 5726
9942 5599
6340 9244
9786 4767
9415 1992
3379 5721
1759 8964
5385 5701
3578 5963
2308 8856
2018 900
9094 551
4459 2346
6941 4226
3515 8263
6908 8251
5219 7597
5672 4364
7243 9881
5067 209
8251 6203
3902 9048
7800 387
658 9277
7061 6695
2488 1593
5416 270
3652 1660
7710 6358
5307 7857
2829 8622
2112 9092
9582 4052
9096 5146
1187 5611
5692 2708
9740 273
1334 3496
8947 2659
8432 5577
5491 942
2395 6625
1885 8819
7952 8135
8854 3509
7525 9341
5641 7666
5859 2447
8633 3155
894 2816
5515 5553
6320 6772
8948 1030
8858 9247
2349 4487
2978 2297
1205 5811
8767 6754
4671 259
7216 3740
5147 2116
7649 5521
5849 2821
2573 7933
353 9173
6543 6517
7621 9200
6152 4604
9535 4547
4419 4337
4954 9683
7877 7986
6810 9619
7341 9314
7109 9430
7404 5655
3748 2157
6100 1013
1295 5342
1539 6819
8124 8885
8105 9794
6079 8656
8837 4527
1612 2057
501 1476
4413 6129
1927 2958
9964 8852
8039 867
9124 1728
5848 3017
2566 6928
5605 7763
7314 6481
9545 9913
551 1244
1855 3984
9125 8750
5095 3322
2116 3386
400 2341
168 1951
1043 4625
1475 8087
4829 99
3526 3011
8450 5124
300 2217
264 4413
7441 557
7711 6635
2782 4319
4342 6493
8562 3650
1970 2629
3907 6824
1412 3986
9082 2665
5907 1632
6612 8164
4972 1759
251 9053
1389 4319
2975 3303
5596 6764
4601 4801
6965 7997
3468 6980
8165 2428
688 6624
2028 7073
323 5767
5297 3884
3901 501
8872 8457
1778 2311
8714 7629
1787 4767
1911 2244
2465 3951
6249 6396
1312 610
4013 9771
5537 6110
2522 4823
8428 9172
654 3730
1758 2347
7633 196
7612 7286
3883 9432
4028 8360
1862 1581
6611 6114
8954 358
192 8110
4939 4917
2234 472
2285 6629
6223 878
6407 1257
3589 4755
3309 7889
6382 8469
2457 4633
3083 6708
5914 6327
4061 361
8058 9108
6250 1878
4293 9448
2335 9036
4784 4858
9567 9873
8590 6624
3289 5875
7455 211
7943 48
1262 4928
2959 2539
6803 1215
1354 8512
4439 5161
2236 328
4083 1804
5438 5620
7109 4293
4279 5426
14 8597
3990 9970
4255 4880
2820 9208
9600 4505
220 8173
2480 9411
3615 1269
9601 1722
1282 4344
6871 9340
5985 5393
725 2280
1682 2401
9001 9450
3852 4405
9899 3196
1704 1979
6041 7961
5089 2429
8846 5656
5498 6759
4144 7297
2679 4948
2755 6898
9053 5247
5730 6400
8952 5075
5127 7842
2958 7086
3676 3444
3111 5517
8909 7920
1801 3456
4847 9920
1787 3757
831 6642
3105 67
8481 6746
1041 3754
536 7771
5064 3937
95 5825
2027 2107
8678 6940
2565 8918
8865 6333
2973 40
536 3801
5548 8780
6141 2523
5886 3441
4514 2520
4086 8085
4210 7902
4153 774
1893 4116
6575 3750
9663 6755
7068 1445
9473 678
5796 8127
439 381
115 2251
4208 7996
5785 7142
4830 8957
3401 795
183 3784
7156 6998
6009 4551
6834 6214
1512 7854
7598 3889
7170 4019
5273 5849
9424 6241
24 4599
7968 18
6890 2732
2020 5600
7838 9189
8385 6712
1842 7548
2400 9057
572 4912
8465 5960
4577 6693
4756 7991
495 9268
4817 7137
5204 8458
8373 4803
1749 858
7291 6827
801 8733
7538 8813
5808 2725
2777 9770
8773 4352
8544 9678
6256 6573
247 7267
2932 6256
4628 3111
509 5173
3600 2992
3482 290
4721 2263
1410 2130
1901 794
3471 6661
2470 3429
8190 9573
502 3446
4234 7090
1540 5993
5565 6806
1001 2851
2508 258
9073 3717
1720 9599
2726 1663
8770 2703
6179 1909
3108 8977
1113 7006
9469 5895
2696 7258
52 7829
5507 7114
3740 3196
9427 3712
9296 8922
7115 3703
3665 2140
8600 2830
3095 887
350 2464
6599 7156
665 3118
1630 50
9033 8169
1781 5922
7856 2430
7784 1981
1439 606
1133 8312
1992 1468
6557 8546
8092 4056
7524 1941
6388 9545
5691 3430
5252 1257
4005 9164
9990 8132
6791 2910
5670 5875
3488 6735
3925 6865
1076 902
9028 4403
2022 3784
6853 8492
1651 5863
3261 7970
597 6495
8711 6393
7722 7101
4303 3770
6240 118
6342 9907
3152 3157
5679 6628
7503 9300
2854 7794
9566 7317
1889 4969
2442 7538
916 6176
3032 4439
8793 2590
17 2020
7398 7262
3855 3459
8500 9245
6658 6789
9624 7793
3817 1533
9669 7202
7421 4017
6905 4370
8412 9285
2790 6829
5361 8256
1589 5142
4946 1955
6640 8674
4941 7609
4067 4180
5066 2190
9854 553
4675 6737
6540 572
1678 5322
3940 343
6725 8086
3732 8724
7232 2753
1041 2169
6939 6864
3167 6454
3457 1973
5234 3098
3046 2259
1268 1103
7714 8416
4635 516
3170 3137
6005 3538
6377 3572
5157 2917
5124 4917
4691 3073
1658 3605
1473 1503
3297 1215
1199 4042
675 9656
7229 5771
5153 8788
937 5276
4582 8061
6466 6938
8226 577
9697 4240
5556 5497
4924 8542
9699 9324
5223 9871
4353 531
4496 4271
5969 7164
1888 9084
2926 9122
986 5608
4594 2773
3601 2436
7880 316
7672 7162
4480 145
1178 1322
5273 6229
2074 5669
168 5866
2991 2250
1099 8156
5300 2386
6974 1993
7586 4727
5039 5292
6795 603
7230 1793
7635 2380
6466 8194
252 9801
8742 4198
5607 5239
5333 1102
7863 5299
2946 932
2921 9847
7111 9042
9816 526
4272 6825
2243 4903
3286 2142
6756 8952
2556 5638
671 6439
1826 2992
7843 7911
2931 2672
6246 164
9993 3650
9975 7583
5270 8016
7654 5214
1436 1596
2621 4943
7769 8461
538 5763
5308 9785
1798 6234
5219 4528
1745 8047
8829 1136
4813 3358
7996 1185
2642 175
5618 2778
5120 5289
3854 4068
9207 6126
6966 8831
2583 351
5851 5690
3883 4406
2562 5126
8675 2062
4856 4947
2663 8659
188 8567
6113 3953
4834 9605
3850 7260
7071 6940
4686 8026
9410 8163
2360 2426
6115 3194
4384 9126
2168 6250
9612 430
2488 8202
7254 8842
9397 9829
3607 7144
4132 4777
9883 7902
4099 7543
6827 6531
4825 4261
1470 2157
1370 9383
8466 2951
3238 1641
997 3496
9155 8703
8353 256
1289 1879
2059 3277
9767 957
133 1728
807 2780
1362 7072
7264 6792
2077 7943
7911 6396
6280 2553
5395 9126
5639 6412
7627 2480
3918 8512
547 1376
3631 3613
2535 9250
1258 2763
8959 3116
3317 4472
3221 3245
6153 2705
6338 6867
1230 355
9701 4537
7294 3707
118 1020
639 7124
5393 1466
7637 2544
9394 2375
3257 8601
9429 6981
5440 6464
4222 5241
447 6324
1968 7884
6056 7235
9706 2555
1732 8075
6132 7099
4026 6763
2528 5660
7153 940
1992 9940
5904 4945
3745 1747
5970 4244
9820 4116
1931 6441
8235 6389
3132 8085
2756 6331
1300 8575
179 290
7826 3211
5844 3272
9060 5922
4262 9652
528 8103
1550 5249
4715 2360
9875 4908
1993 5598
3815 1731
2698 6309
3822 8775
5794 631
926 6754
963 9786
8485 5618
3007 1764
9929 4314
1421 6277
2206 16
5763 9128
4922 5364
2896 2857
9958 2351
6152 2572
620 6614
1551 9665
1937 3823
4408 2157
7740 1431
3535 8267
735 3394
9828 7931
8599 865
5714 5508
5223 837
5343 3008
1972 354
4236 5682
6450 2547
5625 1398
4563 1276
1167 9250
6 2201
8203 4703
5148 688
7423 5966
7726 1389
6706 9687
8006 1041
4229 7555
6344 6412
396 2518
6096 2932
8642 223
5384 500
2506 8013
9633 8076
1622 9781
2350 303
8196 9720
3204 4800
7118 4709
8111 1659
3736 6067
4735 1564
9250 6643
2885 8129
7080 2715
9907 7937
8419 6888
399 2490
9391 8579
3099 9684
7483 3662
4470 1248
4804 3969
4155 4504
5655 7523
1103 5951
6808 1480
5115 4475
4001 6424
2842 7598
1819 3740
213 4074
6083 8495
9955 166
8772 9570
3264 3414
1201 9482
1944 1122
2468 7735
8316 4296
3928 3013
6155 6672
4458 9624
4210 2540
6607 2938
468 9546
7400 6282
8631 7208
520 4287
5626 5371
8767 259
2330 2788
8400 6833
929 3016
6623 2471
7088 8591
7031 6266
8895 9572
1856 5851
9643 3983
6715 6219
7861 4523
6889 3168
9352 8503
753 572
4572 4348
2350 4111
8883 6299
7581 1928
7758 8175
9330 7110
404 3551
9455 8947
6760 9088
2151 7295
5528 760
601 9283
4182 8362
6560 3379
1779 9841
5441 7600
5251 8492
1269 3718
350 2855
283 7214
9967 3415
7776 7222
9457 5901
2260 7858
244 2662
1933 4563
4043 7658
7016 2362
2375 3784
7504 9584
808 8083
4667 8974
8535 581
370 1415
848 1033
8610 4551
1950 9566
4508 1630
3980 4352
1396 7999
7705 9408
4535 3451
5007 110
2458 3011
7463 8347
7571 2584
3428 6899
2707 4704
1108 1228
3429 5964
9611 8190
5636 2812
3546 10000
938 3259
7149 1874
4285 2443
1209 1540
9551 4752
8488 3041
4892 5438
2248 6921
9781 6817
2957 3827
4609 7829
1511 1257
3447 4074
5766 1893
1036 3658
2744 9920
9963 6362
3251 3453
7458 9374
5825 8314
463 4382
6747 4445
3137 3401
4958 7626
6341 6219
3742 4096
4845 2350
8335 3908
1240 5413
2517 781
5722 4615
6135 4741
33 5618
6888 1937
904 7702
4200 9434
7813 6583
8250 8326
5389 754
4377 1444
8703 4269
7630 7419
3365 7058
8368 2753
6781 6784
2227 3761
6538 7911
1934 8343
8259 2972
8887 4429
232 7936
9593 5279
5079 8422
2233 5540
3709 2990
8528 7404
7635 5015
9419 4754
8361 6676
5222 49
6377 5328
9729 3995
5999 532
9734 1662
6233 8046
23 2204
8891 7622
1094 5236
1418 6782
1821 2131
5520 3585
1529 2173
6093 6256
3999 642
1336 533
4688 9020
2514 795
8558 5792
5656 7832
9841 2548
4204 3757
6063 4554
4445 8913
3761 3265
1276 4015
6413 9507
3163 3573
6336 1213
5803 5959
2379 4187
395 3707
1451 837
5671 4737
413 26
8864 3854
1095 3255
5616 731
9985 4056
7035 3430
7620 5501
9444 5389
4723 5646
1467 736
9658 1063
5751 3729
2303 5335
6454 3409
1195 8197
4442 6316
8970 1911
7651 9439
817 5107
7815 8977
5963 6688
7317 6993
9010 1294
6990 3440
3262 4353
9501 8724
5634 3751
7015 4548
1702 1694
6988 2334
8907 9951
9891 6468
3628 7324
8307 1618
8501 8048
5863 1572
6293 2790
9445 9570
1061 9111
9867 8673
4427 3392
8642 3413
7387 5055
6698 1919
7859 6964
9030 7373
8570 1487
8687 7520
7573 2947
3361 6915
2609 8058
1242 2110
5435 2843
2485 8802
7349 2008
166 116
6875 8938
6270 9022
3613 7324
7642 9789
2321 9542
175 2459
526 1130
424 9906
2454 6387
3939 5615
7671 1270
3485 5411
3508 7254
2735 161
8437 6723
4361 7934
6186 3213
3690 8633
4578 6269
6418 3868
5566 1868
4731 3845
1486 7878
9104 6178
3078 9980
8759 912
7716 9022
2332 1262
4800 981
4214 1043
3286 3489
6466 7462
454 7329
8598 2313
7419 2370
9898 9430
123 5497
6313 5550
6449 2464
4194 8074
4349 5045
4225 9386
8944 6510
679 5
980 2916
8174 4958
2883 9627
8930 3831
8293 3092
9198 361
8127 1720
3229 6679
9045 7656
3791 592
4464 5280
9826 7924
3786 9369
763 7069
9098 3313
4513 5626
6619 986
9568 7501
961 1175
3096 8700
9624 2252
8230 3696
2732 5035
6127 4140
8238 4060
9876 8625
5385 3937
8332 1353
9981 7200
7641 8797
1719 7975
6924 8235
7420 8980
123 4484
6946 1602
3609 5156
2724 8965
6767 5635
3568 8856
5049 6772
6872 4473
7793 8353
1540 9163
3722 837
3943 7616
8475 6398
4130 6078
4405 914
6440 2524
8881 2439
9157 557
497 1646
7926 1957
2861 714
4176 795
6866 2962
3549 2985
5788 5672
6621 6975
7964 6624
2504 405
5465 2678
4751 2677
5448 2902
294 5370
4317 8221
2710 6547
286 9873
3426 447
9291 7190
3181 8940
2835 9658
6422 6737
6586 1611
9910 3082
5651 7634
8332 5076
4357 6882
4009 7593
8739 8174
617 1854
1427 4908
2805 3142
4978 4606
274 2549
7936 1231
6626 5441
9279 7633
357 4983
6648 203
7209 8182
1763 1598
7612 8063
5473 1983
2590 2463
9678 9921
1075 5223
5526 8045
3972 9740
8978 5852
8689 1071
6683 714
4842 9054
7136 8933
5423 7385
7973 9346
2063 9683
2812 6764
8596 1539
4940 5809
1786 4332
4436 7839
139 9921
9372 2590
3091 9228
5482 2817
595 1878
3674 8875
4007 7754
3754 6879
4760 937
6331 1410
772 74
4322 1456
6966 5207
9715 4800
4431 1817
1823 7392
4840 5607
2203 2693
9588 4437
5548 7540
4676 8358
5293 4804
6043 5422
3959 5855
9097 6112
5739 5393
1409 811
1621 5734
6112 846
4089 2751
9089 4218
4174 4161
8110 3908
3300 1775
3192 2108
6272 5204
1756 1935
7121 7133
4386 2281
4947 102
9923 3917
9887 906
6906 6056
2826 7189
5926 3980
3711 9354
8277 8268
2743 1231
2489 8197
3018 5488
8958 5084
1442 8123
8173 3236
238 9958
4002 8983
1502 6349
4885 1870
1655 1337
3992 6614
6909 787
9524 4719
7576 6744
2663 8351
3948 211
6938 2185
962 5176
3289 4630
5442 9692
4021 8409
1827 8438
7623 4116
7614 8416
3164 3014
6735 7118
7368 4276
3819 736
5490 8040
4230 5169
2043 8428
6059 2078
4631 6526
1164 5878
4003 2022
8488 658
6741 9847
7874 4121
7959 4066
9728 7536
2451 6370
3388 2974
983 4965
2750 4816
8606 936
9425 9382
2013 9982
9015 6079
4250 5215
3071 3409
5562 2183
2173 3552
7375 7945
1371 7946
9804 7516
241 3617
1348 4828
1623 6534
7414 1820
7407 2270
7404 5186
8122 9557
6963 3864
3787 5889
1287 3418
9393 5837
7659 7588
5478 6446
8487 5972
7343 9262
1365 797
3141 7770
6531 8132
5762 1786
4406 1334
595 1086
3988 4167
1638 2464
9857 512
5312 227
3266 7708
4220 6354
791 2778
4435 2288
3057 7247
8322 4023
5238 9487
2879 4548
3054 956
134 2437
4655 8867
3518 444
8767 8458
5968 904
3893 1926
4622 9907
7328 9820
1897 6788
9024 6435
2910 8862
5145 6856
6147 4770
8130 4979
9768 637
8023 1064
4134 1136
6727 5883
8164 5196
3587 4174
1538 19
1188 8328
3744 1787
5503 9500
2308 2033
4247 6934
3603 985
8888 5058
6189 1083
9450 9534
5835 5174
7223 9273
9835 9191
6152 6699
9944 1133
7158 1326
3513 6283
7108 7326
3420 4226
4569 3699
3717 8098
7454 902
6191 6613
8068 5115
9073 148
539 2751
9471 790
9612 754
625 285
128 3512
4527 4715
5294 5195
3880 578
5744 7605
6948 8821
3657 527
4771 1338
5441 2022
7087 4439
9309 6059
6326 8605
2941 8470
124 5264
8722 4757
8880 4271
9882 8655
824 5751
8843 1293
6800 9559
9799 2658
3680 3894
9135 8305
8095 5299
3411 3009
9694 3372
4000 166
7867 2144
8889 2360
3250 8014
9192 3391
6869 5570
4824 6421
1805 2319
3586 7868
1961 225
2649 6934
6578 3875
3625 6714
3253 2713
8757 1525
3417 6275
2901 9169
5177 9970
9423 3382
816 7084
6594 2940
1192 5057
1089 9486
5714 2878
822 2267
9819 6512
7563 698
5527 9954
4809 1318
9307 7297
9291 2674
1366 1985
1507 1170
7417 4744
6367 168
3139 6950
4795 5826
2877 3363
9644 9495
4854 9815
1591 1142
3194 5223
4092 107
9181 1552
1228 7255
7382 8251
4003 4370
9128 8047
7 8539
1755 9811
9536 56
3329 8953
3083 9897
8633 3034
6158 4044
7363 1795
2704 6179
7958 1195
6241 3762
1941 7367
3506 9685
5922 5926
7486 583
3491 9007
7081 303
7805 2675
4088 9155
2313 1456
2145 4316
1430 2591
8102 7386
6500 4245
4195 3538
2291 2833
4730 3990
2561 281
96 3787
4732 8715
8176 2984
6222 3322
9306 644
4129 8655
7154 6420
172 365
708 5108
8721 6368
6360 8961
7319 7292
8633 9872
6533 7582
682 2127
4984 631
6526 1014
5978 9203
5555 7017
4898 7635
2060 345
6443 7020
9324 8767
3629 6769
3029 5158
3422 2765
8341 7885
3914 2558
1730 1861
3065 4927
6375 6277
5385 9556
7505 3554
1707 2239
5564 2798
8019 2586
8486 7390
4612 6013
1877 1893
3626 4236
4422 5701
9229 9723
479 3647
6164 3922
844 166
309 3749
7024 6709
4852 9202
1887 4012
8146 3655
1236 2856
2765 1239
5966 2317
9636 5936
948 8734
9936 9562
2433 3647
4232 6782
8477 9250
3574 6769
8780 8385
6116 4212
2117 2119
3886 5410
5668 56
6454 1672
2033 137
1104 6952
3687 8784
3527 7093
7636 4539
8542 2182
5445 6454
6711 8234
9736 2011
9899 6662
9400 6165
8507 4139
1017 9117
1606 3118
5517 5599
4023 1213
9820 9958
7202 871
6882 6632
7730 4425
3316 1231
6078 7459
6510 4475
781 9113
9743 6451
5222 2304
2112 9332
1774 3021
3235 2229
5198 5542
7887 3200
8581 7375
7435 1883
3697 9599
2534 1643
9227 627
6258 1617
6687 2854
1374 3991
7112 5513
4125 4003
6650 2080
9311 4239
6558 8260
33 9896
8705 6229
658 7245
8365 9941
5326 9078
7954 8021
2615 1956
7758 3551
6577 948
6633 4828
6016 4131
9994 4264
3582 1662
8826 316
1677 4073
6489 1383
6138 8165
1249 2204
7124 4362
3166 8776
954 1767
5311 457
8146 6920
7931 2083
2976 1558
360 6812
1142 5427
4282 2042
7892 6719
7038 4557
4653 4914
2076 9274
6497 6773
8615 2687
8983 4933
6481 2490
9358 2152
569 2518
9397 9825
6919 6791
6581 3322
4535 5267
8107 8601
2923 6596
5215 49
227 6581
4219 5234
8332 7239
4916 3582
8759 4437
9326 8961
4629 3418
3503 7084
8653 5721
160 6080
221 5209
5087 1327
7205 4735
132 2257
9429 2675
843 5872
7636 8811
5135 3692
2348 6256
6033 8202
3158 5214
935 7643
9816 5071
3394 2467
9674 9410
7420 53
9992 3932
1405 2564
7458 3837
7911 7010
5560 6931
7286 4927
7774 371
1488 9689
9594 2044
915 9951
5176 1718
5778 2692
428 4284
7896 5723
2272 9089
7932 5441
1429 3034
2026 8074
4502 7719
108 2984
513 1314
8291 3082
9218 2584
6425 9681
7402 7538
2790 5511
2873 2964
1237 4763
1238 3687
7734 767
313 1871
3560 7227
5542 9322
664 9351
1500 4737
5517 2216
687 4561
6805 746
6685 3664
8185 7789
7404 2166
6362 8079
6499 3525
2324 8685
4289 7840
5187 8009
4859 6322
3860 4993
4475 4763
9600 8309
8707 3508
7869 9184
670 8808
4142 3692
4627 9276
7677 9983
2760 7875
7681 2318
526 7059
7047 2540
825 1195
7930 2131
7179 3791
8629 7081
290 4248
9360 9042
212 2992
8294 2869
4598 1104
2105 4946
113 7148
6888 3421
5229 8097
9432 1731
3969 9778
1973 6810
2398 7084
3033 4963
9973 6812
6877 1772
8839 1423
5010 1157
3164 1086
3903 4416
3915 7104
3465 5801
2476 2560
9221 2710
4365 5625
8697 3490
4543 7519
7255 5657
7924 2212
5216 8006
5355 5826
5282 8491
1136 4115
4714 3916
535 97
9776 588
2785 8057
5982 3188
694 2192
7140 1884
8140 4165
2800 3525
6054 5685
2690 7751
1828 9208
3011 1482
6802 9265
5332 2916
8881 2654
6592 945
6101 4540
4860 71
5832 5625
656 8183
1797 9026
531 5968
1614 7034
9093 6160
5815 59
8522 1743
7436 1131
701 6923
4084 4355
7324 2602
6755 2057
7302 3899
649 4512
6719 1515
9768 490
1424 4785
8483 6086
8358 4625
4952 8855
8438 3087
7428 6957
2355 7594
2798 9516
7155 1045
4844 9092
9173 8659
7298 8012
3898 2291
7132 5236
273 1846
3901 6233
4644 2033
5976 4399
7754 2869
44 9589
1915 2219
9139 9402
9416 1831
4655 3036
6488 5054
5597 2656
4787 7017
7050 8112
7791 6236
6525 7072
3066 8194
4519 1652
9494 6278
8267 8347
586 9342
272 8810
3165 5332
3180 2595
1276 6301
8713 6680
3693 7208
8176 2270
1367 4731
1278 2761
1358 2959
8445 1469
8975 1807
9140 9228
3100 4938
9132 1073
9020 3256
1662 7107
5925 1986
2267 3293
6954 2249
4039 2017
169 2846
6831 1883
4758 3273
663 6482
9363 8003
4443 5309
7888 7785
3388 8803
2912 963
864 9000
7606 7357
273 6709
5472 595
8838 7533
9277 9477
3464 4067
5968 8955
2814 8820
7313 7726
5782 6804
3562 8538
948 6666
1058 8277
7735 148
2372 9088
6196 2138
75 5299
1576 8017
884 6656
7910 1497
2171 1968
2033 9198
4366 220
4822 5864
4356 8194
612 8538
7740 5656
5872 3627
8493 978
3254 6551
7210 3585
3270 3078
8315 4042
8635 3733
3510 2691
8217 8893
5618 7287
9843 6750
5357 2760
1172 4295
5505 2394
3260 8777
588 8666
2663 7177
6307 509
7767 6604
8965 2755
8779 7625
514 1136
2141 3010
8118 3622
8828 9918
3525 7102
9398 5960
7041 8332
4986 5273
6016 1120
8439 7598
6391 8061
4918 8217
89 118
2736 2208
8016 3789
6431 1648
7821 7905
7021 4742
5237 9360
3810 9275
7228 3099
4634 2816
8409 8745
5855 6279
9040 7958
6592 2953
7865 7143
2742 6484
5225 6231
9905 9957
5524 9274
9550 5990
8968 4
6873 9288
443 7732
9951 1265
7388 5902
4774 5181
810 2637
4439 4667
6891 8004
8520 1290
857 9992
4423 1804
4234 8217
7383 8276
8331 9980
1639 427
9605 7931
4909 3770
6492 4990
333 8761
8969 2630
2466 9925
9151 6377
4504 9720
2507 8506
2336 6224
350 2928
449 838
8646 5569
2320 1473
8126 2992
6854 580
9335 2580
7239 5921
3136 2637
9421 5289
9587 9449
4682 1892
3412 3339
6359 7824
8996 245
7725 949
5477 3244
8957 5672
3647 8363
1886 2244
2295 978
9182 6343
4447 5422
9099 6696
4006 2412
8065 2616
5471 4170
2073 1593
6883 9437
7497 9323
8666 2572
4319 8521
6781 8388
4654 5751
8256 88
1422 765
2502 163
8425 5057
4019 9257
9260 8668
1681 5616
2637 9038
7212 4741
5386 8615
706 4074
6771 6357
3651 8886
6076 8938
3119 5680
885 9817
7862 887
7823 3642
5285 1515
4784 2819
2427 9327
8760 19
2937 9732
8439 4542
3947 9995
1047 8928
5981 4553
1508 5365
6387 1188
6786 501
9925 5361
8949 1715
9217 1619
6937 4948
6553 4553
8615 4535
8504 5622
2258 8881
1573 4248
9763 1844
8867 7168
1516 7249
2931 335
3098 7530
4689 8046
1049 7274
1162 8227
3783 4913
3799 6657
9020 484
3620 8058
8435 5298
4108 6267
31 2128
2196 5416
2633 8448
3787 3830
1009 8917
7084 7433
582 6806
4589 4416
5628 4087
1203 3102
2105 566
8500 494
8647 927
6049 4670
3792 8003
4192 9133
4320 3849
7087 5800
5612 9625
8684 6587
1961 7191
1597 5116
273 4715
9991 9865
2855 7983
8286 557
2436 5345
5792 5223
7001 1789
6460 3242
838 1044
6231 6284
2886 2081
7676 2911
8195 9448
602 7040
2462 5987
8743 4123
9483 3265
5069 8698
321 4626
798 4223
929 9758
3703 8132
1772 5664
1083 576
3485 2102
6100 1505
9793 3567
7689 3219
9689 2768
6751 6394
9580 9512
378 9051
548 2120
1352 9856
6366 2305
7998 7149
4829 5902
1753 7217
7283 494
8149 6470
6455 1343
65 6639
9267 4701
112 1973
6459 2163
4947 7738
8278 3513
8927 3470
8924 4177
9340 6811
8490 7708
8221 5977
5506 3150
11 2798
3234 6025
895 2985
3187 1694
7058 6684
3436 4424
4235 4763
3821 2644
9369 9128
595 3694
9256 2142
9201 1319
4411 49
1549 3690
6785 8447
5765 429
2859 6592
4035 8160
9642 5539
3182 307
5549 7366
7083 5060
7038 5229
4147 8687
2841 7638
5497 6845
1727 1460
1256 5000
3076 9216
2211 2491
2946 3819
3594 6619
8156 5771
1373 321
647 8314
869 6891
6632 5018
1647 791
2039 6897
9238 8441
8682 427
7336 1853
2017 287
2748 5455
9174 9628
5306 6520
1086 9305
8062 8347
2959 9322
7460 3770
3954 6703
5833 2411
9791 5154
7077 6390
2435 5
2976 3273
8347 3583
2474 4403
7319 6309
5132 8500
2413 2158
1162 782
8405 4932
3291 6785
9327 9130
99 1407
2676 33
4359 1011
3000 9758
3370 6774
1078 777
8814 2584
7901 6775
9616 4048
3890 2951
9308 8275
5484 77
8957 8210
3489 114
1850 5928
9272 1430
8463 6733
960 8698
6754 6607
1556 957
9982 2515
3393 1471
3619 2830
3194 8494
8314 9644
4611 5434
4109 5319
6935 6027
6601 5031
9758 6470
5608 5373
9205 8919
519 9974
9067 8745
5055 1815
1603 4354
4415 9017
4619 4737
6820 3761
553 8460
7845 6136
4124 6025
832 5887
3197 6966
5121 6080
9493 6985
3876 5379
7276 5531
5799 8088
8342 196
351 9323
933 3393
2653 6264
3997 4382
660 670
6255 6219
2950 6804
6529 2687
5858 6243
7980 345
5405 6019
1575 6160
2707 4295
7832 5629
2539 9395
8677 2330
8482 5152
3161 4361
4741 1911
552 9189
9100 8323
2233 7803
9961 4368
513 4065
1987 5594
5360 4629
3295 72
96 4955
6128 4222
9164 3985
916 6047
4894 9240
2425 9962
4100 9898
2844 1394
2187 6283
4747 3381
9369 8853
2539 2829
2931 7433
5209 4500
235 3786
1920 1148
6078 8012
1670 4645
2109 8021
2803 8846
1296 6513
9866 6104
3433 2458
6239 5556
4545 4457
6042 6859
6844 1979
6148 2303
8577 8078
8288 7446
4829 7250
3023 6206
1479 27
6881 5966
4477 9892
6796 3196
166 9223
8829 5507
5350 5507
3694 1112
2933 7008
2209 2361
5300 5622
3849 172
1869 2360
3555 9198
9877 1895
5586 7896
9810 7748
257 5959
38 1151
4189 5185
2366 8561
6257 3572
2712 8669
5633 8474
1206 7213
2964 778
4701 1515
594 5281
1333 7719
9805 620
7396 8058
1860 3375
2100 2797
1680 6827
646 7908
8922 8553
4310 8392
9716 1500
5609 1957
5546 3289
1016 720
5862 2966
5656 1915
3982 2497
8031 2224
3027 4442
6177 8678
1653 2727
9203 6451
2661 8775
997 8000
3400 9266
1402 7547
4999 3255
8015 9229
2005 1969
2783 2515
556 7196
4371 7250
3920 1985
3361 4769
7777 4153
2768 2713
5412 781
9193 3467
517 2572
7758 4295
510 2690
8058 6608
979 320
7242 9052
2968 4
4755 1549
2866 1481
523 5867
3581 955
5694 1413
6371 6521
7675 193
3477 4102
631 8957
6646 2403
5987 1078
3358 4407
5518 4509
6073 425
9687 9380
5481 4416
9059 1490
3666 9441
4475 5158
4207 8284
8680 5335
1991 8470
3145 1426
7218 1811
8279 9226
9093 7936
1878 5142
4684 948
5556 5680
211 3919
4212 8451
1737 6489
4063 8152
6959 4281
255 1538
7403 4535
3542 3855
9749 3353
6062 3567
9893 7651
6709 7500
9460 9266
8382 5961
8867 3896
1100 4185
482 3
6592 9105
1030 9429
7904 9908
3123 6103
4475 7772
8297 7598
3598 2383
9603 1171
7136 9320
4510 1364
7443 4632
7970 464
9489 3740
4736 7191
2468 487
1154 4736
8845 5168
3747 8406
281 621
829 9995
910 5607
3701 1739
3611 8194
2596 3069
9738 3563
1878 3172
1185 119
2578 1801
8281 9322
1513 8660
9711 6016
7898 2318
4803 4049
7258 1133
9170 456
3289 188
7016 3461
9107 5437
4812 4552
303 7662
1666 5603
382 4893
2942 7555
2992 4598
4457 2586
8011 7698
9157 519
2559 837
2112 2817
6006 10
6215 2931
2054 8762
3991 3068
9604 2189
2313 7589
9216 6256
8544 3211
4966 375
1570 5402
174 7944
7632 8
7683 743
7700 4011
1440 4086
9639 4828
9766 1175
2094 4549
3214 9637
499 8877
6943 1664
7833 9514
2673 9509
9259 1316
6149 3954
6296 7872
9886 4727
587 3020
9522 3801
8313 2499
6234 9884
7783 1415
1814 9167
420 977
7025 2465
4167 7847
1388 2976
3233 223
1245 6799
1151 3453
8888 7416
6553 5818
6618 4153
4787 5788
3386 9214
298 677
2996 6610
4874 5919
4444 8524
8005 2114
8136 6707
1929 8229
887 4944
748 9848
4870 584
1711 8073
7940 3836
9023 459
6441 8143
9705 1821
5754 636
9315 8152
8990 8692
5795 4708
5054 9093
821 4026
3530 4840
1770 96
9656 3763
464 259
8860 7599
4316 60
9137 2518
6999 7253
2103 4557
6208 135
8443 6970
8279 1538
545 859
4364 9917
1530 1757
1813 6164
9204 9122
9759 1054
1684 592
6591 942
39 1657
774 2075
7002 4971
2961 3910
5155 6584
1413 2128
6198 2719
2244 8138
5856 7536
1342 2468
6025 7196
2369 516
5068 848
3230 1391
4722 3500
1014 9593
9548 9453
8178 5878
2106 337
1538 6992
4209 4755
8299 6734
4669 7087
7208 2786
5254 520
1587 5431
6740 2854
9284 4111
195 6424
146 3931
1953 6051
481 2628
2715 1445
2780 740
791 7487
8001 6658
5807 40
9343 5680
6211 2605
9920 7149
836 6052
118 5507
4101 5217
129 332
7194 7494
5401 3527
2817 7631
4667 4003
5486 4877
5507 9722
750 1172
3271 2429
5507 2829
7489 3159
4881 6505
6243 345
6811 7456
1274 2191
745 1230
676 825
9160 4630
4843 5788
8551 9599
2346 2568
5768 8975
8180 2124
7423 9620
6977 5799
2717 7022
6793 2663
3321 6886
1179 4396
5249 5816
5650 4345
4787 3524
2377 328
8035 9251
9885 6634
1599 4128
4363 7836
2723 1578
7055 4758
9702 9446
4680 7499
8554 3773
3031 4213
7840 5251
8325 8684
7326 9744
4252 1287
5575 9612
459 2085
4693 8974
437 3752
8505 2406
914 8526
5208 5176
7236 1715
8231 7773
733 8866
6553 5904
4205 7548
2407 1400
6926 8852
4865 4335
5385 5478
4244 6235
8209 9673
6243 1107
1464 5719
8919 3536
5136 219
8571 6926
6240 9691
564 1807
434 4387
2380 3074
5165 8724
58 3932
211 6297
7789 8941
7500 3750
8535 2153
8690 4987
7011 3140
8779 2108
8163 8878
6308 8353
1076 4004
1363 7784
3162 4060
2732 739
8270 2655
6975 567
2217 5831
7848 5841
2998 8343
1315 4635
2853 8889
461 3702
5339 9420
2589 1125
6868 4727
1281 7783
394 5220
8655 5632
6452 126
1903 9112
4226 7884
4610 6876
7752 8514
4382 8192
3871 1946
8222 9283
2366 1479
8362 4377
3673 5001
5150 8693
4632 1819
1540 608
1780 162
757 4544
6454 3694
8609 6214
1640 3378
2522 2770
5656 3082
6589 897
976 3962
8247 9877
1598 2167
2128 9230
4093 6412
4239 2887
6991 4923
636 5757
999 275
1252 412
1777 4149
4735 1652
9554 5658
8971 3573
8679 5992
2325 7104
6284 8688
9413 8561
91 3562
3045 3322
2973 9953
3399 1327
3545 7832
1433 3426
2274 5845
6105 1927
8593 5306
3582 8200
4865 267
5492 9361
2342 990
6907 3353
5460 7547
6539 6734
8727 3270
4840 1859
2791 5220
7014 7446
4232 6187
6239 7975
3756 5331
855 8341
9800 5689
9831 9826
5553 8184
4181 1192
6447 4681
8370 995
1908 9460
9998 9010
8515 5449
1401 4410
2675 6001
7776 4462
9451 5464
3567 3623
276 7187
7303 8347
4511 9925
6294 4063
7969 4065
3867 9696
1671 4896
1244 856
870 5803
2546 650
9986 6736
9930 2169
5259 6661
4438 9883
4156 5894
2663 4746
8134 2022
2874 2337
5582 1960
3194 8194
8980 7038
395 8524
6791 3618
5378 2645
5462 4931
4135 4038
1410 5887
3292 8198
3086 3692
4070 3023
4667 8811
5015 8207
351 9649
440 5196
9698 8098
2730 9487
9957 7588
4058 4808
705 7519
1171 9088
9381 2107
2214 8990
2541 9890
3061 6534
5965 10
8700 827
918 4005
8351 6056
8205 4831
7604 1506
1173 6527
9779 2933
8806 8669
1457 3995
8020 6170
4364 137
1942 816
8072 4322
5687 5522
7312 762
4069 1961
2616 9717
3790 8015
240 6493
1645 5753
8656 2612
9309 3098
3392 5328
9612 6119
3120 569
1787 7421
4829 3758
1408 912
1645 3014
2410 3980
1753 3084
5686 8382
7032 1846
1674 8687
8999 9683
312 9532
979 8089
4029 7243
2717 4546
206 1683
9838 5236
6012 833
5073 2950
7910 5672
5678 2827
6726 560
1065 8843
7351 3803
8706 1036
8602 2203
5960 839
7735 6969
3017 9123
6332 3218
6040 4584
769 6641
2659 6900
6574 4312
3639 4767
1937 9687
9532 7477
8084 5853
9862 8598
5911 3784
6178 4283
7931 5261
7380 3058
5494 6229
5266 6760
5222 532
4393 1030
448 2962
3648 6126
4795 9421
6209 8260
9276 9957
1844 4015
8756 5313
8592 8986
3682 3834
7634 8698
5080 8947
6478 3119
7700 1113
7065 5902
4753 3359
1577 437
7648 5128
1604 3859
2860 3281
9333 634
2510 9778
7181 3333
8206 2112
9492 6822
1097 2839
5996 7136
416 5320
2425 6056
3942 4746
2987 9234
6826 2641
9683 4483
3661 5808
9411 6349
1345 6544
6824 8522
5458 6810
4096 6958
8848 2791
3196 9740
6123 7040
9472 8680
1878 9754
4518 2932
5244 2495
1959 9246
550 4413
4969 3160
1083 4320
9806 7324
2843 3402
8380 431
2984 9300
8934 9825
2643 4996
958 9936
7916 8276
8332 9161
2189 6310
7338 8525
5369 1931
624 4552
7574 1257
1329 759
1899 5689
8104 9980
5287 5889
7816 7305
1649 5292
5385 7092
9860 5886
3802 8609
2867 9002
984 688
1481 7788
9774 6154
9446 2145
6417 7976
8893 7288
1464 7912
3437 8341
3974 3544
7559 3448
9314 4712
8519 8562
5103 1778
8397 625
352 8594
8269 8749
324 2530
2388 3951
6150 9718
4981 5497
2933 1878
9142 513
1170 1279
8973 7205
4536 3238
9636 8684
1128 222
6311 823
8484 6364
7145 3477
5659 794
2052 920
5655 9038
1526 8325
7262 2037
2472 3231
3941 4867
4491 6642
2590 2510
5948 4658
3377 5361
1707 1027
2331 7727
9575 921
7958 7936
3934 4701
2329 9167
2732 4599
1744 2604
8798 6853
8349 9785
9294 1424
6598 6317
5876 1284
4757 6247
6377 6750
1728 487
9919 3899
5370 7366
5315 7766
3843 8090
3528 4659
5055 4265
4153 1053
1391 8771
8367 7003
2801 7749
1318 7613
5415 4828
4962 879
2647 5128
201 6494
2729 1126
1072 1327
778 2110
6427 4639
2591 1861
2016 5727
5041 3993
8503 7338
322 6474
897 3227
6977 2715
2875 4602
6048 5570
3762 6938
342 3395
2883 5001
8690 5926
9815 8202
4203 6773
7301 4081
9003 1779
1145 8441
391 5548
2686 7766
9925 3135
6528 832
7601 1913
4163 8754
8701 6189
7762 8838
4437 8420
828 9683
34 9445
3834 2693
8523 6155
4611 3729
8962 2964
1271 4648
5477 9503
1280 5531
621 7485
194 9175
297 5669
1031 6590
2115 3396
3431 621
2269 5743
746 2259
9687 4403
114 3293
3539 8954
3130 5165
9668 6935
8304 249
1730 1029
8699 8402
6916 845
9729 7984
59 4179
659 4897
5688 1689
933 7655
9526 4581
2936 1426
346 223
9832 70
5506 1803
109 3423
1427 6614
2997 5454
1598 2440
565 130
289 7528
3397 8581
7836 3799
9530 9418
6721 7244
9242 7682
3617 3325
6077 3497
9353 1600
6880 845
9495 5340
2547 4207
385 2703
3454 4852
1584 2339
9628 7479
6556 8384
3773 1598
4324 1566
6255 8184
1484 6719
6030 19
4183 8844
5134 4443
7285 6117
1431 8070
6522 8513
8688 3956
2155 8453
1696 115
9632 125
9280 6302
6188 2818
307 7673
1124 7392
7628 3055
1086 4205
7754 8684
2137 3798
5876 641
4597 4399
2164 7205
1825 6351
523 6343
3975 5984
2792 4596
2720 3316
9946 537
318 5038
3427 9191
3194 1973
7206 5097
2022 2880
310 6646
8055 2161
5390 1783
6226 6016
7379 8198
8551 7038
1437 8994
3245 8173
3604 5258
2685 7449
7750 5010
4914 9361
7117 3010
7734 9334
2918 9253
5193 3832
6299 7013
5324 311
3509 8767
5476 3414
5429 2691
1775 6253
6643 3126
1179 2790
7347 8685
5725 4715
6566 9092
7966 3093
1134 4748
4614 5346
198 8322
3856 7642
1990 8364
4526 7779
5967 9952
466 3976
6127 8923
3361 6553
2468 321
5200 7996
4201 7569
5711 8748
3390 4482
8414 6479
2713 9421
2897 738
2808 6243
1784 1000
4566 8156
5317 4712
6113 9006
5667 5848
5037 5707
1375 7642
4368 1937
7589 5808
7555 6102
7661 8228
1666 6398
8481 9416
1963 9319
6327 2830
653 4031
7585 7628
1762 9696
3111 146
8995 5441
1796 3385
4416 8130
6624 2381
6746 3930
5619 9557
2726 2007
7096 1463
9499 3616
7992 7929
3444 2477
9959 6118
626 6738
3718 6472
4314 3713
1011 7997
6532 4716
7521 2825
6435 9633
2052 1691
9088 414
3560 9347
4651 668
2263 9369
9070 7313
4753 2517
6567 7366
7116 7767
5735 4813
1093 2310
8824 2486
7321 5556
4014 1769
3489 4418
7070 9928
6049 9073
7957 7115
4369 9186
5140 8253
1986 6143
1930 8234
4633 6832
8712 9459
5604 7661
3238 7059
7519 2300
5887 2538
7552 6652
6216 1320
7220 7301
5509 4993
5943 1817
8335 7125
2532 1602
67 361
7871 9075
4379 7658
5117 7156
941 6445
4352 2416
9206 3598
2871 8158
7109 490
135 885
2686 9344
3667 8546
2869 8552
6576 7081
7999 5698
5813 3256
7581 7643
2782 7720
9644 455
358 1410
1384 576
3004 4111
5331 4791
940 7785
5165 2341
5444 7521
4746 7022
6074 8216
6615 5478
8388 4683
1588 2988
1006 3546
7587 6704
3627 2413
7163 5019
1328 9850
7512 3323
2589 5645
2257 1015
1191 8729
6333 5319
3816 1649
591 9114
5547 786
6817 6962
2284 1959
1560 8176
4911 322
2020 3482
9443 490
8377 1519
727 4466
6356 4175
7983 8884
473 6205
5354 6139
9153 6488
9004 9299
1197 2666
9218 6568
4391 4572
8782 5245
9619 3089
7895 286
6545 8554
6511 2295
7860 5813
4698 6972
3449 2733
1589 5320
4554 1709
4973 2228
7100 6761
313 2281
5593 5884
220 719
4931 4205
8317 1518
5478 7991
1873 3819
4713 938
2790 678
9461 4247
6859 6266
7962 3749
1497 3246
7485 8849
7119 3481
8881 809
1825 4045
2876 9464
5919 7863
2110 1705
3425 9109
388 4403
3611 775
2010 4063
2188 4015
1613 2807
2041 1301
2736 6964
6992 9737
2899 2850
2520 3361
9636 2790
709 6825
8376 9774
7186 6409
6195 1208
4497 432
6955 8594
8245 1900
7104 732
7005 1112
9478 8404
1221 3853
8116 7938
5954 9451
6669 2652
6892 486
5661 2381
3719 7752
7744 4821
8264 1557
4587 1533
9229 9531
3028 414
2232 7636
9518 8915
6605 3312
3588 4232
9932 6075
5779 753
683 7870
3289 6198
5837 9329
2160 5991
7399 6594
645 7386
5573 4668
4835 4049
5707 7215
3793 3602
9304 9636
130 5230
5346 1185
1528 7327
865 408
230 8638
6405 4290
1341 2319
8703 3901
3639 6672
8509 619
1014 929
1302 3971
6613 8012
2216 2864
6879 8255
6476 3724
4332 6625
1152 7420
4522 2441
2276 3135
2668 5253
4305 6870
1721 4988
6729 4775
4294 9647
8740 7441
3528 7474
6303 6853
3085 5618
7158 6156
7862 3921
6122 1213
9112 8681
8672 3878
5396 8289
9488 5435
3892 9048
6588 8297
2271 1114
3224 6004
3716 1263
4117 7591
5680 759
9798 8549
7516 4496
8667 1988
3121 2412
5141 118
6584 1399
4215 7992
3740 5830
9252 2033
5699 7254
2052 8584
971 7875
1700 4958
9167 8761
5606 2816
6806 8516
258 2183
5676 5450
2965 8997
3366 1523
4057 6128
7307 5572
8556 5349
8618 7062
4465 2741
350 6022
8753 7984
9869 3913
9099 332
7324 89
7780 2880
3459 9642
51 1940
1765 3389
5358 1560
991 5126
8557 677
6876 2478
1904 5895
2481 9957
9268 8980
6125 2327
4701 6526
161 392
555 8581
599 5466
1832 1220
4381 4815
7090 2631
9833 8099
6283 3479
6501 3988
699 8152
3291 5922
5983 4134
9252 8332
9035 1433
1622 8145
9659 8601
9200 4340
2669 121
5691 1598
6741 6248
446 4361
3518 8085
8146 5934
1524 5505
5749 715
7796 4745
9343 9383
5581 9397
5890 2489
6111 49
9123 4588
9855 7857
5952 9666
8077 5643
7227 9560
5414 6346
6125 410
3257 4928
6024 6659
3336 8282
3361 2784
691 9157
6463 14
7149 9781
6561 3783
112 8607
2769 4802
9264 4612
1957 8479
4858 110
8220 526
9389 1535
4338 2199
6728 3188
1640 5861
9418 1670
7941 1366
581 5433
9771 1707
7325 1959
1404 10
299 8818
8306 7049
560 9532
5980 1600
9168 7859
4442 9027
7956 6539
508 5303
3154 254
5084 1382
3323 464
5598 8586
8391 3752
2310 8648
3067 4986
4755 3938
1202 7300
6837 1068
4468 1020
5451 3964
411 2055
5814 3506
7523 1808
3384 1444
5624 7513
3734 7599
8630 7149
4621 2693
8642 4953
5738 6759
9338 3274
2376 6070
4909 6860
9406 6221
6651 3712
8777 6686
6399 6581
3585 7585
103 3752
773 2949
1143 792
7983 20
162 604
4170 7290
709 8346
3637 6193
2009 2134
1210 8525
8932 896
8205 408
4568 2527
6671 1620
6681 9680
5890 6045
7684 5705
7995 8473
4701 2407
4835 5436
8374 8019
2907 8889
896 8737
2326 5570
2883 4861
7030 4530
4057 2235
3016 8037
2948 5513
5915 6665
1086 301
7755 4991
6032 3364
7208 5524
3704 3972
3753 1710
2974 693
1563 9230
3663 9725
2908 1724
8190 9979
5775 5344
4487 2095
9902 4703
3799 422
2218 8668
5476 7598
3698 7463
3080 4221
2102 6263
2097 8461
8549 7202
7967 5472
1821 8404
9039 5711
6970 2819
4370 4783
9231 1848
4172 7858
4127 4319
4531 6117
947 6383
4012 31
7797 7786
334 4412
6054 296
8392 8610
7978 4465
6947 7274
9465 5183
9497 951
926 6584
4920 8224
2288 5953
3004 8657
9362 6986
5446 9356
948 2630
2833 4816
5879 5010
1193 9086
5765 4521
7073 7569
3794 1565
2503 7227
5408 2955
6462 9546
3443 457
2172 5469
6705 1059
6456 5204
4333 1491
5204 6685
4605 4542
2050 2447
3590 9875
1156 1078
7531 5966
6693 6573
4820 52
4095 7872
9158 5166
4533 8029
2327 6057
5954 2180
7289 3972
8517 381
2406 8137
1786 3892
4841 8831
4358 9540
7221 5253
8415 6569
4318 4878
8768 4276
3107 7514
1957 2009
6850 749
2597 3713
5416 6385
7783 6196
5158 9959
9333 1160
4136 8991
6240 4748
9152 3449
138 4424
9283 701
6031 54
3690 4003
7098 3568
3482 9468
1114 6256
583 9314
9016 4343
5750 3532
441 9320
3547 2404
1100 7984
3258 8781
465 9961
3218 1014
1736 7034
8335 8324
5488 8524
5846 9196
515 9681
5265 7341
9200 78
9088 7476
943 7189
8684 3987
6466 4754
1403 7563
896 4203
4507 79
3001 62
2845 3501
4907 5911
7229 4139
2727 9482
7566 3004
3970 1265
2813 9936
3288 8501
3484 3737
7615 4410
398 3113
5227 4291
2990 4561
9563 7535
3207 4102
667 8150
7423 9874
1943 7208
9687 1016
132 1180
6618 3708
4523 4256
4923 1862
705 2433
6287 2760
593 6812
1585 8841
658 3833
3037 341
1464 9576
512 508
6838 4084
2233 50
236 2652
5771 3575
6694 5334
3960 5720
8341 2309
4257 2416
1359 2971
4786 5242
752 8594
5996 3215
5140 5561
4846 4185
4442 5876
4493 3378
4829 7870
8936 1894
6653 8903
6378 7146
6995 4551
2365 6551
4505 1875
6952 7640
4559 8994
7820 920
6195 1923
9452 3095
2360 1667
4030 7367
6620 2417
8551 6861
8712 2027
3593 4506
6456 2731
3761 4789
9309 4810
674 8530
4040 7488
4283 7747
162 6396
9138 5957
3447 5184
5800 1292
4319 9657
4248 9532
9216 2665
8878 875
7862 1922
5102 7167
375 2545
8248 5394
4407 1327
2953 3466
6149 4526
6784 9213
5636 8457
9037 4825
1175 9115
4398 406
4015 9812
4884 4696
1435 7162
753 3883
9570 2711
3849 9447
1474 9902
5871 1967
4146 4056
1818 936
8966 887
237 3629
8162 8009
430 4275
4397 6305
8481 6894
233 6705
7713 1551
3200 100
4137 3934
2270 9310
9194 6816
5583 8434
768 4174
9123 6570
2290 2084
7920 3690
4426 9431
1493 9167
2493 6505
4584 7100
4068 3739
1898 1961
9543 8795
6722 751
3257 3282
4851 7069
893 6277
7638 1636
187 3388
8183 2376
4141 1474
4861 3945
4974 436
7787 438
1055 1178
9484 421
5164 7973
5228 4711
8472 3209
6079 7893
4293 4024
2958 99
2768 8366
5705 4612
9147 4238
1253 3303
9576 5874
799 8808
8847 2675
1216 3680
3640 5380
1963 5970
3627 9133
8071 1918
5348 4712
137 2700
2031 9436
3072 1786
9085 5959
3380 868
3647 696
2233 5090
8029 787
2570 4891
2319 5903
9879 881
4406 2703
3070 992
7527 6385
8782 912
4661 4345
5540 5630
3113 9177
3842 4940
5045 9584
9295 4181
7835 570
4312 7237
9226 223
1793 8590
9740 2713
1546 4059
3518 6608
2663 3507
9792 1976
2266 6343
9705 329
7021 9574
2345 8667
6272 7694
3823 6480
5851 7938
5777 6362
1549 6676
4971 4307
6705 6734
7754 9308
8503 7377
2028 2997
6791 8743
2015 680
2431 5050
6821 8522
1819 8137
854 1727
8532 8444
9397 3404
7696 1551
329 6798
8041 8435
9863 3657
4216 3815
8178 4993
8610 2149
765 7113
3988 9775
6116 356
7156 2133
7858 5234
9148 1600
9539 2281
8569 7558
3629 1308
9849 5955
2228 4562
180 8720
6237 5617
2212 3872
880 604
4465 9197
5217 5577
1665 8992
7199 8193
4324 8307
654 46
2636 7814
1731 7222
9882 5406
805 1990
2224 1936
6330 669
9178 7238
8056 4368
9597 5429
6386 7331
968 6380
7987 5777
5998 8292
9937 4970
3244 5037
7253 6960
635 7493
813 5852
8812 5926
819 3648
2764 4991
5268 1605
3273 2065
1519 1676
4893 932
5840 3665
5657 3684
1698 19
8533 2123
9401 3506
1527 8796
6960 5485
1184 2753
9154 7700
4323 892
1948 3179
1866 3740
1618 8449
127 4389
2429 3093
8492 3843
7245 4268
7466 8524
1491 373
5397 3056
9405 6850
5530 4195
7247 2067
3781 2689
4015 5385
9811 3974
4648 7086
6137 5585
5031 2334
6488 3318
2720 3961
3343 2129
9639 2313
7462 8921
8310 679
6129 3730
6281 7591
8489 3960
3470 2580
794 4996
9198 4814
2534 9608
3232 3168
4399 5729
2890 8108
7412 8767
3031 7303
5276 2286
1175 584
2541 2638
2946 9220
7174 2860
4364 9540
403 5868
1446 8103
1070 5859
1438 9895
8716 3907
8863 2900
3200 3936
2875 6445
2071 7985
764 3039
312 5733
3045 9795
7960 5880
7437 4213
66 2715
7208 2856
1226 6348
5416 8748
9644 457
5991 7183
31 8764
3415 176
6037 4346
705 8611
540 657
7754 8300
6334 7452
2788 8098
7348 2659
1937 899
3963 5043
3062 1323
1038 7250
701 7851
4819 3538
5060 45
1260 6195
6638 7834
7918 5374
2333 8351
1685 9830
7840 2727
3319 3881
1985 4807
3312 4071
9013 837
8728 9064
9578 8385
9203 1264
3524 32
8512 4808
3795 6426
1237 952
2493 8101
4986 5839
6879 1748
9936 3830
1293 1866
8456 6043
9324 1181
3376 8660
5278 1561
2269 2360
9836 7768
6038 2042
5774 2116
8418 3898
4421 616
5522 7241
3866 7422
3520 3800
4434 4162
1945 3499
4313 463
2452 269
268 7377
579 6967
2468 6652
6773 1146
5048 5349
3521 3316
4378 3081
8409 8529
200 415
1039 9044
6089 135
6872 3150
331 6091
3153 6577
5088 4210
8659 7726
9667 7899
7650 5777
9594 1179
4606 5968
4050 923
4585 961
9214 3094
5877 181
5657 381
7318 1293
363 8237
2225 6569
442 5178
6250 4267
7506 9650
8251 9877
7975 2983
2268 6221
6554 2483
355 3617
432 8539
1345 8128
619 2394
6490 8743
4054 4956
8157 3084
2642 4347
7277 9379
5725 239
7504 4098
7872 7233
2297 3349
4057 5988
8270 7948
7728 4409
9658 5307
9800 3517
3361 3014
1443 2732
2834 7324
2386 3779
1350 5533
1786 4297
9615 9596
433 8114
445 7782
6185 4445
4551 5234
6894 2889
7686 1570
5130 4062
9123 9184
8139 7369
5539 1642
8826 5791
6193 2344
7207 7803
7946 7931
2509 2269
4824 780
2695 4500
1270 910
8227 866
689 107
7589 1926
1874 7798
8442 5239
514 450
4666 6928
2376 1673
6449 8866
3371 9220
3898 6075
6471 4715
789 9782
3245 295
6503 7528
9276 4376
4628 7629
6014 8405
9927 3769
9649 9625
4067 6361
7803 3502
1169 4283
2857 7085
9610 3905
430 331
4771 3355
8386 7217
4179 2905
2809 9295
538 6904
4023 652
4960 2934
1919 4886
9270 8188
1430 8789
744 5035
5688 3017
246 4270
3418 4001
6085 7317
3343 1597
9466 737
5592 9905
2107 5333
5499 7692
5475 7171
1882 9237
9483 4656
2513 8947
8575 3228
5852 8511
5884 8030
1011 9364
1855 5783
8871 8214
3630 6445
9808 3836
5204 2604
7050 114
2184 197
4037 5747
6888 448
6065 2973
590 6634
6741 8054
3146 5772
2939 8243
3337 482
2449 9368
680 1319
1187 3441
2022 6327
2471 4978
5075 2069
7133 4352
6019 3426
1056 3737
3279 5385
34 5264
511 9344
938 3021
9978 8226
1973 4437
8136 5563
2721 395
2415 6815
1558 838
2468 5872
4611 5887
7681 3794
8711 2317
5504 5306
1309 6312
3213 1504
5996 3713
9287 5257
4567 6385
3024 1600
9188 8528
8858 500
2876 2338
7537 3312
995 4202
3580 3417
6495 6840
8496 2615
1337 9808
2147 658
6444 2053
7257 9022
2981 8012
9181 2601
6846 8879
1616 9945
1001 4167
5304 7868
5288 7130
1434 4698
9672 1594
1848 7189
1658 2282
319 6001
6166 6006
1768 483
7065 2023
2021 5278
7687 8584
7240 5614
9034 5932
9401 2159
2434 16
885 8458
9369 7544
481 555
6454 6232
3320 8536
8855 6458
7372 5933
8828 7734
680 2045
5836 7489
6630 7168
4492 7991
3266 9634
388 469
7033 6785
3516 7589
2116 5971
6120 7214
9314 3143
1763 9926
6061 7432
7577 1132
1883 6643
6866 4977
6510 8990
4541 1389
3142 190
1711 4529
5717 7578
7315 5367
2379 9367
8481 5159
6527 7581
5273 1409
5269 1940
6108 2558
957 9665
6636 4669
7882 7202
8224 9114
5247 7373
3486 5500
2358 5015
9780 1661
395 9753
1554 942
4355 7165
92 9752
7390 7595
7191 7597
467 8352
1299 2956
4862 6435
6829 6637
3469 4080
8129 3049
8771 4425
4484 4848
6020 2439
8030 7668
7825 6401
4651 459
4300 2666
4667 2519
5164 2647
5930 5432
3118 2402
5536 3785
6368 9624
2449 7596
8769 6617
5009 4437
9208 7751
8735 5977
7690 4665
6465 654
8098 6819
890 2625
3103 8599
2648 12
5422 8500
1957 2468
6574 3127
2307 80
5850 5961
6899 4324
5160 5837
7904 2680
1902 8665
4974 5813
4759 9834
8775 7989
2029 9116
1821 3673
7340 1535
6374 3266
7467 2965
6483 9888
9341 7275
486 7335
3282 8339
9735 7149
6989 9415
8045 1139
7667 9044
9725 5926
4868 7763
2352 6125
3632 1805
3093 1597
3285 1975
83 2288
929 1123
9598 6468
9803 1854
3998 2728
7587 2887
7353 1668
6421 1182
9374 5096
8859 2962
9107 2936
696 2848
5595 8857
9012 7319
1188 6200
6489 8591
7078 6828
2034 56
7978 8531
7867 8062
4676 5283
8049 9735
9631 3539
1801 9014
5329 1444
3186 5154
5993 5281
6899 1215
215 5268
9671 1799
4402 59
611 7340
2147 998
6002 3674
5842 2428
5166 5647
2624 9688
3064 4254
8990 7515
6647 9156
1189 5465
9687 6810
9335 6716
3870 9015
1995 6570
7265 5800
809 6123
467 6420
1025 6762
5122 4618
8986 9582
4528 9676
7977 4382
4399 349
9709 776
6996 2189
1302 3277
9248 8118
5968 6057
7096 5186
4028 3460
3285 5229
5892 1776
5815 5165
4910 2392
3968 784
7803 6130
953 5125
5799 6617
8595 5727
7493 3486
1485 3605
7488 5940
4211 2440
5267 5941
2106 7771
6408 9329
7479 1423
2617 8723
6377 8048
8598 1992
7564 1624
6857 8399
4512 1642
9827 4130
2945 4475
542 1558
5177 3788
6283 9440
3746 896
8984 3052
8548 6176
8429 2069
9720 6810
7266 9870
4677 5666
344 4702
5046 6054
3140 3798
9432 10000
2465 7484
7292 4368
7320 7287
1712 5247
6049 7753
4260 1259
2428 1395
4373 7776
8550 7347
265 2125
2957 4964
6674 4357
878 6098
5613 8997
6829 5144
7059 6833
1083 5676
3854 5470
609 4901
3905 6461
6145 79
8661 9049
1841 633
993 7591
910 8758
3313 2402
6908 6261
6496 8241
8846 1129
4406 6683
6183 4662
5609 8788
7059 1148
2691 7597
8211 6254
5313 6348
4766 1201
2091 9375
4986 7139
7799 9604
8377 8156
6216 6021
145 4441
5238 29
6333 6006
7721 9026
6884 7471
9145 1502
9002 2075
6027 6893
4897 217
8189 6278
9821 7993
6454 6216
8314 7137
630 4668
3784 1189
5060 665
273 6856
9172 3674
9426 8527
6912 2494
5441 9559
6331 9954
3649 8146
408 2564
8082 501
2312 3010
6936 431
220 9968
5625 9787
4532 2246
7149 3877
2957 3694
3444 648
6153 8633
2658 8797
2730 8468
533 3824
3784 6661
7781 461
4616 8249
5707 1136
7583 173
1864 2816
7704 1522
108 8242
4934 4208
4149 9090
6513 6585
1416 8348
3283 6201
6876 2666
571 3845
8076 4420
4130 3883
7297 5256
8417 7125
7740 1111
9938 2111
8233 4202
7334 1014
8698 9642
1560 2603
6354 8940
1227 1117
8929 5032
2080 6897
3259 283
9498 822
5335 9087
6536 205
1033 988
9475 4323
7389 5713
2759 4193
2089 8125
5037 8061
7749 4916
4573 8094
7433 525
8147 6690
1741 2305
8192 5416
8038 1297
1495 7600
5386 2947
5306 6278
7656 9878
6914 41
4832 8688
371 48
4643 6216
2918 7011
9610 6242
6823 317
5595 4876
7401 1769
6473 4791
8006 5452
9229 8324
9677 6005
2925 9406
8781 9859
1651 7760
829 6
9053 4883
1063 74
5193 9222
9751 9560
1254 8821
3196 4944
8423 423
8132 5707
2160 3873
2752 2882
6099 2795
2165 1456
6406 1616
2935 538
6849 5852
7044 8305
4916 2973
3824 6282
7066 7661
5683 2160
1082 1270
9886 8732
4718 5955
7345 406
4788 6362
5691 2199
263 7532
6667 153
4276 3519
7296 25
3763 9719
2004 8212
9433 6412
3694 9172
1427 9093
2690 1701
2322 7033
7182 7375
2161 7133
1295 5906
2584 4864
374 1297
1303 5576
4308 6526
4902 1243
2943 8354
241 8882
5334 3900
4362 5480
9577 89
2768 341
919 8542
6304 682
6472 5381
9286 809
4152 4856
1888 4286
4802 5051
3874 7764
9189 4876
6644 5973
9086 6202
1196 4074
1158 8670
4278 6783
4249 5204
1168 4118
7796 4042
3979 8110
6164 1796
1015 3740
6016 2051
1794 9974
5431 1980
3268 3094
3110 2774
2465 3345
8481 1073
4291 1051
1635 5193
9536 7488
3061 2367
5034 6411
7513 5816
383 8057
2122 689
2443 2529
5624 4906
3299 8574
2008 3040
9999 2288
4828 7082
3784 5183
6078 7227
619 6238
6811 3706
5817 4055
6598 3989
1717 2483
9827 71
4051 7089
5081 9940
1332 7173
2493 7092
853 4578
6307 6049
8654 104
2156 5401
5108 8694
6169 395
1104 3194
4158 7517
8980 4146
678 1393
5251 9337
5131 4948
7397 1346
7097 4931
9755 2392
7293 4639
6626 9014
1330 9282
6583 3888
1318 4165
1189 779
1275 2412
2484 4792
5382 2168
4608 1133
9614 7702
5412 4175
1977 3690
9246 6660
9225 5052
5507 2793
8014 8389
7619 9092
3766 9266
1606 9972
509 2177
5319 7122
6234 148
3834 5152
6604 9009
6006 6810
1133 5887
6750 2645
4405 3248
8381 6592
6094 5784
1310 1660
254 5380
7124 6466
1840 2927
7988 1374
4251 3332
4946 5911
1694 1926
7920 5296
6732 6600
4899 3828
764 3883
6408 7364
4667 3513
5061 7846
8152 5540
9636 1819
6843 1453
1207 3779
8196 7110
6384 1925
2299 2444
99 7632
6078 9792
5622 6328
2226 3497
4585 5284
5351 7981
189 1272
9252 3455
3679 2679
9193 2401
9851 4500
5379 4362
3642 8684
9982 5438
2302 4047
4931 8440
4980 1800
5954 5734
3036 4240
7654 4173
5300 7654
771 4012
9653 1515
2508 2802
6823 9791
302 6535
9532 2615
1115 8301
3478 9925
278 1960
7292 5027
5074 3389
9736 9645
6086 6444
9989 6624
563 4251
5764 3682
4327 4299
8085 7739
8450 2829
4321 2477
1425 4791
7978 5032
1255 1244
4388 5431
7249 2241
8581 5336
7776 4430
5374 7928
8561 9456
421 6030
2729 591
335 3848
9068 6059
619 842
8164 3386
7416 7894
4025 847
4632 2982
4719 5742
7362 2283
7205 5974
7840 5441
5530 6327
7193 2580
8372 4633
6080 4607
185 6907
6014 6702
4668 1926
9986 4148
54 3647
6333 3710
3049 6408
4169 4688
8424 2370
585 9256
3801 7227
2492 253
9198 295
2769 7542
5102 8652
4944 9437
672 8576
1448 5325
4171 4583
122 7909
4110 3636
9102 2324
8957 4424
4487 9904
9733 1117
2358 4796
5478 8804
4264 4324
7593 2526
6707 2092
5901 5314
7964 7831
627 7653
6700 8906
2822 1027
2958 4190
8201 1236
7079 3629
3470 5883
5638 5118
6214 8790
5418 4835
8401 9285
3795 1764
9067 6245
3195 2920
5701 3878
3442 8289
4316 3785
9980 2829
5330 7845
4439 6218
3662 1119
8927 8027
3229 7676
5874 5347
1218 5996
5233 5904
2495 8999
9694 1223
8874 7490
7079 9642
6626 2607
5824 8210
3938 2259
3185 5507
2360 3469
1613 9285
971 4905
2098 3661
9366 8763
3227 6181
7086 762
8430 1023
7057 5752
6834 6291
2626 8268
7029 8349
2308 7045
6484 9590
7944 9209
8113 6210
6851 7039
8027 967
5663 4167
2342 6832
9742 9760
8953 7782
146 3699
5037 2967
1687 7323
3051 7214
5478 3692
5442 5756
2854 274
3910 8073
19 2488
6684 7785
4921 2159
2014 484
4715 2090
2600 3039
3077 5421
5675 6522
9687 9520
6613 4998
5206 481
1789 1225
2281 5800
8291 3720
4316 2420
8584 2191
8751 6792
8076 1528
7067 2775
5721 8100
5330 7894
8666 9235
817 8908
4475 8298
5655 311
9826 7322
6123 8960
8617 6036
1448 9266
3524 8502
5087 3980
2615 4110
2314 7736
1010 1846
1291 7945
3272 5922
4449 4483
7884 3390
2423 910
7170 814
4664 9517
8497 1386
481 8263
6286 9384
68 1568
4344 493
8547 9255
6576 486
7557 5571
4404 1892
7304 8752
9414 5922
3173 593
2450 8654
5120 4186
3936 905
6580 4036
3718 7913
1042 6331
8767 3784
2915 4525
2237 3145
2765 8587
3238 3726
5247 1494
2355 7657
9126 8715
4993 7324
5723 1810
8620 7617
8156 1035
7415 3985
9842 5607
3580 4504
5542 7580
4010 7814
5013 3144
885 1422
1639 939
8210 5197
8694 554
721 5991
8414 2715
61 207
162 4490
9553 4279
2939 2178
9592 2901
8369 4879
8142 4230
5757 8010
471 1728
2923 3797
1836 5695
2431 9402
2102 7999
143 8247
9899 9753
3608 8853
3312 1656
5301 8912
6376 2593
5091 9494
2783 8276
6564 6970
1881 7812
909 2035
1900 5757
1878 8059
5246 2984
155 3494
1394 8807
9658 85
496 3522
3879 7392
8918 8758
867 7134
568 8736
9510 6676
5315 3033
5719 9143
1449 3144
292 8581
7180 8745
9913 7902
8968 379
3473 2397
6749 2499
1030 4586
7583 1014
773 4674
3755 759
6603 4271
5246 3058
2362 8061
8439 6142
3350 9675
3211 140
1211 3242
5685 137
9407 8385
7642 6198
7165 9122
5556 3010
8897 8511
1187 1519
2146 7521
4932 3169
4242 7804
394 9966
7305 4684
8495 8251
998 5909
5263 7297
9292 4922
8123 4632
7292 3102
6695 1087
8407 7965
8581 3901
7186 7939
5804 3705
4611 9289
8133 7333
3004 1739
6464 8089
8443 6729
5527 3764
3758 6172
216 8566
3347 4066
3023 3147
7872 994
1232 3811
2182 2132
7471 2470
6598 4198
6711 6014
5475 5864
8532 681
2655 2699
4360 4612
9226 2403
5928 6550
1281 2346
2155 2713
7421 9149
8468 9555
8760 367
8842 9889
7936 968
8819 7558
5109 9286
6207 4531
8999 6006
1819 4429
5551 916
1603 7746
1851 4650
2247 4323
1757 4271
3499 3490
3184 3891
7536 6158
4823 7853
4438 6404
5017 6858
3179 2843
4563 1470
6631 3228
2426 5769
5750 4134
4102 355
7128 2155
9643 4059
4882 6903
5853 4888
7896 4336
4517 9732
2748 6400
4159 6829
6282 8480
919 4307
6286 4673
4649 1835
4324 3774
3219 2521
6979 3839
7626 266
2913 7820
9719 2736
9863 6069
4412 3114
8481 6925
9922 3980
9089 783
5194 9229
1982 4701
7060 9505
8058 3146
306 7241
6198 3677
2359 4810
2689 796
2995 8022
2368 299
7394 9623
1746 4125
1392 5926
299 2033
8500 8188
4444 9516
1022 4687
1491 9812
3770 6931
5203 3808
5816 9595
590 2140
1204 9255
7766 8403
1032 5954
8964 8163
5760 3155
1964 4224
3073 4924
7923 2889
3709 3231
7386 3775
1454 7095
5468 2128
106 3313
920 9845
1976 7385
4667 5653
3116 7618
7029 9407
9971 1593
4258 7201
987 5659
9383 8158
6949 2895
684 2758
4293 6807
146 9121
561 9380
6977 1234
9963 9892
7374 7758
1980 9228
394 6027
2159 8555
6663 3223
705 7123
9494 9823
1012 5533
8080 3906
4076 2957
8441 8856
5624 8106
420 6048
5050 5121
8554 7225
6761 8754
5804 2640
271 7434
9956 6693
6536 2692
7445 9768
4075 9420
4018 8406
1866 5673
6210 936
6850 4526
4432 3993
2235 2370
4915 9153
1782 6006
4068 1153
8005 7622
6769 8141
9612 9941
1675 6381
7246 9103
6522 1821
3452 1351
8217 298
1110 7116
554 5203
2856 7227
2291 3191
9746 4718
684 6710
3273 7308
5370 8246
6948 7712
5090 8659
817 3208
7369 5776
4316 8809
8141 2192
8042 5863
9163 3944
8098 653
7026 1657
2200 2665
4551 5887
9914 8112
8516 701
6592 9666
7767 347
874 5088
9660 8379
6234 7786
5590 8888
5942 7664
4324 466
505 5004
1401 5597
1327 804
2541 3786
3088 3690
3985 1815
1018 760
3034 9583
4233 7728
1382 361
6958 2710
9624 914
2660 2865
8829 3690
5044 4029
3331 8462
1545 6721
7815 1379
4244 9172
5934 5718
2381 8142
9049 2493
7288 2265
9533 8649
1041 3346
1646 1485
2473 2720
8816 455
