10000 9999
4216 5505
5324 4875
2063 8542
5574 396
2044 5318
2213 8412
8899 3619
5770 7671
8668 2886
7602 8035
2204 454
2461 6714
1723 2837
8257 6014
6064 6019
6905 7877
4143 3180
5468 16
1423 4999
8785 8721
609 8307
781 5567
4644 173
2997 5405
8158 3727
8864 2057
771 1660
2860 7355
8524 2662
469 2440
1478 2204
3278 7767
3636 1936
8686 6003
1291 6671
6351 542
502 8184
1563 6714
3386 5984
9499 4682
3638 8505
7074 2607
9502 4783
1724 569
3672 5884
3841 2803
1911 2787
1505 1117
7991 2130
8411 5686
6979 4031
6670 735
2159 494
8717 3395
2737 6809
6998 5634
732 2097
3308 3809
3545 5013
3220 6521
5638 4207
7419 2529
2197 791
9065 170
1588 2520
6760 4491
8716 5186
7812 8320
8628 5350
5073 1549
9808 6924
1855 412
6637 4081
6991 890
7708 7478
8656 1204
4750 5607
4591 6099
9679 4633
3722 4332
3356 3648
4302 2853
4822 3728
6066 6118
8528 3788
9164 7371
1096 7051
7776 3995
3716 9539
3349 6769
6689 6434
7053 2598
4936 5783
4146 9185
3392 1257
5567 1377
5080 2708
7060 5315
7679 5117
6823 9093
4634 2610
5708 3530
8837 5906
7491 4743
531 4518
5030 460
1013 896
1707 6090
1667 7287
4430 1190
235 1172
8245 9570
4117 3042
5246 3639
4558 3547
7020 3410
9634 6573
9015 3563
2561 4606
6653 8332
1720 9968
1629 3561
927 9225
5303 1903
3478 4754
746 9880
9293 4802
9148 7016
8643 5543
1874 9453
9514 5540
1088 6765
9724 6062
1336 2693
1763 7770
7412 7206
494 1168
6831 4290
4950 1002
6813 4951
7926 5834
8060 7582
8337 6693
2462 9512
2377 4685
2453 7934
5721 5084
5120 106
5335 6628
4496 9663
8594 7805
5536 7417
4487 6108
6453 5797
9668 4162
9247 2877
4135 4032
9007 6763
2049 4985
9157 9812
3787 9909
5763 7428
101 2347
858 117
8265 3236
4156 9494
6099 4106
865 354
1601 5715
679 4150
2464 8645
2814 9007
109 3143
8510 1617
816 3590
121 3353
1133 4583
6740 7444
9184 4649
8092 485
4888 3408
2290 2572
4241 2428
9684 7116
9641 5933
1578 3870
629 3330
6678 8848
2363 3443
1260 6702
3696 6109
9217 2221
7278 4877
1378 7709
6224 319
511 3577
8954 6549
8907 7303
379 6070
7914 4039
2094 2003
7660 8789
7424 8406
8842 9165
6721 6641
5857 4554
8740 2216
2537 1103
2679 1163
1839 9732
1686 6900
500 6511
6014 3119
8841 5117
6754 6842
8690 6613
9080 9027
9459 939
6608 2942
7632 7039
5388 5595
5979 3726
1432 7629
4010 2001
5545 2201
6027 8416
7210 8703
9334 5604
2755 5095
4077 2873
7031 5182
4525 5939
8129 1590
8267 592
7147 8178
5562 5918
7837 3928
5485 5260
324 6522
8577 9201
6174 3820
9969 8692
8390 4883
3334 4078
2830 5461
246 3880
6630 9802
1773 4356
8281 9472
2216 317
3187 3792
3584 2882
5503 6678
6756 4822
5627 1942
5715 8193
7943 8583
6267 21
4374 5524
8058 3817
1294 67
6530 9558
6699 4774
6536 5966
9602 4889
3738 721
4995 816
11 1135
3677 3929
3757 6651
6874 70
619 4974
4352 3279
5128 581
186 7307
4826 1862
2222 1927
2685 8262
5264 8473
2258 2304
5747 1086
4552 1366
3804 8534
4716 3031
970 2412
1992 2696
2298 657
8996 335
9268 7413
4439 974
3967 6878
3753 890
6007 7866
3790 10000
2172 5401
814 6981
7585 8899
9311 9130
3774 5334
3030 5137
4604 1827
5511 9180
2010 7709
8243 332
1940 9155
4581 4888
2134 5238
5880 8536
9800 7288
7062 1477
6268 4296
4699 4417
7142 4200
5492 4677
2905 1452
5194 5169
4906 6771
9304 4887
6399 6081
802 9489
7390 8196
3069 4970
6787 3453
2130 7584
9026 9608
4347 1064
3501 9125
9352 5894
1519 5026
1705 303
4700 7816
7392 3189
2195 827
1849 6472
209 2058
5632 9712
8962 9683
9853 3744
8089 2611
8238 7450
8888 6180
9539 2081
3750 3183
2906 3719
6873 4285
8620 2069
8153 2502
7508 9058
8762 8746
3086 2278
7475 3723
9533 3474
7442 8688
5317 9940
6501 1228
9612 9296
2691 871
1228 2420
3003 3057
6332 3830
3325 2775
5033 8242
6054 707
5249 1320
8497 7169
744 6236
6388 2760
3620 1450
9066 5221
8929 1945
83 6739
1860 7273
9468 3266
4277 5247
9630 1564
517 5157
592 834
5852 7448
929 4592
7330 5747
5111 5262
1176 9226
3659 9753
7537 6674
5330 623
140 5095
8205 6455
2288 4026
1166 4820
493 7150
2031 4810
8029 733
8775 8659
5034 7471
5153 3648
2523 7685
9988 7058
9609 3806
2915 3893
8034 8666
2994 3180
4513 1475
3900 8904
2652 3291
8214 7781
5757 9640
974 9447
8039 4273
4408 1997
9339 8192
362 8759
4660 7879
997 1764
8558 7934
6305 7944
4508 533
7177 8494
9188 8211
1296 2882
8253 504
6918 2796
7917 8876
852 1820
4190 8016
772 494
8683 686
4780 7099
6697 3029
2451 4932
4311 5855
3217 2013
8052 3005
6238 7367
782 4447
4790 2821
9473 865
9388 3523
227 6365
4630 5377
6781 639
4110 335
9494 9687
3101 9275
5845 4220
4001 9371
4193 6066
1400 8166
5910 1106
2230 9113
3167 4454
9851 4106
5601 8963
4800 7751
5923 9604
3215 1743
8664 758
3209 1581
3463 5685
1809 1190
6347 3204
7915 7150
476 8585
4383 4364
7861 3120
9449 5566
1415 3934
6057 9621
4867 6562
2183 1818
158 354
8366 2908
183 9771
7043 7068
5174 8931
9683 5218
5113 7623
7014 9282
7497 7302
8303 6831
7980 9595
1334 7105
698 6617
3133 4689
8086 6607
8012 1035
400 6895
2741 6658
7408 2923
5200 9076
3865 9730
2059 6123
1845 4170
8051 457
1254 57
5739 3792
2412 5754
9931 5899
9352 2081
2895 1945
4027 4010
743 2991
1108 8399
4075 4527
7584 4728
2227 1396
3895 2006
4530 1408
2396 3232
7992 6921
7855 3874
3459 7148
1251 1880
2325 1795
5916 7585
4848 1907
1986 4725
1663 5392
6413 3416
9093 7058
3239 4363
6190 2728
2636 3228
6562 8153
9746 9981
6468 5079
5433 8409
9573 160
6606 1440
2674 1254
8891 5709
2595 3031
3316 9670
7933 8525
9932 3595
9340 2159
9930 1031
595 1180
319 9499
7822 1871
8603 5698
4043 5919
4900 1032
7534 7332
4284 6422
5243 1077
886 8473
8409 1777
8573 6419
4819 1160
3195 5522
9721 1975
1240 6091
1475 8967
7245 9559
7202 4411
284 7125
3314 5462
3785 5229
1358 4048
7391 4971
6782 2837
5025 8722
7029 7201
3853 9562
2392 343
3599 6556
8361 9168
6500 4425
2683 8255
9484 5794
9159 6635
5500 5885
766 1437
5244 5781
5147 1928
7303 3593
7102 8471
8062 521
545 7744
6621 5365
14 2509
164 3277
9945 7642
2200 4055
3344 3092
3306 4257
9614 7346
6188 7840
9697 4713
2589 4231
3098 5026
7872 3827
1735 6785
6940 3579
9768 475
9342 8704
6058 8782
5539 9030
937 757
9367 1930
2669 7859
1024 9190
2926 7334
5675 4607
8833 9410
7349 9777
5019 1053
3151 6030
8285 65
8334 7901
7352 5373
8181 1312
6969 1274
3205 5891
5016 5724
1222 3902
1093 5152
7279 8638
4351 6545
9681 3478
1405 7862
467 3716
3206 3341
2653 8301
9838 5780
5907 4330
406 3870
7137 487
5135 689
6167 6967
1808 1172
4942 3035
5865 2231
8938 1495
9332 9655
8036 8413
736 246
3861 835
3624 1758
6160 1270
7494 3557
4869 9567
1704 3908
5093 5872
6810 1672
888 8900
536 579
4605 8194
6383 7613
8810 9712
1549 7142
2267 8391
8150 7963
8202 338
2008 1514
8574 7889
6574 4685
7852 9253
3414 571
5058 3769
549 6332
2261 5976
2022 1267
855 2116
2335 5170
8180 9625
2725 8029
4589 3880
8146 9962
5591 9009
9030 149
1271 6551
2763 2334
6 1281
2614 3678
485 2088
1312 5605
1977 3904
5254 2535
7947 7511
2018 64
9328 691
9622 6083
4412 8412
1152 502
1983 3986
3210 4778
4051 1143
8151 368
3383 862
7220 7877
1729 3425
6131 3762
7907 2398
6409 1
7906 4955
4854 9188
3957 3416
2149 6224
7722 3301
8311 6277
212 520
1425 99
2643 6755
2181 7724
8649 1145
2723 9758
4955 6311
8469 3101
4238 3473
6022 3183
3806 4932
3085 2576
1791 8799
3821 6063
4833 2599
9426 3163
8609 9325
1277 9539
5771 6089
5166 9165
4493 8996
1076 3449
911 6888
7008 2865
5535 2642
8066 6859
8531 4685
5221 5911
1403 7235
6317 4656
7183 199
2963 840
2754 6569
924 9190
4681 8211
8756 698
2327 337
6854 1642
8090 6921
3163 7775
6890 4921
2477 8562
8644 8437
4244 6241
2278 735
4559 4865
9902 7611
6256 2101
2193 4958
1780 4677
7225 1915
8418 4366
4643 5837
1130 2351
45 3142
4710 7933
8177 7828
4805 1845
8953 4513
9617 1443
9713 8895
182 8159
2542 8587
4085 8153
1726 3257
895 5612
76 7026
3338 8757
2356 9384
84 947
3627 5806
5001 3712
3252 815
2117 8211
9498 3249
6079 2711
6436 9568
3944 3036
1775 9445
1550 1792
7038 3572
2322 4029
1933 8814
5413 4147
5074 657
6790 6630
5661 4371
7713 2291
269 3003
8376 4517
9635 8442
3060 8485
562 5585
6944 1065
9805 3918
5191 8929
5764 1172
5501 7936
833 9558
5727 3055
4483 1322
5331 6098
300 8142
9272 9319
9522 1324
1655 8881
4532 7508
3253 2000
5188 5449
3995 9299
4932 6108
3022 7934
8926 3425
3304 8562
849 7978
1427 5901
5498 1551
9971 396
3491 9980
7100 9748
8811 845
9394 2894
2591 1907
7438 4789
1395 858
1649 9759
8143 5643
4297 9569
8105 3611
9984 9540
4965 6559
9420 4411
6252 1188
6508 8735
8819 4179
9966 7987
2988 673
5298 2108
1680 4730
2192 4784
7489 8786
2433 7963
9507 815
8019 4815
6405 149
5525 7632
5204 1411
5425 4200
165 5181
5332 6575
6125 2762
6757 6659
7738 5641
6260 2758
9964 4781
5583 4755
5044 5084
8853 6570
4886 2459
1295 2542
9466 1792
1817 1377
1242 5515
2841 2424
3439 5918
2923 7783
4440 4706
6655 5364
5211 6542
3976 3439
9915 3330
7323 2214
5947 7044
5022 2197
5202 3362
1784 4577
3581 7144
9141 2088
1717 1054
3035 5155
7534 1941
1417 8434
3335 4345
4194 1053
2987 1056
3559 2637
8015 4629
58 1781
7305 8900
4842 4309
2810 816
2742 3552
4977 6107
9873 8185
8001 6496
9563 8317
2832 7254
9092 5804
3532 3827
6792 6547
2931 1296
4543 134
7334 976
4828 4742
9050 2967
6278 5158
7735 1022
8581 4800
3977 5655
5046 2504
2717 1568
3969 1755
8578 5643
5068 9154
7422 130
2411 7631
9057 2633
5377 3792
3880 8616
6071 533
3941 1888
2967 4376
6171 4175
5057 1373
5631 8904
5192 3880
6290 4432
5569 776
3190 8752
2712 1636
1283 1188
7805 9666
7141 5514
1776 4102
1284 1374
537 3255
4665 4874
6391 5452
798 5819
4779 9279
9843 2001
7515 5503
3555 1446
5743 7318
9128 3802
2443 6494
6893 7608
6465 640
5943 1
2345 5912
7711 6885
4113 8993
6774 2103
8166 7099
6461 6611
1662 354
2590 3091
2007 2959
97 5084
2017 9570
6372 6773
9170 4831
7684 371
7200 4934
3988 7414
6481 293
6470 7847
9337 5767
16 2797
1468 4767
652 772
3375 4757
860 5709
584 6966
6460 1275
9375 5800
6386 1883
1928 7473
6044 4652
6408 9120
3968 4949
2586 3092
9823 8608
3888 4742
2383 8431
4731 9604
3518 7950
9098 1517
931 3588
8610 3756
1230 1140
894 7950
5429 2318
1694 8901
5177 2716
9776 3186
1122 4871
7521 9311
4034 6151
5972 8933
4002 7550
6887 3959
1299 1828
2253 2662
1407 4611
9756 5596
7080 1388
3654 3394
8035 1384
3285 9365
5945 8342
6098 8431
5497 3904
1609 1511
4620 9476
8277 4799
8599 5859
9585 8440
5622 3561
9171 5605
818 5000
8763 8198
2218 8930
4179 3728
5927 6453
1236 7156
1630 2967
8966 7346
9283 9761
9518 6365
4546 2613
3332 5648
8443 6359
603 2021
6978 3187
6700 8782
5917 7305
2179 5491
2024 1032
4029 2019
4259 3165
8399 1823
4550 8871
3103 5212
8387 8072
4580 7637
1055 532
3127 9554
6990 1377
9215 3563
3039 4910
5680 9447
2262 9384
7820 8048
6502 6716
3836 4765
5786 4933
220 9751
1178 6997
348 9662
4694 2373
8706 3283
6775 6431
2522 6866
8911 402
7793 6022
5484 4367
4982 589
9607 9063
7000 473
6767 9438
4721 8471
9305 9481
4930 3944
558 9829
8534 2137
9163 3424
1730 3956
2341 3844
559 724
2087 110
1884 5686
1404 5648
2479 1573
9541 5718
1070 1815
8091 2021
3766 1514
9118 485
4856 5848
7282 3646
976 5877
5671 3700
8067 2793
6482 5432
4083 1355
177 3904
593 638
7086 7699
8405 4813
8514 3150
5101 5223
1052 4632
1321 6456
3182 4861
5781 6714
1803 6592
8731 1121
2850 2420
779 5068
1031 4681
8185 2556
7988 9674
6229 9380
4807 1931
1853 9047
1507 3782
3379 7442
3174 9935
4209 6638
3424 2849
4693 5463
3643 7456
9415 8747
8871 7105
6240 2559
8501 7020
6197 887
9939 7360
8719 1566
179 1779
9425 9768
3605 9412
2043 9423
6600 6241
3257 2882
5732 2704
5491 10000
1079 8244
8517 2288
5741 8233
3993 4310
156 6222
1954 4627
5405 7671
8157 2367
9051 8260
2659 7773
9390 1496
173 9625
6910 4495
4331 6353
9327 6592
274 863
674 2651
8619 692
4570 6403
1917 9536
8044 2509
7425 1210
3441 6022
2255 8918
4138 6811
8430 3331
291 8399
5023 9190
3575 9289
286 5770
9889 7873
9852 4537
255 4352
1888 7963
1840 1406
800 60
6755 5390
7753 4448
5373 4787
7815 1856
4255 2084
9704 9286
3054 1806
5518 4895
495 8633
7981 2311
4185 5866
2320 2087
9835 5785
2583 2243
5505 1488
2340 9811
8895 8007
636 8655
4052 4199
6202 9185
7821 2746
2791 7284
913 2662
2271 9265
2862 6556
4136 6761
7600 8880
1136 3950
6975 1783
1748 3484
877 7715
9745 6211
7049 4715
7127 4257
8101 3109
5049 947
2502 1973
4743 5520
5740 2389
3917 5976
2573 827
5293 7421
5176 441
7003 3528
7111 9256
3504 1746
2884 5263
2194 6228
616 4699
7386 2877
8262 7836
3847 8783
1184 368
5037 5384
2952 4046
3016 1168
7976 1671
1058 6543
2773 1720
2960 3820
7040 8696
2751 7941
2951 1472
2152 8800
1227 6824
5118 2159
4785 3116
9306 4123
8928 4974
6342 1863
4115 6063
1524 6978
813 3837
6379 2128
4850 6108
187 7763
7598 2748
3541 249
3240 5969
6261 725
6548 3590
4175 4636
8016 3651
9946 2837
2390 1372
6651 5201
1288 5345
1870 4792
3469 7220
7626 3943
8226 6161
840 8910
6067 4227
3104 9802
3177 7642
4769 8125
391 2347
7398 3363
7291 2987
8100 4916
9296 3678
3354 9758
9353 4409
2349 6122
378 7622
9025 4870
4480 6612
8229 9461
1132 2231
5978 3588
7456 7406
3771 1947
4405 413
8453 2019
4994 9731
1091 2048
2220 7570
3296 4784
5476 9394
1826 3042
5883 5848
7585 9592
3849 1148
4599 9409
3978 8655
6677 2334
221 4518
2531 2388
7818 948
9242 1268
5172 7978
1593 1424
1011 1620
6547 4356
578 1411
5543 2972
1142 9023
9056 6559
3639 2360
979 9206
9898 9792
7739 5392
463 4009
7427 6938
1982 1629
2190 3025
6959 1785
837 70
5206 8423
9513 7032
226 9312
9712 1828
9571 6271
1154 2970
9418 5018
9672 8339
7044 1554
8724 5302
9752 5837
7088 7146
9732 9592
8380 4641
4841 4810
4577 1945
2630 2909
8025 1819
3665 3975
449 6363
4887 9372
6633 8743
2293 7420
654 7824
6199 8879
3770 4008
2664 4106
3384 5203
7467 6317
5448 8773
8096 5587
4913 2958
6236 897
1554 3305
9022 6217
1457 5048
1854 2563
3875 9880
7206 2447
8286 4696
8651 9881
8845 4472
7589 7628
3235 3674
5528 9373
5760 6434
9257 3950
4329 654
5035 3417
8662 4680
1797 3868
6187 6810
7902 8413
6344 6200
2981 2377
1450 1839
1180 3820
3240 1537
4016 8514
2916 1134
1641 3987
7592 5223
5238 5061
1978 6646
1825 5868
9492 6669
4415 263
3979 6484
9875 5828
1844 343
3797 5221
6525 8439
7371 5279
8134 1644
1051 1453
2051 3578
3649 8814
3762 2802
7539 9474
1620 3839
7416 4469
9836 781
7538 7003
6485 7991
5481 3991
589 9841
5348 3383
9392 3187
3336 354
4908 8323
3959 328
5279 5338
3256 9844
4628 2759
6105 4647
6518 5511
6531 8728
5124 1000
4524 5250
5181 6137
1297 6447
555 7285
4035 9647
2648 8910
4978 3576
9378 1625
1033 6923
5289 9749
6708 6455
8936 8317
5469 7598
5890 9705
89 6946
8969 9742
7468 8536
5966 6453
2269 4734
8816 5482
3258 9716
9900 5436
5520 872
9760 8379
916 3838
994 7012
7215 6511
3898 2528
5572 416
1309 2135
7243 7297
3684 1506
2911 2
9413 2243
3361 6196
7231 147
9196 5680
3472 4800
8729 3593
52 5407
775 9030
4456 5248
7724 8413
4617 5149
4150 749
8893 7569
456 665
3868 453
2925 8450
9621 9361
2657 8473
1830 2951
4952 845
6060 569
1157 3554
8813 8596
8483 8762
7320 9031
9546 4596
2930 1310
1939 537
6912 402
7624 7465
6208 1534
5247 2121
6291 7297
9365 6669
9206 1782
3377 9405
8999 477
6976 592
7814 2172
657 4101
8071 2479
7011 3868
6616 8652
4728 1927
2071 5724
2563 2214
3343 8859
9797 9992
5667 5287
4453 9260
8394 4675
4917 6541
5639 8499
8548 4135
6631 4637
7591 6365
2146 3042
508 6961
3937 6902
1632 6932
2776 4833
6712 1032
1633 7868
8328 4670
2064 5421
1988 6004
1273 3817
3073 2768
5178 3823
5899 1273
5608 7368
6092 6095
6249 8879
1238 838
4452 3496
2587 7697
874 9748
8461 5993
5568 6352
257 5580
3283 8802
1863 9640
4296 3771
7623 4622
7996 1537
2976 9689
7836 3444
4288 644
2521 5241
1591 8132
1924 5778
5873 8413
471 4171
8094 250
6664 8969
7350 384
7514 60
3398 834
9223 941
2378 4250
4754 2221
1197 8933
9099 2342
3886 4229
3024 9266
5689 8854
7499 9512
9785 6626
6356 644
3611 6703
5502 1383
8488 1147
1568 9474
5765 9755
9920 402
6495 4657
225 9622
2047 1267
8470 928
7042 5899
959 6981
1153 5845
5953 4823
3794 4757
5577 9875
9680 6761
7876 4401
2740 6164
5347 2261
7418 721
655 839
5594 5004
1967 7205
7629 1210
38 2605
1261 3073
2803 1967
8769 7588
3008 1134
4846 4149
6615 8148
21 4364
2609 9663
2082 9362
6559 5635
2796 5649
4369 3987
9061 778
2882 2535
6771 8768
7171 8744
4317 888
6883 587
3106 6646
1570 9595
3902 2882
6644 6329
9714 8391
6385 8127
829 7333
1772 1423
2217 915
8124 574
4579 7005
1693 2231
9256 2088
803 4543
8675 6995
3465 2005
8736 3642
7570 6149
4271 5147
9244 3216
4500 9307
4918 9931
8689 8384
2660 353
9917 2431
8132 7418
7144 8216
6880 5878
484 9623
7449 6460
5155 6137
1367 2702
5886 152
4356 2622
8113 6967
9136 5331
6151 4340
3373 9979
9698 3138
3288 7839
8420 28
3568 2296
3207 7062
788 574
569 7117
3615 2823
7662 8686
9893 4048
4542 4864
9072 1468
4463 4983
8347 6172
3915 9904
4356 8807
8399 3016
7534 1514
2247 7473
6246 6893
7520 171
8301 155
5475 7650
5140 7897
9561 292
2847 5816
1866 9196
883 3718
8001 5602
8964 4197
1359 9242
8591 1890
7728 538
405 3571
4251 1897
3040 9890
2942 9471
1195 5661
9416 3115
8191 6679
8804 7413
2381 69
6180 8437
9952 6591
957 268
6692 5250
1708 3926
8207 4645
8220 6541
9014 8619
3302 7628
9112 1286
7096 368
3433 7672
7015 2515
876 1820
6447 8645
1608 4217
9389 5425
660 1374
9399 4033
2606 7328
2544 8720
8201 918
6766 6021
3403 4367
9456 6873
4976 7824
5809 4554
5980 3018
7691 1245
9369 3289
590 6612
3644 8241
9592 9071
4380 9264
4814 8845
6893 7989
1421 5368
2957 4004
2118 9169
9067 6505
4614 7644
9529 6395
3071 7953
4078 6471
1482 1354
4545 7798
8053 1424
8252 7859
3191 6511
8456 7920
7190 8274
8077 5292
6294 5278
2344 4781
8148 7774
6592 5864
1208 6569
5696 6679
5673 3323
5981 5590
6381 2229
6298 5286
2869 5728
713 6990
2842 9401
3246 9401
7045 6906
477 5735
1393 7984
1249 3478
1679 8397
5819 8191
4943 1427
6028 3157
5796 1914
3091 8068
2283 5712
5924 5855
3293 3540
3682 7866
1170 4766
7656 5
35 8399
3080 207
6225 4868
3162 6046
4174 5795
1118 1641
2826 791
1615 7718
5168 9336
8977 1971
7234 5175
9876 1000
2555 29
7022 2097
5960 4919
3442 9947
2232 8083
2474 4149
4464 4577
2306 5345
6476 7522
5380 7710
1398 7432
6761 1346
9796 2464
4862 200
6623 9631
8937 7283
7105 964
9489 7836
3907 5306
2114 2534
685 5961
9799 8327
1200 826
1753 2462
8659 3691
6667 1773
5426 6044
2624 3291
5544 4583
5974 9318
1969 8857
3202 9020
8852 335
4270 4501
3741 9632
5363 7376
5909 2722
7616 9263
1304 7367
6714 6846
3122 8325
908 4400
1188 9737
992 2634
2061 4014
2883 9023
6212 3553
8437 432
6577 8800
2397 7444
1402 8297
2088 2038
5687 9837
7532 8448
730 9621
1287 8835
5304 2051
8800 1847
2901 283
1941 1905
7688 1941
2619 7342
573 7283
9666 1377
1141 970
1130 9880
2023 7062
1904 5327
6865 5693
6321 3542
8013 9774
9246 1551
9753 581
1131 4796
6090 900
3357 5082
4795 5990
4650 6161
7554 7940
4772 9307
8167 604
6033 8999
8565 6361
7767 7342
5196 4285
7668 2159
3846 3277
151 8278
2784 3214
6244 878
4793 8758
5076 672
6533 1627
8505 8343
8848 352
1547 7723
6580 7445
5692 7709
6949 104
9372 5976
9837 7755
9941 1811
2296 3157
6714 7933
2158 7949
7004 6114
870 3399
7455 2870
7583 3569
9323 2462
1028 306
7599 9182
7888 1110
721 7072
7617 6143
8402 8556
8154 6717
9651 8619
7879 2264
2393 8666
4416 6001
5745 6447
457 715
2868 3686
5343 6882
8626 5230
6162 1501
2240 932
571 4091
1308 4338
3648 7936
1130 1764
6407 7159
2315 1413
498 4608
144 8460
2095 7079
7118 5002
9755 8803
4050 6586
7063 104
6629 3220
2411 4810
5815 9987
7810 7316
4925 9368
2528 4859
925 2338
5570 7928
950 8268
1660 1625
9733 9374
4596 3247
6052 3716
7678 5159
8890 3731
6657 5532
5045 9964
5198 3985
3440 9522
4250 8525
8834 6615
570 7338
9302 1771
6359 2221
2124 1034
2260 4998
2620 8624
4060 8256
3984 8490
7054 4607
413 9186
9198 2613
2738 9761
6937 8439
7946 3583
2191 7987
4870 6113
1127 735
1172 6647
8441 7048
8519 6486
5048 2643
9320 1443
5758 9636
4163 9559
9552 921
9894 3264
4472 9584
6498 2687
861 5344
8286 4031
8526 9273
6136 4571
7513 7344
2824 8758
8700 4760
8583 5078
2904 3706
5227 834
1540 1383
1858 6936
6698 5343
184 2769
2971 6030
4057 4770
9667 1110
3728 4972
126 3100
1695 5313
15 2359
1424 3512
850 2634
7817 5439
5766 3425
1715 9240
8286 4859
9158 2707
2422 5390
5364 306
8653 6359
256 7414
8287 4891
2136 3143
8408 2248
175 4256
7322 6101
1327 1414
9788 6869
9333 5661
7562 5854
7377 1613
1045 6465
7603 3629
4585 1375
5314 971
7712 9806
1561 3675
1103 2745
7969 5436
2990 8317
3159 6801
717 7249
5132 7998
7667 4932
3497 1401
1340 4408
3381 9299
3090 8542
3493 5416
5767 1650
3893 3595
741 3905
3719 2647
6135 8416
608 566
5982 2873
4914 7644
272 9523
7013 9471
6583 5082
3615 8099
1226 8947
9288 3140
9091 7996
6354 87
1059 8814
8823 5971
1980 3443
8917 7189
5508 2691
9216 3417
9059 9197
1429 5784
5112 4441
3171 8852
5613 4225
9728 713
7500 6099
6103 5873
1310 4021
7727 273
9202 1672
4595 2416
7932 6098
6043 5600
7024 7534
2242 1387
9000 3619
3693 2441
1521 1827
318 5020
7251 8099
2460 2407
5225 5897
5737 9666
663 4728
9816 3299
1747 5256
2570 6200
7293 9447
5472 3930
7540 6961
5389 7709
5651 5854
6177 1294
9696 2957
7706 5011
8356 5161
7221 4889
5942 6164
301 551
4575 8047
9699 4831
5734 9891
6454 9445
695 9070
6454 7805
3156 3995
3827 8758
981 9841
1318 7014
296 9143
9160 4577
4840 4675
2430 7409
9564 1413
5648 4144
681 8714
2929 9239
1465 263
4068 3772
5482 1462
7347 2527
3112 3417
8280 3553
1573 4618
7611 2535
3612 4117
4794 7480
2364 1594
9786 6732
6841 3467
159 2919
6737 1086
9960 631
7705 7824
7639 9463
5414 931
2720 1797
724 8243
2689 7415
8598 489
3038 9599
2975 6729
8464 5806
8579 4174
3198 9201
8097 2934
8766 3452
5633 1533
7514 3512
5423 6108
7462 8231
7359 8928
8921 8530
2767 491
8490 6663
6318 4211
924 7619
7731 8993
4470 1587
2490 4987
5252 2541
8532 218
2372 4904
8120 9574
861 2279
3989 9737
5441 5603
1125 6339
3345 6874
8720 9719
9995 3545
9595 5491
9791 7320
7073 2242
9297 5069
7374 8910
4880 5261
6875 4021
682 621
3749 9341
4172 4495
8630 4310
7022 663
2836 7634
8439 4682
4874 4133
763 3516
2744 5605
2170 5978
625 9549
8251 1734
6777 9973
2424 8899
8190 159
4106 2491
396 3264
3587 2720
3960 1899
8934 940
3019 8491
4511 3740
8694 7996
7574 4699
4226 2039
7954 7717
1087 4036
2979 9498
4154 8540
2885 4796
1829 8563
700 2495
110 2845
6170 473
3125 3464
1848 6575
4349 9138
5228 6665
3416 8788
1957 2534
1499 9508
7383 9728
3342 2669
6069 228
3304 6641
3866 4281
6685 9428
6802 1342
5595 2133
2780 2247
2882 2165
5382 5668
4578 7846
9792 289
2450 8079
6637 5272
1974 5418
6559 3851
39 1157
2928 5409
7925 4854
4398 2329
600 4136
5648 6633
8141 1011
2438 1374
3166 7270
1931 6549
3460 4563
6830 2876
2633 900
5526 7012
7458 9352
7761 3229
330 7705
1085 7776
5813 7195
4782 889
8545 2170
2088 7355
340 3251
170 4064
283 5926
8298 7700
7885 2933
7380 960
9361 163
4181 4142
2675 6826
1580 8024
2513 7755
5560 1173
5447 2882
1100 3230
3340 5990
1935 3290
3641 9108
4843 563
100 6443
5161 351
7214 4343
9888 800
3410 6237
1022 1387
3877 4640
3730 6579
3508 3964
195 2373
22 6560
5837 9499
4523 7336
9987 7836
3916 8110
5797 95
9166 9683
7363 5405
4267 3608
9924 3150
6005 6248
1234 4665
6750 329
9396 1650
1353 2250
4504 9162
6516 1608
462 3590
7736 6505
3219 1370
9896 2563
2182 4295
8130 5825
6711 6027
6744 2861
6122 2781
4771 1276
5154 3542
7227 7744
1594 9031
2015 57
1784 8488
4145 2239
7481 1245
2731 4850
1016 769
1220 6061
8582 830
1673 7371
1955 6188
6719 4850
9351 1639
8923 1870
7153 1784
4986 8448
3372 5456
503 4427
4219 2829
8276 5586
6045 4775
2201 4463
6677 8778
7530 820
9702 2969
8379 6633
701 1501
4271 4292
3576 5856
1682 6046
5945 181
4691 7786
5136 6651
4719 3999
5231 9301
5756 1147
2806 6090
8218 6171
3405 5926
2848 4821
6828 4200
8003 3479
4149 3553
5323 4976
2672 5612
1732 2889
8948 1172
2729 6624
789 3733
7749 5231
6302 6041
394 6904
1778 5854
2871 1952
5787 4754
4529 6495
6806 5673
6419 2121
9990 9948
8069 887
3141 4463
7460 8080
8636 2188
3617 7669
2625 7550
7284 5794
3962 3075
2938 2520
9890 6191
5040 3741
6720 4171
6875 2279
7652 3257
4598 6562
8352 6107
784 12
4863 1697
3303 1934
1940 3247
4649 8852
6913 3657
2468 3264
4239 7963
8270 9382
4261 1115
1967 6905
2888 4766
4339 7631
5808 5937
7130 2520
1343 7730
1657 2670
2861 9980
9710 7945
8697 3706
7469 4556
2190 4107
3596 9768
8248 1056
3284 509
3164 6220
3602 515
9978 8579
40 4536
2499 9044
9281 5945
1172 424
2804 104
7185 6026
6329 5824
3742 8094
9209 3226
2385 5738
6829 2720
9980 7613
4903 503
5190 2283
7345 1463
189 7151
7609 7710
3426 6048
3446 9297
6087 6843
1526 7868
2072 6882
9613 4913
4697 5435
3695 9220
4394 197
6600 5794
9775 5747
1666 8244
439 6137
2016 6732
6115 80
3148 6875
1520 4910
5509 9128
334 7872
2759 9470
8485 3148
6011 2567
936 9688
222 9482
3055 2150
9997 7540
1159 8760
6568 1348
1305 9862
9889 5260
8203 9224
6982 5746
7277 3642
4911 8070
8848 8660
4720 327
5963 3962
707 4607
34 5746
9516 5251
2039 248
3023 5097
2447 7923
1674 4285
9434 8756
4106 4197
8641 2326
4265 1452
556 2414
5283 3186
6770 2496
561 3153
2373 4715
4300 2674
3092 1863
1472 7670
539 542
2662 7181
2739 4716
3772 6805
102 4752
8727 5406
1631 2093
1123 104
1053 9165
8988 9253
4839 5763
2501 8761
6808 6242
7264 6872
6797 7222
3178 423
4610 1790
1692 8037
364 2699
8184 7933
2268 1422
6891 7419
2189 7346
6059 791
2965 6633
1326 6459
4523 618
4787 3188
5558 4657
6435 5845
3543 1927
9972 1437
9380 4680
762 7407
6361 8558
923 802
8629 2810
1265 3632
7760 3363
389 1823
8878 1331
9089 2599
3351 2511
9461 8193
6117 9463
210 8619
6951 5693
2855 8527
2199 4949
785 4391
4477 4287
938 1719
312 8993
4280 1022
7584 3109
5310 8263
4667 2324
1543 9589
6445 3291
5216 9593
5704 6464
1209 6114
6417 5692
5092 5514
8064 1890
3773 3474
6980 9706
6347 1140
3601 1640
5970 6604
5881 4882
4123 9298
6330 6761
3414 9703
2628 1319
9002 9703
5592 2422
51 1941
3525 9637
3251 7657
5320 3161
1623 5084
5554 3868
4248 3167
631 8442
2112 7362
5459 5089
5398 1453
1604 8611
5801 3271
1882 6308
6902 8777
7910 9287
7811 8064
8754 7928
1936 8270
7203 7237
6731 7792
2108 7022
7295 4797
2370 3367
9314 2706
4864 8635
3578 402
2090 7487
4957 4589
3692 8112
5925 7278
8224 825
9701 6030
2815 4228
8026 1383
305 3628
8300 1372
7912 4320
7249 6070
3552 4880
2579 9844
6860 7890
2419 4960
5654 321
5031 4821
9584 6095
8633 2849
2473 7226
1790 9150
6974 4537
6367 1474
4327 8736
8170 9396
3260 1516
5729 7202
9117 1168
620 1957
734 9572
5281 5906
3115 8230
2297 4655
8073 359
8712 9808
8929 5248
487 4346
2459 8412
9819 9813
1138 391
2101 941
8196 7718
4954 9640
6493 9295
2078 847
4148 7936
4070 1737
7708 7189
5624 8848
5948 5589
8150 1147
7093 5181
5705 5888
3087 4321
2546 3277
2533 8072
3138 9792
8825 6478
8442 6585
5452 5437
9666 4451
8358 390
1934 6466
1765 3419
4966 7300
9264 7548
8930 1735
6480 914
9218 8473
7487 9128
1046 1171
1470 9508
7061 8283
7772 7585
9576 2594
9545 3905
9882 3067
5313 2010
2003 7709
8061 8282
9606 506
9448 5243
3595 9829
8307 3181
6999 4441
5461 957
6632 5835
1545 4964
9863 1498
4607 2070
3826 3300
8770 1878
2482 7482
5831 4376
1838 8431
4533 3360
4445 6214
9510 474
6489 60
9308 634
9379 1203
9774 3068
7366 2875
2391 7877
8979 3640
5663 1922
138 6371
4442 3889
7343 3554
6016 7752
6161 2980
2324 1056
9441 228
2418 8209
2985 1086
7397 3494
3237 7548
5970 6114
4502 600
4962 3813
2114 800
4155 8970
5099 4389
6886 1157
3943 8613
6504 1559
3276 5586
1513 6
4861 8238
9078 8359
6219 7105
5365 8616
6312 99
4160 6795
9354 2062
2569 3856
1544 3067
4213 6727
4211 9130
532 2772
6496 6184
428 2982
9205 5128
824 7191
3691 6720
5477 253
3773 1357
3858 9027
1038 9248
2601 5411
251 8392
6447 1925
1039 7485
3233 7016
3010 7462
8050 9649
7339 4460
1120 6050
5487 5449
4652 7235
6013 9126
9058 6514
1083 7206
5606 1700
2157 1616
3800 3678
8419 5859
4067 313
2281 7439
1622 8070
5865 875
8166 3189
6448 7106
6852 4984
9822 6916
4215 2112
4531 701
2446 4734
6163 4778
8399 2406
8467 4690
4561 4914
8616 9253
4677 2821
5215 964
492 9654
4768 2608
3186 7051
5063 5349
8765 3543
969 2229
8166 5746
9778 1273
9958 3636
1264 5586
8748 8955
4689 7303
9402 1250
9833 6186
4438 2077
7745 272
6074 9822
1738 7806
8715 5226
5877 5884
2408 1999
6241 4107
117 8573
3894 3795
5543 4061
9999 7126
4914 6462
8851 4715
1951 2736
9252 845
446 2165
2645 3003
9348 3927
5375 8175
5297 569
6440 5405
5945 6746
4773 6487
8887 5089
9870 3636
370 2890
5725 6560
78 535
2210 2306
9391 686
7733 7143
3244 1396
8913 1620
9004 8855
9167 9106
8355 8799
9325 7463
8360 9610
822 9370
2701 1806
1603 7688
2865 6497
2168 1133
6941 5817
4635 7522
9623 2081
3121 6052
1173 8215
1885 4033
7741 4439
8449 46
1456 4799
2328 3042
6042 6609
8588 6245
8994 2246
6660 2643
4152 4328
1739 3211
5085 2722
1089 8606
3093 3498
6030 2796
170 4076
768 7740
3942 9129
1427 1792
7875 1158
463 2900
3137 6584
145 3055
3707 6400
9949 5214
3921 7911
6237 8652
7627 4995
2027 5129
4919 8099
9539 1509
7813 7945
3173 8812
3485 1267
1827 998
3859 424
7121 5322
2376 7380
9841 9031
3324 7710
4228 8428
1130 1650
2650 8274
9469 5439
6421 920
5949 1472
5915 1163
1794 319
3264 3574
4012 4677
5233 2216
9074 9445
7072 9345
7310 7836
6165 4540
4514 1606
7614 2024
2715 8723
7728 8297
5255 4894
5343 569
3589 968
5669 4200
3867 1882
1473 3465
2827 7421
6748 3198
6844 9409
631 3513
4844 8249
2035 3570
9866 4820
639 2958
9928 1654
4959 5035
193 5508
9292 9342
1074 6573
4746 7413
8521 7187
5316 8897
1060 6393
6902 1287
7056 3096
7940 2873
5706 6081
2352 7238
7647 3872
3914 2495
6206 4886
7791 7824
4237 679
3857 8896
9465 9813
4398 3820
2333 3132
8327 4816
1912 7461
48 3191
9431 8561
1937 561
5644 6859
3629 8558
1322 8133
8776 6628
9824 8495
2175 528
7122 4554
2099 3326
7466 2479
5328 8992
5874 6634
5602 2845
9211 2036
3363 8326
8972 696
4921 3544
8304 2443
8160 6950
9603 447
4264 2504
5250 3067
5957 6434
1381 27
3108 9600
3515 2313
755 9107
7287 473
6040 3047
8511 126
3226 2641
3517 9606
7880 4285
4469 3425
4851 8943
8635 5287
5989 8994
3048 6066
9344 6125
7196 1450
4128 5685
5754 9707
2114 7319
795 9382
9472 8547
2666 486
5409 8242
9263 7076
5722 5314
3429 1522
8901 323
3397 2861
3651 1903
8022 2547
2910 2838
7312 9088
4492 755
1335 2391
501 784
5054 7715
786 8277
7661 133
9977 6081
6100 1573
4577 2843
7536 8959
2452 175
6203 3050
5393 5345
1279 4348
7891 9471
4899 2923
3873 1907
3147 8578
4065 7133
8751 2288
323 872
2122 9370
6086 4681
5221 9104
1490 7478
9352 5719
6545 3452
2005 2833
3108 6575
1019 3466
261 2124
6328 2181
5401 2400
6850 5216
5325 780
1512 8534
7607 8046
7663 8450
7084 9640
9748 7073
7799 2097
451 9141
5751 4710
6793 5754
4036 1667
6146 1850
632 7738
2618 9333
8310 4883
7385 1187
8999 4949
7719 3367
2745 2736
2427 9087
800 8673
1253 1794
4877 6591
4582 1106
5494 1764
7978 6781
5480 5264
9737 4340
7274 717
5548 1676
9751 1345
4882 2966
6903 8078
9671 4724
8008 9724
613 1659
5658 7731
6824 8099
9856 470
4963 946
5183 1360
3058 2242
8831 5916
683 4142
5889 2594
8759 922
6473 1050
2998 4664
7329 4113
6023 9661
1551 3372
7006 8287
4289 5393
4177 1981
8427 5007
7501 2313
2703 6851
3945 8320
8018 8795
7289 9239
1572 2744
3028 4399
6885 1276
8027 4383
2752 2283
466 2946
4657 3744
8659 1356
7608 3015
8654 825
6072 5902
2019 9383
8106 675
4998 4256
1434 7100
1380 4337
9095 2123
4020 1401
2874 3563
4627 3257
6345 2475
8688 7755
880 8485
8666 7008
5903 4085
6861 6349
3078 4142
6283 7932
7302 8697
5268 9217
7564 1844
9921 1216
2257 9959
7845 2417
6185 1431
647 3699
8175 2057
4387 8277
2441 6022
690 2084
1628 5109
8489 8361
3153 1644
8802 2190
3694 5127
131 5260
7665 7530
4256 665
5563 6913
1495 7104
3889 3299
5800 1396
9104 568
4618 8666
985 5815
5755 9254
1611 8939
1906 5396
8474 6159
7209 4048
1605 9380
7369 5535
7351 2754
8894 5518
8175 6311
6960 4376
2050 1178
5450 3933
8815 3949
219 6852
8231 4675
6022 9315
6977 5966
2565 9750
4230 5176
9991 8666
9993 486
1508 2349
9412 5966
7248 7742
1823 3905
2510 6927
4663 427
8217 6119
2091 163
8349 1216
8247 5436
2887 1557
6349 8562
5836 6628
5352 817
6308 6569
9855 3718
7858 4577
99 8743
8513 8526
2562 5273
5117 8624
2362 431
3161 1208
9185 7581
3021 4263
5371 7300
8 4822
6908 6265
4603 8994
2204 7395
8407 7457
5054 2155
9254 1905
9935 6704
1691 922
6929 4304
4686 1367
5827 3221
5841 1081
7490 3815
7172 454
1670 1563
1449 784
1873 8133
6376 470
1645 804
7576 8599
2384 7235
9019 6343
7390 1536
4009 2331
4345 1172
1971 1163
4879 6475
6759 5306
8339 9920
472 6768
9862 5728
3807 6022
4880 9227
6358 34
8796 6541
7216 1639
6284 3930
7032 223
2992 6541
3524 1687
505 8450
44 3770
8447 5613
4672 6004
991 4556
9625 5860
2726 352
1139 908
1419 9496
2621 5833
2512 2598
8676 5458
6219 6638
2497 6098
8263 4092
126 6752
7561 4249
8452 8298
990 4248
2190 7444
8781 2754
1716 1265
9499 5853
6640 3346
5573 7043
7300 233
5996 2829
1505 2647
3326 6023
7356 7011
2894 114
5557 927
8228 5039
4740 8183
7694 331
4726 8253
5171 9849
7912 6900
982 252
1893 9599
7224 9503
7267 9604
9189 3025
2141 2859
7160 8280
8802 3005
4468 4316
5882 468
3157 3042
9636 7731
9879 6085
6947 9107
4246 9484
7701 6223
9872 1086
8488 2816
696 3444
5598 5970
8980 7859
7832 6784
5790 2197
4949 1671
2361 8156
9134 9240
1917 5137
7182 280
6848 8890
2575 4719
5424 2016
5005 4996
1056 5806
8667 9879
2242 5515
5366 8453
1324 1148
553 5709
5604 4943
374 7410
7573 1859
8733 8790
3745 6740
5895 2103
7839 6918
2299 3950
1778 5169
9842 8103
1387 2046
9119 8745
6713 1348
6142 6173
5908 6141
7692 3904
1433 9511
205 5186
8989 6864
3431 8448
6804 4063
3815 1179
8967 5462
1445 406
7826 1382
5444 6830
2444 3999
8465 1431
3565 8491
6362 1137
9356 4686
4315 463
5789 293
9428 8705
7372 3744
9691 6926
2137 6939
922 6797
2992 8999
7319 5653
7441 3551
4791 2670
9547 8309
5223 7284
6228 8673
3813 8686
4186 3615
6682 2803
1804 8890
2728 6089
9203 3698
9 3429
9881 3362
25 9242
3580 448
3415 1148
1842 7090
7335 1372
113 5792
9535 6585
6814 503
4659 717
4301 6135
5157 3379
1945 9906
4711 483
635 7577
3528 6254
5484 287
7152 8135
9047 7333
9666 1117
6687 1121
3254 4004
7854 7516
9650 5932
1653 7409
3390 1671
1418 1498
9593 6545
869 2630
1121 4451
540 1411
772 7847
9773 2943
7937 2069
2382 7187
1317 2731
4762 7695
1534 2992
8011 7117
8895 4577
9371 9428
1298 6008
514 8606
3203 9110
8995 2539
3594 1099
489 9641
5921 4796
3438 1752
5262 7613
8056 9384
9889 3561
2515 2678
3197 6418
9682 1489
5383 6138
6323 1663
4931 9931
7317 3707
7971 7589
3673 9854
9191 9545
6563 1680
6209 4754
7259 6081
3368 274
7236 1569
2604 9243
8585 5255
2735 9641
2081 2894
1466 4534
2154 1677
4497 1154
7048 2812
1316 5717
7470 3420
714 5803
7927 5322
8823 134
2475 7923
2567 984
6943 5748
6763 1778
7204 1888
6398 4695
8232 2088
6882 2123
5299 440
9150 9474
2006 5223
7402 4026
3119 487
1289 6198
9555 5920
1818 5971
6221 2958
9162 2872
2025 1296
9812 2760
4283 3662
9963 6931
3045 1731
6590 6334
23 4290
2863 8912
740 5176
1023 6505
9008 4793
196 1499
4509 9352
3401 5908
5983 579
148 5775
7266 5037
7036 6595
2248 8156
4980 6478
4764 1566
6471 3496
6796 6132
1210 6811
3462 3661
3924 8172
2801 9881
1539 5190
2161 3301
7340 8353
2307 9708
5089 3574
5937 7835
4418 2334
908 5932
1248 1747
5443 6970
6677 3330
1700 6545
1618 8640
4902 6742
6815 7473
9453 3066
7099 1564
9424 5485
6098 4640
431 1404
1923 2448
382 6633
3274 4812
237 3033
6355 6216
7977 2694
4482 3165
5682 6109
9011 9843
7757 1209
6649 8488
9253 4454
638 9734
1341 4986
3512 6029
8161 2755
3273 5790
8353 6432
4420 4036
830 1195
1389 7409
705 1767
8625 9084
6624 7235
1480 7235
1832 4604
2702 3075
9629 7473
1471 8185
9299 2598
9480 5654
5234 110
9430 6829
9476 8722
1624 9653
8867 2144
8914 4668
3688 8150
3227 834
1255 4534
7285 1756
5416 1007
4071 1998
5367 6951
6056 7804
7989 8981
24 5002
3193 891
8031 8538
9538 722
2879 169
8437 2837
2233 8001
4722 814
8006 3340
4217 1477
8601 6937
1097 1827
5940 1084
9195 5602
5799 1626
2128 4473
4262 1827
1105 4040
3483 3302
7798 1552
5345 4171
9192 1871
7638 7857
5868 3524
1635 6605
8703 6347
5027 6601
8482 2456
421 7865
7703 1231
3079 6304
7644 5440
9435 2619
3897 3120
6955 9407
7432 4151
8536 2092
7653 3657
4999 5536
9026 7628
3127 653
380 2410
1183 9222
7464 2961
7781 5961
345 4328
1263 6771
6703 6573
2107 1411
2757 8232
7217 2141
9210 278
8615 3109
3474 3539
2502 4021
3480 8645
1684 6209
2491 2058
6524 8371
9485 5473
861 9869
587 7853
4969 9352
2075 431
2394 8059
3315 2405
372 3417
1204 8259
604 2027
3913 3898
8577 232
5623 8512
9619 1050
8462 2854
4809 321
3520 2579
4030 6899
1256 638
9948 1175
4295 1596
9531 1123
4894 5218
7164 5508
5408 6281
336 2272
2038 3451
9839 7313
7297 6778
5697 7016
7900 9104
3839 7436
7417 9484
2728 9410
265 3057
6000 8379
2336 3206
5537 6864
2834 7543
7477 2911
254 3267
9335 8749
6210 1344
7314 5938
1040 8405
3232 4515
6598 6363
7716 2686
1382 5465
4256 4170
3569 450
9180 722
8173 5406
85 557
1194 5447
2207 6662
6688 4381
7260 46
435 8686
172 5775
4474 4216
4710 6108
5642 6436
1454 7061
9590 3340
902 5482
860 914
2768 5864
4789 6714
555 8525
9639 2573
9956 2876
1877 1365
7097 7613
1503 8265
4885 5577
2167 7549
3928 8448
3394 9512
322 7646
4015 5816
8571 1419
9432 8573
5776 1903
4025 1441
6540 5200
6441 8721
8794 8971
4234 6279
3723 460
7552 2952
5271 1296
7676 8706
2334 8794
8909 3014
1771 9484
686 1737
2319 5663
5860 7470
9486 971
571 5017
2484 8393
6326 8948
3084 5703
6807 9841
5628 4263
2945 1438
7648 6224
1538 5250
7655 9063
8759 2585
7327 7450
9070 4371
3165 1430
5217 463
1080 1183
1894 7464
388 5966
899 6972
3250 2287
8438 3554
5968 6756
4593 2256
3158 1065
6587 1805
8196 8735
5342 5333
4521 8078
5699 5104
2996 3373
9899 2837
4179 4629
8451 3142
6301 9451
9103 8433
122 1188
9303 3770
5282 9830
9565 3055
7588 1472
4048 2081
62 854
4017 4711
8002 5232
1385 8917
5802 3075
692 1355
4432 5160
9045 8947
3184 7146
3117 3187
2673 2585
2518 7021
5372 7191
4428 7650
176 2979
9703 5465
9331 2961
9097 6282
6050 1397
5294 1672
1852 8459
487 4153
9547 5223
1071 2678
199 2429
9877 9558
3834 8473
6496 989
8453 7786
9027 9634
6945 3432
629 6003
5044 5004
557 6956
3822 3395
2772 3863
7534 3792
5893 5056
1469 6921
28 8904
9862 4725
2515 1193
1567 2740
2196 3182
2614 8196
7898 1490
5356 3823
4491 6682
5898 2793
3144 2647
3187 4471
9688 2084
4642 7478
7473 7099
3592 4882
7113 5370
4013 5580
9826 9486
6080 5946
4834 6731
8250 2476
2395 1145
2937 2973
8383 1275
1696 8926
2889 3584
3852 2641
192 6556
2693 8705
4668 6041
8445 7188
1943 6981
1196 165
5387 2627
1002 6178
6882 6884
7089 4941
6194 8150
6683 8085
3489 2863
739 157
1426 7090
6785 5005
822 368
2067 852
8950 9373
2982 2563
6279 983
6114 9909
4462 914
4680 8206
8263 8068
2234 9023
2367 8535
7150 533
7176 7657
1575 1079
1768 8048
276 2628
2954 1111
9387 3541
8235 5190
7944 4076
53 8607
7578 4059
7230 8882
1391 9641
3604 8632
2339 3043
1857 1456
796 8242
5274 9126
8784 9499
118 7623
7557 924
5970 1546
7640 4953
5703 1745
5410 9195
3279 6753
166 2721
1224 6984
4953 4815
2226 7871
4142 7419
5519 8333
5643 639
5762 5442
2493 8025
5340 4272
3995 7169
3835 3887
9901 1985
7527 4175
7022 7295
8861 8701
1143 3733
3760 6692
23 7838
88 7081
2682 552
7296 3729
7834 3728
2857 2353
2822 5724
6715 4910
6375 2828
1525 4727
6926 1756
5599 5283
277 9102
7184 7599
5162 4740
8707 1140
4404 9656
6068 2070
1171 5649
3710 7765
1574 5368
8448 1851
8222 264
3430 8647
3530 66
8761 7444
4479 8859
2495 6990
630 6053
9245 7434
215 67
7960 7810
796 1586
3837 5687
6472 4105
7869 6959
2794 3325
8286 2318
4619 6952
1750 5147
6148 7979
7268 9634
6387 2064
1961 8994
804 948
5496 6178
9911 6038
6922 5194
6611 804
8313 7636
817 6212
9525 2751
7865 1991
2516 6672
6426 9887
9360 68
3175 1160
9910 1988
5529 4014
487 4060
2946 3759
6315 3576
7535 7327
6491 1400
3516 542
1250 6488
4687 6595
9570 8542
278 2046
8991 1099
4752 1178
2761 9911
1888 92
1690 9488
4388 8835
5086 7580
4176 3829
7458 5095
9490 4715
7301 2535
8570 2229
4373 2072
7230 4330
1033 4510
9722 6226
7069 3240
4233 4081
4411 8848
9460 2296
7886 7945
2439 4837
7039 9245
961 8322
4199 5546
2612 3201
7595 3208
2716 5532
904 9512
3929 2337
6747 8036
703 4884
2065 7647
2270 7709
7630 3097
5103 3144
6603 5082
2576 2328
8279 9344
5578 9453
5665 7141
4101 9037
9287 7043
2880 5520
2939 6539
8495 8557
9114 4742
9706 9316
4770 1381
5946 2130
6577 1664
6455 9761
588 6769
8119 2242
1148 42
9951 2751
3224 6968
9446 7685
2009 3987
6360 5137
2330 2093
910 5147
3271 9523
2563 7717
7721 8692
5333 4515
754 8649
8722 6586
4587 1496
954 6893
7078 8947
9864 8863
6241 2736
43 5118
2169 3180
5590 9410
1206 5836
1552 9940
17 3628
3272 3132
2614 134
528 1172
2663 1928
9373 5306
1053 9562
7067 7962
4399 5252
7453 9922
7798 3012
6539 255
6876 8012
4106 5026
8140 4730
6544 1940
6933 4893
8348 8335
1941 23
2585 2858
7280 6150
6242 4116
7476 7210
5586 8381
598 5735
6705 2433
1067 5282
1634 2843
1560 3253
3346 6063
332 6577
4463 3964
20 5199
8771 7223
9343 1785
6061 5537
6966 6172
7472 4642
6025 2245
4109 2541
3146 9063
211 3302
3949 8564
6234 2500
1672 8518
5134 4263
5630 9497
3204 3773
3371 4863
6625 8649
2001 3429
9543 7536
622 1381
6882 6600
4761 501
5523 1212
8569 8723
4990 2225
1778 5061
4268 2711
8547 7186
5792 6434
4437 405
5078 2186
8371 2103
9666 5061
9735 6494
2053 5253
8747 9742
3249 2270
670 8714
9330 18
8261 7187
194 9551
7292 6805
393 2276
7046 7933
5062 6029
7726 2116
2431 8095
5686 2533
8783 925
9436 9881
9726 725
3062 5057
6537 2358
4953 1372
8377 2306
3269 2561
3748 7296
7973 2057
8509 7950
3272 8412
32 9320
3261 942
8992 9981
6716 8689
480 9134
3045 7201
7423 5458
9918 3196
5406 4363
9401 7974
4836 6664
7256 3927
3598 5388
7577 5482
4137 262
8924 2706
2543 4900
375 567
9239 3272
3868 4710
5106 3443
8373 128
3653 4065
9544 3316
3833 8562
3052 2528
6617 5245
3036 2978
9298 5534
1613 1543
71 1469
8254 7933
8827 7837
1458 8265
7294 5755
1486 4889
4809 1262
1579 7357
4717 6891
4325 982
2974 514
7690 9909
3401 9222
4684 5661
7586 4490
5905 7604
2698 9351
2743 6537
7222 1598
7465 2069
1758 4414
912 2647
3951 2576
1 7066
607 406
2119 8562
3113 5843
6211 9398
5621 4902
241 2711
1431 5005
4049 8509
1749 1252
6786 1964
807 9214
5273 6178
272 197
9450 6836
8239 5366
1989 6146
3615 7948
2588 4934
9113 4172
3422 3016
1952 6187
703 9867
3535 9989
7178 6994
5282 3153
1342 3175
2610 5910
841 682
8242 3201
6645 8907
8319 9605
8824 56
9086 35
132 402
8333 9737
1504 5377
3329 8639
8192 3716
1472 1926
4141 6310
9427 282
8098 9759
329 1402
9626 1383
7804 6418
3057 6882
5507 6331
7313 7688
9161 8523
398 9984
5986 7548
419 6875
2104 4021
5737 4476
6695 1536
8087 3591
8845 9742
3946 7965
5292 3007
104 6074
7709 3679
4106 7965
2995 9577
3909 1361
7326 65
1229 9584
8197 2580
9020 2097
4312 1285
6930 5254
1277 4907
7065 2311
1517 3565
9740 1702
8186 3265
1156 1899
5547 6542
7526 5313
9033 1099
8439 4229
4527 2535
4447 4594
7240 7614
7801 2391
6523 1430
5434 9494
2627 4757
9199 674
1329 9560
6368 7151
6340 1364
4568 7693
1269 6942
2782 825
7174 1034
1155 2088
7890 852
6300 4920
3842 4936
1003 1174
1386 2478
2270 2641
9482 9631
4005 1180
7755 9445
381 6886
892 4366
9044 9104
5182 9649
975 4983
5506 1448
1784 2081
2511 6237
7331 6923
7107 1153
8766 3628
6104 7859
9064 3186
2658 3788
2214 5013
8749 3593
3049 2963
3974 6646
7336 5419
1435 97
18 7007
8848 9303
2280 190
1233 8623
346 8486
9597 7387
9610 1267
1275 5829
6694 4885
5119 1137
7851 7093
65 3829
3724 460
3429 4592
7953 2461
8527 134
66 454
326 860
1770 2002
9906 1396
3655 3304
6108 4106
6051 1696
3270 4781
5065 9222
2529 8523
712 3593
6907 9989
9422 3934
6635 8608
9478 4645
4341 23
3083 7316
5832 7912
6006 1719
3412 1850
2881 3198
5313 331
7734 4258
1281 7582
658 6127
5181 7534
3515 6537
6365 1672
8294 4849
8883 6629
567 289
6902 3758
1565 6337
6938 5253
9052 2103
5240 7440
665 494
5437 7942
5816 5933
2716 7717
93 7634
200 3230
7597 6921
2410 9893
4876 327
861 4281
4266 6109
4319 8807
8925 5565
9693 2224
6817 8950
9926 2986
9919 3082
955 4136
6041 2428
4557 6257
9559 1744
7271 8348
4359 1797
6241 2919
7373 5055
3625 2189
2304 5084
4099 9794
7512 2894
6800 3397
4401 702
826 2301
4117 373
3009 7555
1945 1099
3264 3672
933 1244
3685 2098
3324 1797
9204 4510
3247 5277
3619 7921
1063 7635
5052 7533
8078 3183
6091 3100
475 9600
5780 3469
2359 9790
9481 372
1442 6385
9953 9477
5072 6831
8504 5545
1150 9717
3262 2419
5463 4337
133 4224
3099 4194
1485 6710
8503 6373
6522 1228
7709 4179
6781 1338
6255 3509
4880 8237
5944 4301
1337 6763
8673 4556
7553 9512
5259 7195
538 9454
8421 7284
31 2121
143 3279
9840 7409
6594 515
1363 4390
455 3452
1333 8586
6200 485
9489 7448
2789 7293
684 5814
3803 4972
519 2634
9055 8506
1151 4921
7889 1416
7099 9570
7446 509
1987 2166
4196 5199
4927 335
1841 6885
3139 9299
5478 4197
7223 7967
5 5707
81 9995
1548 3622
1463 6897
4309 3355
1887 8007
2833 945
2807 5885
8709 1234
2110 3231
8162 3567
1909 7450
1968 5641
2727 9095
7975 8474
77 1882
8789 7613
270 800
6701 7056
4056 5660
6296 9279
3322 6870
7794 2061
2958 3045
6789 8503
7214 311
8014 3650
7720 9954
8820 6393
7207 9881
5011 9632
1516 7153
8933 1331
7037 8467
7714 1408
3311 2707
1846 7813
2387 6809
8848 8193
2844 9329
307 2736
434 2214
6515 6886
2256 5520
8059 3281
6397 659
6190 3319
1700 4257
1436 3864
3074 1127
8139 7078
3931 6333
6041 4410
4218 5063
2787 8594
95 8431
4081 2667
7994 3268
4741 3057
8137 164
2927 8343
3681 547
9802 1156
8899 3016
2964 6346
4205 4673
27 8206
9060 5345
4337 6201
2665 2921
9649 5756
5878 9768
2857 9811
3115 2263
6084 2501
6245 2442
1 4100
4956 1651
6204 8956
2174 6235
805 4390
4422 8321
7193 7613
6002 8058
8448 527
930 615
4128 8895
8114 5712
2696 8215
5892 6375
3828 7594
6155 1343
4211 6725
4122 87
7585 8589
7395 1205
1064 8956
5685 7734
3183 7099
4414 2613
3795 3647
4382 3647
9669 9678
5913 4418
9397 7327
676 9210
2592 1454
5237 7420
4715 9253
5483 4562
6607 4285
4847 74
1851 5769
124 119
6102 3164
4073 4144
9750 4070
9271 2968
6499 3301
7400 7033
9957 8664
9912 1346
1938 7114
9436 2273
4126 849
2876 4895
6442 991
1092 1539
9772 7225
4753 9679
1462 2727
6706 3449
1349 9374
8515 8557
6378 3286
1488 9632
8561 9551
7860 1352
2509 2572
4622 5370
6192 9577
7093 5321
9444 3520
4548 6898
216 8148
4449 128
2238 9911
2048 3
1946 933
4894 5127
4291 1141
3321 9238
2302 7896
5455 810
6030 9987
4066 3672
8350 3132
7636 2323
2126 2632
4522 9786
8726 9275
4252 1653
3320 987
3985 7806
7594 3063
7657 3674
7125 9634
8471 5818
5273 5690
26 4420
2867 8505
8655 8647
4653 3695
8350 1297
3242 3978
1148 8963
6336 2647
6179 5391
8876 6350
3619 3833
8237 5435
8595 4656
2058 6776
6231 7902
790 4812
9568 4048
5203 1436
7760 7105
6881 863
8960 5760
5646 6409
581 9088
4586 6135
3216 7841
6032 2398
9647 9798
5504 2875
9936 1637
3318 4949
2398 1356
7699 6352
1709 3841
3732 9904
4363 8835
840 7746
1247 9893
9352 2313
4364 332
8987 4602
1365 2971
2311 3458
2403 2904
2760 813
7816 9482
1675 2739
6464 7229
3831 7792
8283 5152
1543 2728
2369 3268
580 4704
7952 155
8927 6604
3754 4435
6479 2233
7415 5654
4577 7016
4008 9475
8193 4713
2614 9274
293 4552
9884 1085
2873 1397
1484 7438
5723 1433
6870 9562
693 5350
2661 7051
259 8315
4127 6619
8678 5502
436 3853
4147 4221
4802 9274
8525 3372
3222 2738
9942 7804
1315 3217
2699 8422
7192 7337
9238 5999
1789 391
6596 8546
7545 8333
1760 7937
8225 2512
3140 6377
1590 1035
9071 1820
9348 6393
6675 2313
6253 6089
4683 9474
4734 9307
6538 1886
404 16
8194 7567
5748 460
5286 3706
6911 5978
4501 3414
8535 7650
6138 373
9307 7101
674 633
551 6634
3132 6309
7156 8260
8299 4400
8385 3639
2132 6007
427 8305
7440 2081
6145 2653
6193 5146
5039 8775
1387 7208
7934 7709
2057 7939
4117 5201
5464 8955
8978 2783
4249 2119
682 7191
5932 5306
6083 6643
1455 6553
342 4476
4577 4964
7702 9226
7173 8016
8466 4197
7333 6592
2282 1550
7085 3192
2599 8822
6477 1419
3986 1970
9093 3510
9023 7387
4225 9481
440 1971
6554 673
2231 1192
4128 5961
8822 8494
7968 1441
8997 1274
6053 5729
4258 6961
3023 4188
7492 7419
5877 95
9132 4729
3645 3918
6472 8873
4621 8891
3130 2233
3331 4061
6029 6946
2079 3990
2042 8543
2417 2547
2560 6276
6590 1320
3700 5586
5133 8764
1711 5760
9219 9612
8115 669
7179 9977
984 3712
9551 8274
872 5456
516 3316
1124 6657
8345 1011
4377 8631
4968 8807
7827 8689
5221 6373
677 4192
4865 2966
8284 7341
9154 5506
8488 1640
9690 8261
2021 1488
2969 8323
848 4672
3271 7697
3725 2192
82 6380
3547 1756
561 7950
4236 8989
4450 7497
9881 80
1483 1578
9804 6138
5576 274
357 8730
1973 4765
1553 1217
5919 4024
5588 6759
7892 2863
6022 5962
7036 6030
8889 538
4013 4668
6394 5088
499 7819
6207 3619
8691 8638
5282 3305
1487 2496
7708 9429
7800 738
7984 2045
7290 6044
4629 3245
6613 5917
1144 333
605 8335
3272 2489
9642 9850
3529 6511
2613 650
1963 9324
6438 3435
114 1871
576 1119
6666 8879
3214 6066
9655 6677
8766 4285
9039 3050
6505 24
9814 5585
7421 1646
4313 7730
6909 2869
7242 2338
3809 6076
5055 3213
1150 6108
6928 6607
5702 8788
4881 5914
4433 7493
4765 3911
3607 6445
2375 1779
9923 8094
2413 1116
3183 5681
2171 466
627 7162
5707 7467
1367 8431
3932 4361
1985 7377
9385 438
1108 8541
2968 1060
3487 9428
7904 4077
8758 9484
3727 6353
8045 1117
2206 7783
908 6600
3006 3235
1198 7932
6617 963
582 8361
4486 6993
6197 445
4207 9631
161 1266
8209 153
8219 8413
9495 5848
6488 5402
139 6939
8243 2080
8103 860
70 4883
6420 4628
934 5311
8335 8111
2228 7847
2989 7266
5122 2394
1534 4632
123 524
260 2449
1422 7038
2607 7158
678 8428
3585 1310
9497 8798
9419 5115
8698 8948
8126 2776
6709 7012
6845 8166
2086 3484
5407 8927
4023 4736
5021 8007
5290 9421
1462 3729
9384 5811
4224 7866
1929 4367
3223 1594
5008 6171
9582 2286
5041 9443
4704 757
3734 1293
1373 155
8065 2479
1559 9074
8107 5837
759 5550
6686 172
4348 6676
280 8866
3843 8184
9747 1600
7094 9095
4685 1550
6432 6132
7066 9638
6077 7191
5579 1880
2882 2825
7687 4537
6015 1285
2092 1638
6349 2000
7237 6334
5794 5514
3107 6311
2897 7577
4960 5698
4131 7482
6993 9691
4443 302
5853 5997
9121 1106
7817 7033
9757 4577
3061 2599
6553 4809
9694 1136
202 5785
2658 3851
8566 3631
3185 2428
1191 7169
4475 2512
8828 4016
4398 419
167 6078
5987 390
3818 1099
8382 4870
169 6702
5458 6847
9481 7686
806 1413
6972 4798
5782 8837
5116 1351
1142 245
2045 5931
4608 9643
8266 7635
9830 1528
4381 9987
2818 4932
8860 569
7966 8922
2027 1437
411 3597
8484 2176
9204 218
7805 3170
8072 4217
2208 9146
5384 2467
2158 1313
2724 2958
1552 1175
287 142
8152 8994
611 3691
6793 1357
287 6994
2032 9930
6764 1700
1463 1454
8617 9183
3482 6163
4303 6388
9222 9447
350 7715
6573 1296
6385 9762
797 3302
5084 506
1647 891
4681 343
5600 7686
5701 9029
4272 1381
7782 5396
6144 724
5524 5725
5050 7201
47 351
9986 1372
4091 8575
4299 1610
9251 5387
1439 4623
103 4270
6656 2593
369 7546
3779 3379
5932 4947
8468 4099
266 5569
3241 7022
3549 3938
6370 8450
5863 576
2539 971
610 8880
5564 9866
7105 7567
564 2128
3409 7989
6984 2593
95 5467
6659 2486
1793 9996
4022 5295
310 913
6031 9900
153 2157
8990 774
8892 5254
454 4983
2045 4679
2103 7517
37 4252
9512 8529
4171 258
273 210
2775 9589
4074 2548
3663 1272
4201 915
4648 7663
5901 7436
3669 8636
5209 6581
2517 1094
7920 22
2036 4120
7998 1477
7610 7548
3056 6739
7026 7337
1733 6233
7559 184
2835 7151
5824 6095
7488 6018
1875 2958
5683 4666
9403 2476
9299 7421
5339 8564
7201 7784
7337 2097
7839 302
5399 4176
1571 7151
2943 2807
9190 7673
8331 7115
2812 9364
4993 6721
7955 7544
420 6191
6205 8426
3382 3553
9329 57
9887 861
7257 8975
6879 5596
7396 1023
4282 9592
9217 6864
9299 2659
1892 9523
5315 3196
9312 8326
6626 2433
8846 4248
3869 8051
112 8140
7866 2756
7584 4606
6805 9380
6578 7656
1654 8886
4094 3239
3825 7418
1447 1418
1897 3081
6892 6333
3862 3657
7430 4364
9584 8677
1758 5835
8806 829
4674 7706
1713 7072
5884 1311
1820 5159
6552 8992
9892 7106
9116 3380
8293 1934
3770 8768
5862 250
1500 6773
2758 7377
7250 2923
4922 7549
6513 6435
2457 5724
3385 7503
8341 24
4758 5364
4651 6794
972 2723
9248 1027
6738 1882
9537 9775
3496 1033
7318 6211
6965 5686
783 7428
8350 8404
7143 1540
8701 977
4914 4564
3832 5241
9422 6983
4434 7151
7637 2231
2918 1505
6602 2451
3364 9544
4082 8504
995 2274
1998 8746
2552 515
2349 7751
7254 7278
9517 2119
6152 9060
6834 5171
7750 6978
2306 9627
5108 3039
9646 3825
6130 2244
8791 2690
5357 8963
7325 3822
2040 2745
5047 1280
206 5738
9238 9013
1430 29
2876 8333
9736 4551
712 3466
1307 2761
3208 1008
2600 6248
7507 8038
7281 8061
3328 689
1509 9137
4481 7302
91 5187
3631 6643
9592 3835
6917 1812
3656 8951
8735 7901
2238 9445
7563 5244
9815 9519
3906 7224
5812 5814
4928 9962
9594 4337
3652 408
5753 5787
1379 6767
2252 674
506 9996
9600 4843
6858 4620
497 6359
6917 3726
3552 2313
7170 7270
690 7474
1755 7898
3389 3264
491 4495
3731 6465
3419 2715
4811 3854
654 2414
2799 8344
7199 8948
3119 1018
6049 3674
780 4756
2162 7786
6216 8630
4941 328
3920 5999
4647 6864
6546 4742
2028 2329
2639 3583
6170 6474
8410 6676
9570 6049
5144 4704
3527 7608
9554 8854
160 8196
454 2877
3970 9658
2481 573
460 8918
5163 8687
9401 1427
6775 5403
9070 1217
7738 1651
2524 9132
3590 3001
873 4467
6414 7062
9085 8079
9003 8897
6214 8939
2659 1427
7779 8318
6422 1056
3845 3902
2034 8072
4293 3041
413 1472
7878 716
2919 835
6307 7095
2500 5738
6107 9821
6178 8879
8374 720
1867 5104
3081 2471
7828 1117
9349 4273
7473 3808
5945 6939
9831 2914
8404 4321
6143 4636
7528 822
3995 1275
9058 2357
1786 8797
8739 3880
988 1357
5338 7963
224 8900
229 8315
1824 9447
8110 441
7175 5026
3346 7804
2163 233
7238 4784
3152 3248
6672 5652
5636 7148
4678 7413
4562 7295
671 9119
5302 9327
4064 3622
3679 6097
5251 3604
9970 119
8350 4852
1837 908
1355 8807
5353 7202
8163 6714
8533 5588
3240 7994
6627 2602
3393 5061
9709 5567
4549 9795
9445 2980
8708 8768
8910 5853
7628 3563
9260 3829
5726 6308
854 7010
5967 8335
4458 6080
7172 9309
5460 4210
5713 3666
5368 9218
7073 7933
928 2311
33 2951
9920 5015
4739 3834
402 7151
1323 6015
397 8194
6569 10
9858 1408
5043 1
2690 5626
697 4637
2800 765
8138 3075
575 6597
4868 1779
3498 9130
3016 4332
1722 3480
3155 1360
8699 4859
560 684
9678 3074
3326 543
9559 7410
3940 9487
4562 9961
3127 5779
1890 6275
6259 9059
1428 340
5614 7892
168 9095
7087 5427
3458 8904
299 2387
5960 9208
9123 4489
624 568
2498 1217
23 7151
1537 8799
5772 3447
3735 8426
1742 1179
1785 1346
1950 2557
4184 9496
5749 9440
19 4706
7064 2533
1213 5255
308 3132
6894 5212
1994 4581
8885 9122
4762 3756
9214 6428
6024 657
9350 5400
115 417
8959 8558
3573 6867
4090 3395
1278 5969
4625 1880
6810 433
7686 5453
908 7672
554 9071
3922 2494
1219 7714
844 4780
6818 4099
6281 6924
4469 5934
9423 2864
7119 3475
832 5989
2097 3448
5462 5446
6956 3932
4000 5545
6227 215
4829 7441
2856 133
6263 9929
8976 871
487 868
9119 5344
668 4248
417 4888
5126 9378
9506 9033
3145 6735
8199 7000
5602 8692
6158 4984
7589 54
6585 3011
3613 9850
7642 4941
6620 4792
8391 8916
5147 9599
9240 8430
4517 250
7980 2166
315 9405
9793 5962
9370 239
4335 4782
7028 7208
964 5695
7543 3091
6073 3991
4454 8563
5186 5887
8097 8166
6415 3326
2746 3039
7306 8618
9914 3047
7156 5138
7157 7335
4933 3902
8734 2597
7568 8665
7560 7639
7693 9384
9868 344
1356 2762
6843 4196
7180 7777
8085 5729
6573 4498
7575 6353
2265 6003
8521 285
8899 7929
6791 7461
4788 472
3874 2599
6919 3807
860 9038
4196 6012
6150 6797
1362 368
6745 6466
5922 5810
8624 1563
2709 8217
371 5443
3312 7143
4740 2347
571 7433
1881 7513
5552 831
3153 2447
3566 6487
4058 2978
8625 6882
7393 4894
2432 908
6490 6616
6235 8240
614 4235
1325 275
4905 1787
3896 3264
662 8788
8094 7242
5600 6338
7210 8803
4389 7487
2634 6576
6543 735
6055 998
2941 9010
5012 2051
8949 3381
6752 1360
7594 8572
5777 9540
6241 9987
9627 1161
4997 2795
2778 292
7709 3183
7930 4845
1891 6264
7117 7807
963 9643
702 5083
4916 7404
651 4556
5516 1059
6046 8802
909 8871
7230 3331
8488 2
6114 9186
1486 5584
3912 3292
4281 2144
1387 7909
5647 3181
9240 1399
4804 1547
3995 5287
4948 2512
7081 6493
8241 8193
402 3634
3733 7562
1252 3118
8520 9647
4107 4120
9377 4793
2068 7547
1331 3855
7145 7991
4129 6119
5385 6011
7999 5655
9540 9642
5900 1145
7431 8430
2016 6556
9779 5486
8297 3180
5798 7934
5329 4097
6274 6317
185 1475
3939 5090
8634 5574
5821 5859
3610 5365
5225 8093
1685 3204
9967 7346
355 1686
297 3072
7605 9678
5888 2005
8813 9527
6600 4710
8866 2839
7883 2042
8305 8227
8659 9600
6404 2880
1995 4024
2649 5674
7378 6281
4081 1700
3884 4973
7072 9440
1690 8496
6557 689
6464 8211
7461 4028
353 9315
339 7170
3792 5564
9599 3360
5499 1373
2652 3050
4831 8459
2564 1208
1690 7805
6309 2913
9716 7868
7776 3767
1698 8652
7962 6611
4655 8496
7581 1300
7707 7777
5716 8893
2797 5603
3399 6418
9744 6126
8455 7428
5319 30
6517 7007
2012 8741
1754 8675
847 9464
8914 7549
6888 6020
2033 3218
715 7049
4223 3346
3699 7024
4379 2308
3150 7575
7952 8430
7269 9443
6512 9904
2399 5200
3025 2828
7215 1110
4584 5938
6628 7021
4682 2116
5959 4107
7123 756
7788 2090
5224 778
9737 2442
8258 2536
1036 4509
6826 149
1688 5935
1346 8604
9034 8632
4448 1044
9310 4574
4013 8030
1910 1914
208 4827
4031 7766
1813 1109
8753 912
3600 4979
6811 8212
5346 9717
4952 7283
6327 5520
2289 9984
3068 707
2597 578
9539 900
8145 8417
6934 3765
8425 6811
4371 7436
7282 2973
3307 3863
835 4473
6022 2579
6833 6231
944 3121
7796 6281
3717 3380
7180 7272
8155 3287
9887 2078
586 1499
1813 1745
1280 1974
9761 6558
1182 7972
4385 6136
3391 9849
4433 5458
2303 8059
2259 9144
5412 5401
9274 2892
9024 9488
7689 8611
3001 5083
7122 2133
9010 9708
494 5336
8897 4338
506 7798
5759 9891
7778 2505
410 1230
2454 7793
3650 7969
7109 5225
919 4338
8798 5794
4838 140
9032 7482
381 6825
5838 757
7198 7352
4066 2503
9400 4798
5344 3999
2469 5532
6633 4102
3015 4044
1626 1905
1114 5794
8448 7146
1806 7162
8268 6078
8671 6266
5121 722
6762 2704
7849 2722
1453 2144
6820 4756
6085 3901
6389 8662
5715 5761
788 7005
6306 4092
199 152
9893 8623
5417 7719
7299 4393
1810 5293
5805 7043
3065 9178
8935 1545
4350 8692
3331 5918
4242 1115
3617 3970
7233 3950
6495 5626
5742 1769
3183 5859
7836 1672
8951 9319
9410 6048
2404 7551
2527 3555
9739 8677
642 357
8054 1298
2617 7550
2821 1898
6459 7405
6003 4275
8779 8431
9232 126
7979 2852
69 2145
8431 5975
4572 8705
1436 2562
433 5546
5221 9687
4597 1622
4992 5733
2283 6437
8614 1851
9734 1314
1158 2837
7990 8970
839 7195
4208 7496
3136 3265
2180 3356
3064 8976
7360 2379
7813 8400
5438 2756
6332 4816
8363 2941
2890 384
3131 3051
8790 135
522 5044
1078 8539
6648 116
6074 9352
6541 6658
7969 9077
5208 8742
583 6778
6572 3404
5674 1441
2640 727
2797 5556
6075 8897
8692 4187
341 3268
3833 9040
8493 8802
2992 3656
9455 2647
3111 1651
2037 1499
4658 5984
5750 9906
3656 9168
7153 6472
1 1582
8363 1476
3396 1134
4322 723
7115 8304
6264 7188
547 8562
4038 9601
6243 3348
805 6720
2100 7589
8947 7418
2333 7986
418 8048
2688 4187
4358 6843
3739 1998
5432 2432
5514 9351
7817 3925
3004 4146
6559 214
5369 4946
4429 5929
7321 8304
1130 3648
6020 5552
7846 1793
3798 3165
6433 5235
7106 8589
7409 579
5521 2696
6366 5736
3366 7758
376 447
7287 4164
8879 8009
9140 2189
6612 7566
7641 8196
2772 2400
3700 8063
2326 5535
190 5260
9656 314
4038 9083
687 5650
9505 906
9180 4495
8947 8433
9144 9848
8849 2052
6532 4195
3799 1034
2764 1053
36 2612
9075 6610
4825 9682
1142 9782
9604 1249
4821 5682
4499 3269
7009 338
5311 4893
137 9640
1491 9899
9175 7257
9666 3833
5706 9628
4354 9139
3872 1474
1797 5486
8459 9930
3189 7775
8521 4287
5473 9730
6921 9075
6164 6287
4004 4528
7919 1923
7213 7101
3395 5566
1656 3662
7823 1351
7075 7257
5791 7808
1272 7802
1619 1235
4062 8713
22 2603
1919 5657
5848 2020
1668 4751
3044 6369
2870 7114
6735 361
4737 1299
6691 562
5226 795
6901 7742
960 5261
4945 5378
6403 6099
4796 1353
5787 9496
3531 218
8182 3086
4714 3474
7558 2647
617 7531
6443 547
2431 5918
6511 8773
8514 5952
4823 4373
3897 1147
9975 5056
344 9274
3835 8378
3812 7060
6900 9889
3981 5985
3711 4087
5495 4263
710 4465
5839 293
6022 7584
5400 8666
7420 5879
7082 3542
7336 3015
4516 2078
4938 7912
8249 231
993 4356
9857 2271
8319 2903
7165 5825
1030 3501
6992 8277
8614 4824
6693 8899
3439 5586
2519 127
1702 6990
6758 1686
9944 1935
1401 9938
9846 8164
359 7991
2286 7585
6728 920
4220 9447
748 4536
7287 2532
6831 9243
8403 8298
2082 4342
4733 8581
2461 521
8026 4661
1642 2476
8172 105
5490 5384
9348 3645
3833 6324
9501 3697
5718 6452
4485 6089
5585 8562
262 721
5146 2931
9731 6590
4088 583
3740 6162
4682 5954
2774 3477
5724 1976
2777 8341
2488 2000
2977 2098
3615 9705
5641 4309
7608 4949
9139 7370
6169 727
3265 5919
5671 91
9241 4467
9741 6023
800 5855
7140 4117
5014 268
7485 6893
507 9190
1914 8340
5370 2310
79 6807
3958 749
5096 4489
8637 6250
8782 2365
9764 6769
1712 8709
4357 3635
386 2787
2730 1387
1434 2115
1691 7723
203 448
1510 654
270 8040
8041 3553
3982 4877
9316 4967
9053 3429
1999 7508
7985 3322
1701 1273
1833 5147
9121 3066
3780 9328
1669 5748
8737 3598
6773 4788
6988 7457
1282 9398
639 8693
5822 201
8043 4513
1727 2466
5391 8525
8722 3427
3672 365
835 4645
2637 1343
3150 2184
7873 3281
3 8887
3551 4890
2898 1537
4378 3685
8701 4032
9145 5671
1998 4343
5466 9692
7142 1493
1485 4054
9879 3955
749 215
5784 863
444 1740
9654 1274
4815 3082
483 6542
5063 9013
4670 2387
9326 5756
1948 3532
9726 690
3431 6023
7052 4710
3175 2539
897 1437
2684 5886
998 3435
6838 1523
387 7237
5864 8564
5200 2245
733 9795
7148 2865
98 6465
9596 8293
3492 4444
8507 8631
479 266
407 1433
6363 9570
5586 7511
6529 8448
8297 6924
6134 816
1542 8007
3544 7369
5693 306
8680 7629
2611 5773
3709 6432
2796 8422
3701 4190
279 1296
5616 1963
2853 8431
8046 9162
4979 8241
3388 9122
2458 7367
9421 592
64 7957
4801 3257
6622 9228
7897 4271
3183 949
9010 1606
5244 7341
6040 577
1597 9848
2749 3944
3196 5291
9787 3656
6110 3619
7868 6723
2471 272
6248 3341
7384 9318
4093 9093
8318 4006
996 2600
8270 1496
9686 9615
7434 3656
7748 6314
9121 5976
1583 4281
5449 2919
5326 8119
7519 4232
4424 9144
1025 1974
3159 4920
3567 2116
3798 1012
3534 9726
6467 5451
3042 9985
283 3557
1872 7037
5730 1127
6003 306
5655 487
7995 8870
9719 5036
5530 538
3670 9393
9881 7073
4682 1719
9173 1032
8597 9625
953 984
9600 7804
8401 6533
7394 7180
1492 6948
1959 7705
8021 7128
2681 3497
3057 6026
9994 3739
8998 1815
1204 896
7197 6030
2342 7303
7699 3316
309 9307
4021 7450
7367 7153
1761 4584
9682 5484
3036 1231
3317 6628
9094 2483
8659 4698
2203 4031
9996 834
643 881
180 525
9660 3402
4852 6055
2958 8319
7361 8200
8580 2213
5284 206
3299 8256
8010 1826
3200 2496
1338 5439
9577 7757
9965 2091
9204 2153
4664 3445
8055 9653
1823 303
1612 4518
2135 1787
9258 4414
6129 4246
6180 2013
2899 1979
4187 6963
3473 1134
3231 9228
7473 1167
8549 6497
875 9295
9028 9321
5783 633
6350 1090
7962 3810
2056 2139
9363 9013
2251 8350
3221 6756
8827 8487
7451 9867
3676 4963
6707 7425
8728 8659
9950 1869
4835 6926
6374 7142
8290 4352
3545 6411
2765 1377
3297 2404
661 2667
672 6721
4026 7841
9633 8487
3908 9640
3651 2121
7579 9588
5678 5632
1181 6564
2506 5384
8227 2045
6111 2519
303 2961
3910 7621
8957 7771
3488 2334
800 6198
4018 3326
4991 747
2417 6009
606 6471
3218 1277
9959 8701
5401 4633
4949 7257
4607 1552
3552 4554
3176 5844
4688 6518
2198 6003
846 4320
5263 3257
9515 4306
704 3218
1370 2264
4372 9808
2783 6266
2380 8697
7304 2476
5350 1941
8661 8666
7429 2918
4569 3189
2407 7478
3232 8215
3952 2029
86 7158
709 6849
4253 7365
5277 2225
2636 5056
4384 6435
5152 6542
7010 9010
1577 7709
6270 5706
5165 2614
1614 5376
3953 8660
4269 9286
9046 4217
1993 130
3424 7618
947 4696
3229 5229
8477 2162
861 5648
396 8321
5931 1495
3671 3675
4748 105
7604 6917
3378 2287
8968 4114
5998 5632
6364 775
1347 5565
6237 1416
332 4600
2139 2470
6797 694
3436 9864
6220 2278
3679 4328
2084 5932
1589 1477
7123 527
975 4849
3562 8879
2949 7098
3298 9729
534 5082
4612 3971
5212 2708
9438 7528
8061 3714
4729 5044
2634 4295
22 1771
4032 6081
6018 9670
4855 8642
760 19
9616 539
3376 339
231 5543
691 5717
3407 6448
437 6132
4523 2487
7830 3417
8026 3503
4765 271
6561 8327
1446 1485
3792 3668
7857 376
4695 5199
1095 1882
4240 348
8589 8674
7939 8142
8749 1821
6723 2745
7128 2242
581 5715
2721 1080
2816 3759
7544 4111
5833 413
7608 4631
7001 6803
1751 5423
1414 9463
8856 2676
721 7644
5354 1599
8204 9769
6571 85
2817 5687
4893 8134
5977 9020
1506 6560
7675 8334
5668 8464
7194 1659
4019 8178
9183 8164
4413 22
4039 3410
7731 3991
6320 561
4260 802
2747 7169
5456 3116
3220 2496
7882 2329
4180 2521
8999 5894
8672 3537
3290 9030
8627 3160
8476 4629
566 4573
9188 9662
2368 5586
3015 7615
3461 3458
215 8659
8547 1377
9341 9601
3326 3118
2753 9125
7789 7664
4884 1970
4858 9240
594 2636
524 1816
697 4079
5063 7346
5109 7447
6239 49
2478 727
3370 3531
8538 8243
860 2276
888 4747
8028 4640
313 2441
2073 9638
2911 2202
7758 6581
4323 1316
9239 6847
8652 2934
5810 9228
9583 50
3660 8351
6427 9867
5185 987
7802 6917
150 4585
1149 6524
6510 2058
9013 1290
6942 896
108 1103
6052 5844
5515 8135
2936 8866
8040 327
1703 7538
6724 7704
2694 2578
3528 7866
2668 6097
163 7731
5995 1320
5389 8982
3267 3552
1372 4021
6962 1301
1850 5876
5875 5750
8903 2702
6996 1538
6486 5294
9521 7779
2388 273
2266 2827
1784 4616
8215 2131
7866 9676
4897 7169
467 7420
9104 4755
2525 142
7237 980
5825 2270
65 1111
3211 6761
8288 5098
8956 7897
1915 6981
3365 4021
2993 2802
9622 5097
2346 9765
4929 3980
1777 487
1202 9129
9182 5484
3439 8701
533 1273
7636 5775
8537 2716
4425 3112
1781 368
9069 1772
3117 6812
3114 4282
5242 8234
4774 5169
738 4793
1339 9601
7364 9674
8308 6658
8658 5814
4346 5041
5817 9830
2186 2514
5032 4773
6704 263
2098 3228
8646 3493
4161 5731
5451 729
9226 9638
6287 5775
7839 984
9754 5260
6780 1471
9580 5356
4294 5100
2921 4784
994 8983
3406 3815
9887 9422
5337 2928
1571 430
5513 7095
4307 3467
7192 1376
3526 5527
2143 5667
3023 4786
9830 5109
1344 8983
2424 5349
8306 4117
7571 9376
1164 1381
9743 2697
6039 7027
1010 6108
1537 2922
2042 6970
5189 621
3186 2563
2332 9973
4393 6997
2342 3870
1532 8981
4626 5668
6591 7704
7829 5058
957 838
8171 1380
7836 8561
4646 4564
3521 7754
6182 9977
3413 4647
5797 3358
9358 853
7756 7689
5307 8372
5851 3402
2982 2026
1467 8481
2187 7619
7899 1081
529 4088
1357 1587
80 3494
8587 4548
7324 9828
1042 8604
1297 289
8036 7399
4622 8904
7645 4960
7831 7294
2093 7584
320 9516
2250 6078
3169 1160
422 752
2948 6569
7180 3792
5994 6311
4245 3619
8788 7073
6863 8458
4151 111
4701 3856
9022 9825
4824 5151
2857 4461
6920 3495
1250 2492
7544 7691
2136 7752
1900 2827
3289 1674
5688 5467
5474 2529
9595 4202
6337 5090
6083 7141
1162 8653
5007 3187
8458 8807
544 5330
7606 1204
9172 1049
5828 7057
1747 1388
7072 5158
4037 3007
4046 4403
127 8150
4158 8266
8741 2246
2503 1687
8436 1174
4125 8622
8900 4677
7448 1920
267 3619
2439 2694
1049 1190
7772 452
3053 2557
1320 5593
4162 8169
4192 4814
8622 3191
5649 2083
1782 5834
6597 600
8223 2077
7259 8844
1479 8094
9013 9637
7633 4732
1922 1364
4830 8449
6473 2547
6541 4247
4156 962
4326 2406
6914 7292
9981 5389
5672 7618
7780 2849
2574 1794
2875 6901
9559 4114
9410 5079
7106 9558
3956 1123
6175 3431
8393 6304
5872 2001
4827 1784
2219 4974
7789 4996
7963 5897
3736 8322
2020 6836
3550 3070
6971 7482
3752 5600
5063 7871
6985 7794
2692 3431
7622 8500
5698 719
2824 8702
9813 8262
6746 6273
9084 2711
538 5691
2042 9071
4276 8074
901 5248
3105 4860
3919 1488
9911 3786
1664 1015
7924 5615
4751 4810
3963 2487
4461 6457
1767 7141
4355 6906
8289 745
3150 7354
1306 5649
827 2081
4690 5370
2912 418
4183 6911
4076 5894
8475 3780
4818 9381
8782 9959
664 7192
8738 4145
8024 2636
1515 7456
7053 6816
5416 2401
7379 114
6507 3906
1296 3230
2463 1610
3997 1404
4657 9125
4265 6633
7443 3768
3212 3182
7410 4179
7505 7514
8922 1197
1075 8922
777 9201
9029 5229
2672 4061
5652 1677
525 7142
8778 130
8324 1737
9368 4850
1979 2441
9071 3756
8372 1297
7218 4372
3374 3233
1387 5605
9689 2013
5094 7599
5965 6854
823 2199
1069 4210
8373 3288
7452 2428
2551 4169
2060 4682
4167 8485
5932 1883
4961 6972
2351 9218
638 821
7002 5783
1098 8009
6215 4474
2505 30
8711 4024
4725 1021
827 2605
8800 8869
742 7431
3807 9462
7922 7100
3549 8023
5239 4162
4460 5917
1956 9538
9777 3938
7381 1899
1137 6434
5107 3686
7580 1198
1569 713
1444 1886
490 7667
1784 5641
7785 1031
1438 2403
2891 7418
1494 3248
8763 8364
6899 8244
9422 1878
9725 1681
5610 344
2283 941
8805 5119
7133 975
6451 6831
5876 1334
9255 9161
3973 5440
548 3749
9875 3721
2235 1847
3404 6453
4107 6497
2019 2283
7805 2529
1514 4047
7956 6399
7139 1584
3825 5322
116 8001
3046 8416
6889 5994
2767 7790
4343 1945
7530 1807
1371 5022
5069 1778
7484 3986
6995 6093
568 482
8607 5044
1965 4
4673 4640
6076 6184
2302 9742
3225 7015
5357 1557
2272 9194
8395 4080
4904 5634
1243 1904
842 7006
8792 9090
9908 7534
5538 9607
7556 5077
2962 7670
4060 6875
7353 4429
1826 7522
2807 8125
5874 6303
5935 542
4427 6590
3830 1585
5029 7289
5964 5887
2775 4173
647 6654
5236 6027
8174 353
4332 4891
1921 3679
4519 73
8322 3868
7903 7849
1066 6019
7685 485
3971 7162
3551 2214
7166 6365
5195 821
7722 1795
6803 8135
8767 1967
5985 2140
8886 4893
7972 2110
7850 1192
3782 9880
1564 6605
7230 3500
2275 8869
4775 9583
7764 3406
46 1442
1659 2857
6047 6579
7953 9861
800 8993
7024 2366
455 4873
737 250
2864 3393
7167 9297
6218 7591
13 3265
105 674
6882 5219
921 5114
2840 8305
9068 4577
5351 7734
5038 3156
6452 5150
1440 8903
6390 6983
3658 9475
9761 5788
4935 4455
7026 6907
4139 4427
1798 2426
5456 2422
7414 3670
2085 6765
2037 4860
9338 6286
8587 8794
3661 5253
1543 6180
2958 1430
7893 3817
2792 3196
1843 122
917 530
2106 262
1467 8631
5143 1372
885 9491
8951 3191
4470 4392
4011 6902
1788 568
4872 1526
9174 2691
9955 9401
6527 7375
7438 6927
8143 4417
9125 9652
7105 23
7511 7132
1218 8520
7681 8670
4935 9106
1914 8211
1876 6370
8118 4828
6577 7058
8551 9058
7255 7122
6575 6257
5396 894
245 5081
4933 4573
4506 4243
2485 3001
932 6416
6840 9719
5515 3301
3266 7172
7376 8704
263 9561
7566 9769
1822 2571
1765 450
322 23
267 1481
3301 7957
6258 1541
1047 6678
3280 4849
8725 8116
9509 681
8554 3082
510 9170
5305 646
5360 6902
9903 4910
6037 4732
4958 7214
9273 1671
7413 5918
8473 8336
7076 5287
8359 6275
9346 8047
2081 8437
7095 7239
3421 4749
9201 3528
1579 6466
8546 5761
5745 9765
409 2
3802 4799
2029 3029
7662 3577
6567 3002
7817 6037
675 1190
2987 5634
5343 8393
9383 1384
6907 87
6995 8150
134 9737
2514 7644
1319 3031
6382 8731
2704 9907
3805 3768
7797 2002
2958 3181
898 4964
5756 2129
5842 4115
7092 409
9233 3122
6932 631
1187 4719
2211 5288
7923 5455
5828 134
8818 2433
3234 2428
3484 1558
6180 8879
4080 9708
1221 3464
9200 5393
6282 652
8859 9411
4871 6020
7585 5711
5871 1548
509 8194
6579 1552
9807 7634
7072 2188
9143 2477
3604 3502
8389 3420
2991 7671
6285 427
1600 835
8679 4785
3834 49
2568 9266
8540 4929
2705 5518
5625 9154
7677 3188
1335 9889
4755 9062
3110 4561
1113 4977
2373 7099
2355 2489
2890 8134
3372 2732
5710 332
4007 7099
7129 2659
7571 4010
5255 4537
8406 7589
1077 9104
4467 6840
7950 4365
1589 2986
7529 9479
6614 435
1250 3100
8076 7028
9846 3983
3350 8222
3392 7905
8166 4354
9040 5587
5670 5702
5173 1275
8415 3630
10000 3642
7696 7952
2138 184
9519 8696
7150 7136
8325 7774
605 3333
2173 3466
9104 4798
871 3272
4107 9841
7354 7262
6412 7287
8178 1245
6637 1034
7691 4852
9767 2611
6065 7647
283 403
6277 7700
7848 114
8530 9634
8134 3056
6345 2545
4309 1760
9386 3057
6505 2557
8361 7864
6326 8593
7479 8440
6599 5255
2656 639
8095 1267
1448 9447
9453 8843
6120 2194
4738 9006
1813 3304
2907 6673
6859 6584
5214 1921
1147 2594
9491 345
9969 3632
2351 5884
2566 1769
4877 5463
552 2614
8872 9414
3411 4773
8076 2893
5840 6150
2866 3950
6224 9036
1759 8159
9382 3856
3128 9575
1126 2037
6677 7604
4124 6984
2243 4710
9806 1490
943 5803
4607 8915
5394 6954
4162 199
805 8721
2486 6528
8703 2882
4756 8800
1006 2900
9406 7051
7071 2970
5474 5356
7036 4414
9581 2153
1801 5970
9784 1992
390 1177
3972 1419
3996 8108
778 9937
3425 7631
7093 8346
7360 3475
401 3400
9550 3194
7294 4333
3739 9187
1784 3833
1728 3851
5267 4874
7578 4914
7709 5430
8221 392
7273 1838
4566 8561
2437 5533
7843 4378
2859 6918
6801 8450
201 4410
2256 5300
2316 3045
8315 4901
3070 289
4719 3698
8940 5545
1406 5930
4666 2904
1551 236
2004 8061
9324 9362
7619 9280
6042 6601
5774 2804
666 7913
7 9033
9364 3144
7509 5267
8590 2403
9037 7388
3047 3971
1061 8745
8546 6475
9865 7368
9101 4038
5132 3275
8344 2263
8660 882
3926 2205
9755 926
9904 4751
6088 4341
2919 9625
3776 5892
6855 2980
3097 1970
4145 8048
9022 3128
8790 5856
1214 9289
8195 3697
5354 8470
8296 5874
2955 717
8755 5175
5694 6095
2287 8810
8499 6752
7596 1360
3213 8480
5677 4880
314 3230
41 5063
4290 5984
9131 2579
5435 5510
7126 7097
6668 840
7502 8535
1596 6254
7991 4512
2466 5666
5384 4178
5542 7998
8812 4106
3690 2124
7012 8119
2661 9407
4606 774
4386 7836
3453 121
8672 629
721 9043
4406 4796
1148 4402
7365 9645
2192 2593
5439 1225
5308 2723
1169 746
8463 9986
3656 3908
602 5435
3593 5253
9717 2878
3738 1442
4232 1586
6714 2425
2978 9561
1566 3767
9545 3523
7406 825
7758 6839
3926 2337
5916 3456
8836 3232
3904 1035
7542 4858
2331 7421
8332 7969
1907 6853
9981 3096
4544 7569
10000 3118
5064 7622
9708 4339
5648 4538
4041 2827
2786 1562
3833 3183
9457 9619
5820 2163
943 4696
9664 5996
9790 7937
5190 8946
6521 7428
6958 2394
4781 2145
9120 5588
3586 7499
3704 1111
5309 2522
8432 8194
9499 576
8608 9561
8568 6658
6743 1720
8147 3542
9362 5735
8800 2311
2045 3236
3816 431
7181 9925
6977 716
7134 9245
6548 3327
7026 6674
8367 9891
8095 9913
7059 6039
5213 3460
4339 2054
4278 1782
4294 3208
7729 2362
2402 4819
7700 5260
3471 1926
1073 1789
1174 1381
5428 6856
8557 6049
9374 4877
7740 7816
458 9620
9225 5629
2820 2394
4725 7708
7479 5659
441 7858
1235 3150
2626 5051
4096 2924
1029 7057
506 7651
9207 2537
2596 8880
6650 3871
5988 6737
5427 317
2719 9223
2909 4755
8374 2470
3854 2204
2923 95
2148 4448
7367 8730
7908 721
1719 946
8703 4398
2646 4411
3611 5559
9598 9742
1396 6837
9225 2147
542 2351
2742 3566
7547 154
1354 2070
8974 6956
6153 4273
6022 1782
1057 5665
2109 2382
3973 3769
3610 7625
2250 6195
295 6406
8826 1690
5185 2563
5248 3018
6793 6559
6581 6639
9020 7443
565 8072
5896 1705
8131 5691
8330 4226
94 1941
9608 2424
539 6904
4119 291
5167 9993
8017 1649
5904 580
9493 6328
8613 3561
8108 9119
4214 8077
1286 53
9229 5917
3324 3838
8176 9929
682 7844
5951 4658
7389 5553
9135 9496
227 9567
8002 8544
9096 8183
751 7025
5013 9408
24 7486
6846 2823
7249 673
2695 5837
1 9600
6316 3992
9285 6448
7498 9095
2771 6762
7258 7284
2934 7342
3599 2944
629 7156
6241 551
7822 5902
2714 4686
6185 1163
3102 9563
975 637
8832 6369
7541 9687
8584 1092
9282 5004
443 5656
4832 2979
9854 9007
1350 2553
3042 412
2973 8396
9447 9303
6967 2373
4336 9687
8985 1930
1736 1120
1958 2465
7868 5170
2135 7949
7245 7763
7593 8074
9905 4971
6380 3429
6462 8814
4331 6458
3878 5912
3651 688
9352 5864
7436 4981
4891 4528
3593 8104
4417 6555
796 2038
1245 8516
935 4815
6509 8756
6449 6913
4555 6626
7909 2416
8069 8457
6746 7407
7030 866
2074 5406
9239 4827
268 2081
2949 761
5379 2616
5866 6082
7762 8266
5597 8664
5067 3953
6730 8972
8655 6185
281 27
3496 6882
9147 9891
2508 1380
7151 6720
9041 8033
2247 5160
2779 7204
6186 7948
7798 5867
9239 8714
2445 2475
1916 8899
6026 1811
9675 3508
3755 7141
3032 9782
3998 1429
6593 5997
4724 8149
6589 6241
6582 8973
526 4387
3188 5902
6616 1374
4613 8850
9715 9891
6609 9280
3305 7135
2233 5870
8788 515
1895 4013
7643 4495
7047 9305
915 3838
6272 2453
913 6333
2872 5755
2999 4937
2970 5129
6425 6871
9165 3538
9298 666
645 4234
641 4435
4197 735
2700 425
8431 9528
1253 2102
8434 9830
5364 5720
5028 121
6008 10000
319 5522
5327 6471
6681 6584
4060 1411
5030 6484
9422 6620
5735 6168
1836 3231
7723 9409
4932 3980
1576 7146
6472 9848
1276 2038
8413 4983
9289 4271
7172 4386
6714 9358
4985 3165
7261 3034
7305 7798
2700 2908
3715 6637
4494 8090
7405 2373
2538 7174
5596 9438
9197 2943
5607 5823
9286 5392
3196 8695
4692 4743
5660 3453
9934 4984
5405 5131
7776 1394
891 6123
1414 7524
9173 8250
2317 2332
6647 543
1116 5397
585 9701
6761 6772
415 4806
5869 6322
1392 4975
5587 5807
4095 1603
532 1296
6665 865
9632 1292
6878 7987
5818 1543
7552 5823
5536 6702
1068 9822
3583 3046
6570 7746
9907 5938
4314 9409
8904 6348
8663 9113
4940 8876
1758 1861
7426 5270
4116 6022
8614 2098
1667 6676
7809 2455
9731 1533
7450 275
429 5794
9828 9342
1387 5933
1241 2634
1145 3860
7079 764
372 8338
9832 2865
1784 5794
7942 3372
4166 2836
5536 3572
3595 7022
7895 275
8097 2158
3094 941
5855 2277
6147 1369
8874 7217
6769 9181
7338 2442
726 8255
9846 3802
1658 9186
1431 9073
863 1659
6549 7346
3764 7327
9977 1555
1540 6723
6494 8562
2114 3009
1587 7621
6157 5874
9748 5384
1446 4221
5657 283
5316 1913
9922 7316
8188 4147
363 2455
6334 2211
9133 2177
828 5880
5298 9927
9644 5619
3734 402
8391 3455
2809 774
51 3689
3025 2224
191 559
9087 3118
758 604
7680 3030
3326 2147
8365 3358
8412 2902
3985 1683
5147 3528
4473 6899
4526 3136
7811 8312
656 535
9979 4192
2360 5362
8718 3384
2671 9942
4200 6149
111 973
2654 780
2119 5826
6846 5849
903 522
8271 8946
3382 7114
4411 7938
5018 3301
481 5787
5619 1766
2534 8821
7263 6454
5205 2324
3588 9887
6265 7078
3872 6097
8941 1899
6647 1869
6902 9759
2536 3413
3874 3153
9277 7845
3763 4217
1648 4188
1081 6090
7853 9128
691 1988
2738 8865
5091 6821
3890 7730
5395 9264
5956 602
9178 6912
5371 2156
351 8261
5785 2785
1784 3608
2204 5386
725 767
1129 5918
213 3025
9847 3040
7068 7055
4086 6448
7628 2935
8379 3043
1743 3542
6181 8427
2584 8476
8899 2748
2216 1636
6044 9657
6847 9471
6288 392
5778 5346
9618 6929
2763 1918
7530 9556
5221 5803
9317 394
2894 6936
3657 1863
3059 3216
8000 3870
2785 6902
4231 4929
5160 1625
5856 5244
178 6465
7634 1815
2583 4279
819 4162
9254 6997
3635 8308
3255 8895
2337 8631
4827 2595
4866 1020
8587 9907
5415 4810
5994 8942
356 1067
7858 6230
9532 3402
5356 8442
8437 2421
6183 5967
4778 9869
2686 4144
7567 162
5605 9511
238 7834
6119 9037
107 5175
5818 7376
2190 4571
3822 3645
518 3291
5710 8492
4274 3813
5257 9216
1216 6851
395 3334
4118 4244
9880 9929
9442 5253
7069 1414
1144 1851
2434 4296
306 2178
229 4561
2076 1445
4894 9489
1221 714
5720 1303
3970 8973
640 4290
1199 2872
4551 7589
5662 8935
5648 5540
4845 709
2553 1760
7259 6384
1714 5547
8529 1676
2058 4055
5098 9071
3452 4281
494 8001
2811 26
9731 3353
1785 3240
9033 1413
7835 7151
6878 8256
8264 1331
4845 3429
5365 5418
6797 6241
5212 3007
3743 1375
9005 9303
448 2846
6915 3645
2292 1990
7691 7531
8291 5224
8240 5709
2246 5004
3737 7030
8033 27
6968 5970
820 3846
2530 6107
1359 2105
5436 5223
2308 3038
3788 8863
7409 638
5389 9766
1020 7901
9086 6293
4040 7103
3447 9277
7840 4806
7163 1690
9021 6581
5736 983
3486 7014
8944 2438
9433 3458
674 2614
4912 1905
2599 9320
1461 5993
9768 5664
6943 9346
975 5644
2558 5571
9976 6386
23 7877
3868 6313
2959 6264
9547 1511
9146 4715
8038 784
6401 3103
9761 2541
7585 9185
7550 9070
5752 3648
978 1287
7128 6957
3051 4057
1082 3584
1495 7041
7911 6347
7478 4710
7944 6172
9090 9904
8289 6395
569 4227
6280 8456
776 2283
1441 6873
9508 1698
2851 640
7062 7276
7841 3150
120 2661
3778 9032
4098 1123
8749 6671
5104 431
6736 2793
4304 2284
3950 8317
1244 4321
7747 3464
8559 7539
3095 2156
3232 5411
4361 6367
4923 5252
8398 4339
792 593
5139 156
1797 3509
612 126
6604 4366
6696 1369
8404 8986
1274 532
7709 1646
3689 7533
506 5843
8168 4484
1228 7459
2661 1050
995 9536
1101 7953
6506 9993
9179 4395
1947 7523
3790 2914
8088 8880
6426 9359
8875 79
9402 4736
3835 2314
6877 6189
8596 640
2449 1108
5830 1134
601 2098
4662 2751
8342 5345
3990 3267
6797 9586
302 5617
3591 7709
7805 3277
7755 9212
3286 6803
4535 4198
9881 5804
9569 6232
2264 2842
8774 958
9010 3204
5700 528
6251 3675
4703 3467
1331 2614
3045 1498
5914 6200
4173 1960
1637 1484
2920 6939
3911 7587
9530 3088
1713 6369
8036 1627
9422 7683
8112 2051
2465 4583
7328 3421
70 6074
3533 2276
447 7751
1766 3820
2249 5378
6763 5009
2807 7268
7411 7602
8080 6401
3943 1215
2155 769
9130 2455
3220 68
7197 4707
550 9081
1223 9508
5141 7812
1017 8506
6446 8149
4539 7276
3425 4191
8881 8059
3119 4206
3295 6598
5293 6096
6347 7887
8037 9800
8502 5966
3124 1348
7654 9373
372 6628
649 7327
6726 851
9368 7548
8972 1643
3570 6601
6888 7012
2395 3582
9692 1066
8397 6535
3584 6085
6953 3148
1718 2751
8899 6021
9487 5254
6616 6331
3667 1616
3975 2160
5714 4467
3825 7941
1509 1494
57 580
8370 387
6588 44
1865 1401
8638 9166
1501 650
2463 5051
2020 3123
2802 9749
3782 3077
4619 3539
354 5724
1880 1348
3007 796
7859 7608
1984 1787
3747 3786
983 2507
4801 890
6677 1477
4668 3449
3027 3606
4072 3335
1412 7194
7264 8800
6464 1905
7172 3617
3313 9201
3072 830
6832 9170
4134 5970
4318 3906
1543 523
5252 7863
8927 6868
4089 5345
5053 8963
6426 5445
9885 6320
9887 2950
9871 1928
2349 2291
8335 1587
815 199
2279 8772
2391 7769
8082 7631
7070 2417
2833 2123
7873 9417
4641 319
8808 6286
7097 4452
8460 5269
4197 8079
8435 7331
4476 8642
3614 6086
4867 9355
9262 1884
3341 9141
3451 1090
7751 8070
1314 6126
6994 6140
179 8075
6121 1649
6521 9382
1381 6191
96 1889
3292 3815
6339 7582
1500 2212
7840 7916
8898 5357
4505 3560
9115 351
8289 8440
9645 1414
2936 3705
5411 9749
6679 374
697 8494
7501 2770
4615 6402
1292 3439
6719 1005
5088 9616
8323 532
1518 3493
3495 970
9006 5717
6503 51
8329 6526
1037 5479
9109 8723
9874 7219
6150 2550
2284 7951
8760 6023
3339 8919
5973 976
2514 1102
9182 7124
5561 9320
4397 5388
1699 3696
5454 4353
633 5180
3873 7983
6357 2108
4316 3775
6223 3257
464 5079
6720 8227
1856 8867
9190 8391
325 4693
5527 6668
1258 8614
6128 3120
8488 4682
8250 1583
3770 1740
6752 9588
1319 2085
2224 4210
4932 9874
3110 4676
5795 6037
2223 2374
7533 8744
7212 1988
5615 3992
6646 8454
1529 7076
9886 9479
8029 5471
9049 9610
4632 966
8083 2652
4798 8817
9414 5428
887 9719
6936 4165
7211 8685
7574 4507
5512 1011
1908 9574
3978 1332
4623 1475
2190 7463
8986 4718
4484 5143
1199 1965
7073 8208
1165 2205
7881 30
9001 8628
3167 7506
3497 8669
6023 6101
8639 2938
1815 4636
1292 7244
3784 8845
6217 6767
6295 1137
4087 151
1054 6924
4353 8166
426 9680
2140 3186
7223 4971
7185 74
7498 4534
626 1418
8684 9839
9108 2072
1584 8159
5266 7662
6857 3828
7108 2886
8655 5276
8752 9677
3683 9918
3429 8786
8156 4024
6483 2901
8858 8072
6637 7765
59 2025
1814 2641
1595 926
1531 761
2311 9670
6589 2549
8250 5993
1042 956
5793 7980
9554 3410
5606 6895
6520 7805
7023 4534
8318 2680
6019 2351
6114 7836
2145 2924
3506 473
4766 8371
6794 4715
800 2448
4638 5305
5156 7955
2360 1771
3146 8109
4271 5071
5748 4101
6494 5125
6036 657
5420 199
8696 3991
860 6633
72 357
2125 3031
2285 6781
1112 9663
6162 1859
917 1408
6113 303
1401 6279
3784 8560
9557 3646
7982 975
3762 2215
3814 1244
2416 3819
812 487
8778 2348
3546 7105
392 6178
191 2209
2632 2576
1212 8562
8135 8428
3700 2629
2890 9259
7354 2572
4727 95
965 4939
8606 396
3702 114
1343 7606
5145 4123
7594 5655
9566 9257
240 5277
3642 3309
9301 1410
2263 9452
1084 5945
3423 8845
5865 2515
1302 5945
2229 7332
7043 1975
764 2911
9912 9316
3791 6087
9153 6170
3146 3874
794 6476
7959 2373
5549 2018
8269 4812
7433 3417
2241 8850
8945 9693
8614 6370
2544 4101
7261 3571
263 4235
335 8461
9883 360
9734 8166
8362 893
6882 9512
942 2397
7275 391
4171 8128
4308 34
1026 2883
3966 8383
7856 2327
4986 8857
4376 9998
6213 5072
3286 7970
9849 9299
7248 6335
597 928
1784 8847
8550 8240
7404 9864
6511 550
4536 3139
8340 6010
1997 6445
4339 7979
7534 4937
7461 7022
5425 8870
1905 1431
7211 6827
2790 9971
4577 940
1355 9895
2590 4140
6835 6549
8869 512
8539 6655
6269 6098
8703 3045
8397 6346
9860 7861
4809 3882
2158 7671
6798 6785
3881 315
8179 8333
5784 4130
5581 2453
3872 5553
4489 9429
1146 9593
7666 4035
7131 9096
9410 6299
4853 6401
1424 385
6537 8282
7375 1424
7787 1752
8562 4683
808 1442
1001 5919
8650 7728
3041 6505
787 1583
753 249
1444 633
7306 9834
5208 2453
4014 7657
6034 8943
721 2244
3808 4426
2436 9665
1366 1549
7035 6555
1816 5247
2659 952
7232 5953
723 2442
474 9536
861 689
7637 7744
2504 5040
9470 7955
2910 1819
3020 9949
8885 2548
9016 9409
6377 545
494 9169
8200 2952
5649 2984
9366 5361
4711 1862
5224 6107
8479 2769
8423 5858
2103 5070
9303 6022
6017 7584
6428 4756
3603 8326
6433 2019
2662 8095
6313 7792
4452 6432
8902 7512
5355 5761
9624 1269
5963 6779
7017 2415
7980 9798
4112 6531
1835 4846
4286 3700
3037 8244
4989 265
3425 2608
6715 1921
3240 7288
6021 7606
7503 3047
7461 3126
2291 2351
6261 6652
2644 9749
298 9637
3250 1135
3783 6589
2819 5148
9336 7404
5295 1545
7691 5230
7162 4021
9895 8057
708 7012
9114 5739
3089 7760
5404 3107
3612 9524
4857 485
8377 4745
856 5098
3153 8840
5218 6986
4472 1467
5416 6496
1203 8523
3837 8498
4476 7149
3922 7285
6586 4271
3153 7534
5794 7235
5169 4324
6275 4411
9729 6311
5260 7635
3961 1627
1448 4892
3434 8130
7709 9260
733 8476
9383 1502
316 7550
2601 8955
9454 8512
9176 5293
3876 3083
6783 1077
8302 9237
9587 4120
6565 3597
6306 2374
5848 4144
9611 7022
9379 4803
3331 3100
2526 9688
2580 3445
9362 1207
7132 7437
3904 5255
4063 8327
7435 9198
3387 2668
7154 3980
9685 7105
6197 8446
1237 9634
3419 6226
805 6528
6912 3954
9947 1281
2642 2150
1566 9307
1008 3431
2908 633
2921 6156
6514 1901
3457 9799
7551 4452
8970 2063
6906 2211
8239 8472
5632 3476
3985 7025
1883 1115
7261 9734
2722 1966
1041 1950
2715 8673
7928 4708
535 7994
7637 4107
8478 3607
7961 8349
9458 2922
5214 6987
3443 4852
4560 7374
4637 1964
174 9608
8687 3129
2579 4664
7027 8772
8357 9893
8500 3870
4053 4246
6810 4409
4973 3964
5332 8233
3751 7068
8794 1043
3000 7754
1916 4845
465 8127
8351 1623
930 4730
1264 4821
3168 8460
5024 1208
5659 5179
3428 7882
2456 1286
712 1377
4281 1799
8486 8805
944 4395
2890 906
5077 7497
283 6788
4694 9982
4783 2091
6866 1495
3367 5390
8905 2618
5685 7155
2707 5144
8827 2718
9659 9282
2933 1518
5020 9708
2839 9077
3014 618
1796 1971
3815 9666
9986 859
4362 1042
7280 7931
585 5318
9122 2184
6741 6401
3743 5620
4026 3016
4217 7018
6508 3282
8371 8119
6902 5794
7168 9692
1235 8002
3401 2272
365 5738
3353 8611
2203 5851
7451 1464
4162 8562
6410 2350
8605 8457
3548 1309
822 659
9291 7399
2294 7333
3824 6721
6450 5884
7032 2066
1372 9742
9130 4845
5961 3789
648 6237
3556 3656
9530 8473
5846 8926
5073 4520
3536 7555
8932 3907
2956 76
3417 4817
8749 845
857 6952
5042 1330
3330 3607
6172 765
2298 7306
583 6793
970 8681
5127 7743
541 1193
3811 2219
7025 9451
3432 4207
985 288
9370 8985
3454 4011
7722 3352
2332 4915
2147 2295
2917 9555
1081 7759
63 5369
9405 1837
2999 1617
8787 9755
3324 4046
2111 4962
2492 3633
5580 6341
1636 4759
4370 4577
4195 6742
579 7572
2904 5148
7754 6638
9757 4479
5957 9483
5285 4958
8961 845
3380 8721
9126 5622
2794 6247
8246 129
1785 8552
5313 3540
8936 8809
5984 1420
9730 6368
6556 6266
4097 1967
69 1372
75 2292
6463 8736
3216 9534
801 295
9849 5115
5993 2379
9035 3899
3685 866
5293 5941
802 3994
8759 1602
9055 372
6178 3670
1268 4117
2328 2062
7480 6549
484 6233
7491 6456
6396 9506
5197 6486
5451 6575
9395 7563
9556 7510
1242 1145
3268 9278
9152 157
8896 6497
7691 4189
402 5744
253 1715
8005 690
4271 6400
3509 5958
9394 6534
4820 8586
5472 8764
6569 6497
5814 4631
2161 9718
8685 5123
5551 4973
2052 9719
951 5467
1361 4032
3634 249
4391 455
5489 9300
811 2905
3718 9352
6097 9477
1759 4202
6297 9115
8272 7979
4815 8952
4914 4338
5950 1140
4427 2305
494 628
4215 2312
7659 5461
8521 6339
2813 2781
5470 6311
4273 5855
1211 2097
7252 6433
3839 907
4926 3415
3539 5488
8862 5819
7153 9228
1562 9034
6902 125
5361 319
6896 7913
1774 8482
2692 4702
3310 229
432 1815
1784 861
4054 3647
6222 3833
2351 1640
5894 2420
461 1258
9751 4754
2019 4827
3337 9550
9548 7954
6799 9263
5656 8891
9234 710
3936 6995
7612 3728
8797 303
2581 654
3515 6392
8929 8943
7755 3549
1592 7627
6127 7344
3576 4601
4263 3076
5380 667
7970 1556
5152 1941
4011 9107
31 3511
9055 6444
2026 5920
5666 2406
4760 5294
2515 9482
7723 2697
4624 4708
4977 3026
5105 867
2676 149
7768 5010
8388 3117
4797 7348
6325 506
5376 7036
8374 7156
6431 3143
9620 4637
353 2798
7034 7641
3761 3841
1659 6720
1594 1710
5265 2209
3699 9794
3746 6259
5560 3213
247 5540
2108 6526
1985 3160
2931 5575
4664 533
4168 952
9723 1731
1145 4594
402 4419
7138 4332
1537 6617
3480 1270
4779 6931
4689 8757
2307 879
6997 6250
1440 8236
1239 6214
6012 5282
7135 9859
9789 924
2423 8614
5374 6169
9732 9138
8185 8567
1056 7534
9398 7308
4776 6862
8465 4069
6954 8302
6418 3609
3872 4127
995 401
4875 825
473 1301
7808 8749
9290 6248
3651 6021
3986 6124
453 825
5698 1967
4583 674
1737 8755
8604 4084
2713 3604
699 6004
230 7068
4472 5130
1505 3294
5698 390
9881 6742
7697 5735
4590 2028
6964 8450
3640 8243
530 6734
9878 9068
8266 8234
8879 2480
5541 9701
9849 9933
2225 2151
7816 1497
723 6514
8267 731
5479 4129
5891 8766
4031 8278
7682 1943
9234 4751
9869 3076
8933 2544
51 2706
3606 3419
3803 2710
999 908
3687 6267
6795 4710
3201 2236
843 3481
1294 3029
2349 6925
7248 3045
6600 2767
1106 9100
8175 3515
5522 1094
8094 442
9231 4264
1689 7709
4519 9625
7064 1805
2623 214
3777 4354
8368 4679
2120 4393
6178 7658
8414 3618
8378 468
9783 4968
5609 185
1201 7137
5380 3708
6733 7807
6070 7021
9129 1033
2696 5684
4939 4346
4776 2825
2611 6313
1335 9574
7158 5293
1128 836
4609 485
4907 1128
1996 7936
6728 8958
611 459
9817 5221
3579 1403
6727 5490
7698 9911
5847 8564
8283 5054
8094 3515
8593 5422
3793 5431
2221 6445
8850 3846
7942 646
4322 3637
8621 9190
3238 8405
5484 7546
8920 6640
3802 9445
5555 3015
814 7315
2865 6550
8165 2637
2733 9771
4898 324
4321 7770
1257 4664
8632 1330
7758 352
5306 264
2823 7892
2185 4326
5060 1527
4813 5461
8438 5582
968 6842
8255 8736
5241 7487
7095 1779
6824 8657
3713 4996
2203 6822
6469 1276
8292 6024
9891 776
1828 8262
9572 1202
6339 337
3801 6994
4675 2103
6410 3406
2877 1661
4882 5869
911 4924
5679 9908
5307 4429
2386 5824
1942 3045
4566 1351
6064 9642
4132 9407
3848 3633
555 9286
1546 2808
4729 5301
8275 2198
4629 1737
9235 361
6618 126
9149 2593
7358 6202
7083 6135
4360 7980
7149 2635
1782 2766
6967 1185
9904 5939
9467 4569
4708 5879
7019 2461
8242 4944
8392 9270
9982 2077
9222 2354
2677 4851
6559 6950
1896 2283
4878 6298
1259 7150
6453 9560
8800 6589
1606 6452
2685 9318
1706 8625
4169 9005
7187 5794
8291 347
945 1062
8868 1135
3013 5739
111 2775
889 8880
9035 6137
3189 2831
1490 8732
1353 2687
6690 2595
6811 8042
4435 6178
6718 5645
2107 3479
5224 4444
294 4801
5181 1053
5479 7918
9091 7226
3045 2426
3597 1976
8289 4376
9381 9182
8032 2036
1490 2554
4287 6611
9542 5854
8522 8848
4212 7151
572 4193
5059 9690
2247 2655
673 5733
8063 9504
6371 2188
9769 2716
682 9909
8931 9222
7931 7874
1098 8780
9588 4709
3362 8375
6651 1607
6819 9810
7161 7766
7833 4190
7528 2114
7060 5955
8278 4368
5330 2733
119 8807
4763 2015
5128 9269
6353 7286
3844 4273
4712 902
5066 7385
9700 2607
9156 7282
2932 9130
5284 4735
372 943
9054 1212
8674 4669
2970 1210
3263 4979
8962 4459
9093 207
9036 7382
358 3562
7482 1147
1616 2579
9954 1649
4431 9327
4227 1190
2239 7771
9265 3753
4457 9449
8855 6005
7261 8187
5557 2670
6319 6343
4469 889
6125 6662
1620 8133
6732 9731
4304 6739
5645 7499
7471 4754
4540 7201
6072 1868
7152 5640
8041 5315
669 9676
1822 8525
3783 9827
2478 3770
1485 8213
8823 6819
2364 747
8215 7007
9615 3186
2478 8633
7736 4421
5359 9806
6714 3175
3272 3645
8731 7309
1287 19
250 4042
9155 365
408 5641
6089 3468
1086 2492
5586 5397
2788 8406
9913 9578
3474 1156
4987 2710
3355 223
3142 4393
4254 5560
8819 9992
1255 478
3782 8801
706 2872
2537 1678
9844 9193
2472 632
9078 3892
9428 7403
494 9177
5936 9348
4815 9079
2615 9060
3002 9348
639 4446
2042 4730
51 9720
9301 5000
7454 517
722 3135
6252 2638
6430 3611
3148 4970
718 9587
6983 6722
7249 7077
1746 9070
1932 8
5427 8175
9261 2402
7644 4827
3817 6439
3017 110
9221 8771
6714 1779
2121 8710
7258 6118
5000 3515
8516 8343
5887 2093
7431 4671
2045 242
7457 7585
1864 8116
3118 7421
1353 4120
711 483
396 8795
7483 1646
310 6869
5867 4988
7935 7355
6219 7298
1523 4309
7344 7940
7307 1115
460 5428
9165 6646
2767 9601
6035 1965
6595 2089
9114 4877
3502 6133
7444 4157
8470 3891
243 9959
1555 4808
9820 1917
2243 7997
8081 2165
9469 6729
5471 383
3808 1107
5194 1665
2919 2713
106 3825
4934 4949
5457 8271
9848 3666
9569 3513
9018 7956
1530 5428
3762 6492
7426 4495
4654 4108
3272 8595
6001 9924
1266 7506
7091 1873
2242 4909
1048 6756
1762 5232
1902 8500
8965 5244
4946 3283
7159 4944
2119 1953
7666 8576
8648 3738
7624 4951
9943 2283
637 8117
6677 7228
7237 5142
9040 7387
1802 8431
4717 1392
4656 8670
7128 6663
8612 6896
504 9026
4222 8221
9222 5637
8194 6279
1527 5730
2923 7590
5152 6431
2409 4986
1970 60
8553 8607
4664 2055
5533 7911
8291 7445
2983 8363
5992 3522
3122 7516
9845 9575
1752 3927
3362 1148
8134 862
1383 9758
2953 3712
5392 3490
8068 3281
4182 5721
7235 149
644 9954
6784 5977
3523 1944
9276 1650
6142 2177
3393 9300
7422 234
6030 7082
7518 8000
5044 2309
9254 5184
8665 6462
9500 7183
399 8797
2559 9044
5589 2603
3693 90
6345 7819
9074 2092
5278 5147
5114 7658
9818 7215
3423 1734
3933 1193
61 2553
6486 4553
879 2300
6661 228
1004 5959
7418 1889
9929 1981
2582 9001
9102 1051
6842 3204
4503 6610
2164 1195
6173 9588
1976 2958
8316 153
7989 6852
1535 6486
8660 4639
7496 2331
9105 785
9781 7493
5908 470
8793 3922
5571 5315
2873 2805
6426 4396
5275 640
5587 9152
4833 3626
4244 4705
5245 1972
4423 8036
9809 1734
199 4567
596 8692
5992 571
9250 9954
3706 5164
2237 2463
258 2520
7090 315
4204 5063
4827 4515
6214 6147
3948 2286
3987 1538
1541 7038
4937 154
7151 8232
3332 8829
4521 4576
5729 939
3616 1056
3738 3240
2140 6954
7958 5692
9520 1516
7748 1839
2970 9012
6324 2301
4154 6112
6912 1352
1564 4003
2803 2254
9695 2532
9922 7211
1538 6097
2405 1707
496 320
5524 4243
674 2734
9591 231
3259 2264
9673 2520
7288 9082
3901 8906
3554 2793
2019 134
6064 8102
5990 7511
9865 7142
7241 9622
7122 1459
5243 5003
6262 8101
9685 1285
1023 7981
9009 9597
263 1782
4350 3323
580 8175
9897 3574
2829 9119
7387 136
1288 7247
7525 8809
3611 9803
9883 9727
6094 2277
4121 9223
864 8950
7050 3395
5861 362
3935 2215
7993 6948
4730 4572
2769 6339
3558 5865
4104 2630
8136 1413
4527 4874
9437 1142
3117 2886
571 8491
7187 5858
9064 4033
8116 8097
6059 7120
2636 791
1168 3744
9738 6656
6286 3267
6519 5658
5089 3930
574 9178
9286 4466
198 5397
3484 9275
4296 2846
3243 3341
8400 6139
4809 9321
349 1778
9254 9922
3331 6590
6254 9266
7870 7811
2614 917
6994 9801
5775 9974
6276 6805
9249 4861
7084 5258
4825 1621
454 3992
9560 9313
4642 2389
6166 8785
3449 6935
162 366
1328 6558
2140 7688
3042 7495
7439 8681
2734 5229
2727 488
1184 2371
5358 9967
2918 6310
5105 7873
9404 5197
4438 204
3442 1949
9361 3664
9198 1364
8750 376
4724 5996
4007 3646
942 1962
6243 1495
8884 6039
6882 2176
7746 4306
1232 4908
9213 1367
9062 8020
7099 9190
168 799
2030 7001
8210 5959
472 5943
7601 6798
3759 3618
5710 304
3070 6271
8569 1757
5845 1390
6673 2821
9499 761
3421 3183
9106 9539
7945 7549
4979 2750
1385 5075
9644 1460
7151 4806
2387 2754
1879 999
8839 7528
6424 3736
1905 9883
208 7884
9186 3179
1290 8295
1812 9780
5768 970
3542 5926
4310 7604
7187 1437
7896 3883
8525 3066
7511 3850
4273 8830
4565 2343
930 5010
4081 4407
587 9236
3703 2845
599 7923
5499 2317
2553 3033
9260 1800
6642 3926
7246 1244
7332 3115
8384 9239
773 491
1033 367
5102 6082
9940 4375
2122 7270
5857 4974
9648 5689
9381 290
5618 4281
9386 5912
8049 3941
2782 2838
5534 1208
7265 6412
6753 3009
282 1
7102 809
4896 6367
8417 7505
8696 377
1697 104
9962 9643
3473 3507
5227 3680
1104 6185
7803 7536
8060 3975
1721 8036
4547 8379
5315 4728
6669 948
2092 8424
3830 982
8545 6973
4163 1990
3536 9224
3578 4611
7112 80
55 175
6732 6322
8744 3796
3595 5611
5194 8314
948 3686
7861 8123
4259 3300
5334 1968
7026 4544
2002 8899
6201 8155
1108 4159
3010 4103
8807 2192
1461 7674
4648 8386
5648 8216
423 5083
8277 9124
5397 8838
648 4488
5665 5493
7401 5294
5061 2113
9357 63
3172 3885
1287 6751
6359 9663
3923 7709
7511 3885
1505 4198
4221 4490
3590 908
8689 3046
750 5371
2321 2440
2435 2966
6564 9206
9723 6749
8521 5517
3590 3450
9484 2431
5484 5456
8444 725
5152 4777
7993 7137
4874 5280
9286 3408
9536 2767
8508 8066
1576 9763
9597 986
3192 3100
7565 3235
9985 3590
2014 1773
3347 5267
8914 4850
3499 6341
9351 6521
2982 5149
8095 1725
2485 7725
9475 6154
1913 7253
4215 7332
5178 4344
5343 4757
5322 6680
3134 4323
733 4563
975 1409
1783 3565
982 3025
416 2883
5648 7305
9665 9781
8450 171
4114 8640
321 9539
2631 8059
884 2234
5850 9022
7862 7142
5531 430
6264 1831
6981 538
129 3180
4436 4981
4196 8325
3793 6445
6402 285
728 4802
8555 5574
2467 338
9983 5202
8429 6592
9550 7685
261 2896
1000 4021
3551 8273
8967 4354
5555 3662
7964 8542
5364 2642
6921 2843
5082 7012
3473 2922
233 9190
2235 486
1009 8897
1436 4161
7357 3573
419 1966
1652 1071
6551 9601
7103 8594
217 6187
7584 8460
7620 7116
6797 3330
9135 8144
5360 3467
5223 6412
2347 1273
4723 5844
142 4837
3947 5247
9674 3792
7188 6214
2286 3554
9583 2909
1769 7480
4744 5394
4997 372
9770 9726
4045 9272
1443 4006
2540 7528
533 793
1431 5110
2425 3965
6189 2428
7867 9060
3640 4654
5313 9553
905 8990
4365 9279
9735 6717
7871 9017
2022 3564
5546 9579
9318 7649
7195 4393
3765 2071
56 4301
27 7242
3967 5442
2130 4812
3429 5991
3505 4142
7105 147
6478 948
2127 2389
9110 1430
3149 9089
8303 3630
6661 7575
8908 2275
623 9345
9272 7504
9929 7732
7723 1581
1066 6989
5222 4476
414 2302
7688 3833
8758 7705
3985 7608
7866 9968
188 3599
9479 4470
4334 7493
9549 8140
5884 932
6019 6851
8976 893
2415 7923
2837 8713
5993 5256
6785 244
6176 8587
784 6346
162 295
9982 891
5312 3964
680 9389
9227 3697
7462 3560
3642 3199
8121 4944
7110 8625
2438 9142
1834 3068
7631 8320
1424 9503
758 6004
3273 3871
689 1485
8426 3834
8758 1907
1627 6466
634 2051
3477 3846
1991 5220
7760 5090
556 8600
2483 5920
9916 8448
8379 3154
2477 8074
1375 7805
4518 3555
2535 6149
4742 591
2422 1677
5755 9653
438 5597
3781 3570
5190 1681
6719 5550
4024 2351
3675 6202
2253 878
9230 6457
1506 1186
7795 9577
2267 1368
1065 5449
851 5910
3903 4281
3249 2505
557 7894
8835 8984
9599 2577
6106 5666
2858 2041
8610 5381
958 9599
4397 2440
3470 8889
2450 9294
2019 9042
6289 4169
6116 1947
8595 5421
6012 5565
3695 6012
9712 1947
4827 7528
6214 638
7737 9106
3840 5384
2556 6669
1741 1610
9398 3394
4683 7825
5341 908
9284 1499
8877 9938
5679 4588
9439 4798
9526 6223
1406 1444
8004 7094
4245 513
3621 4168
1189 5456
7728 7528
412 9111
7991 6343
1705 1014
2495 770
3992 9711
1451 2359
1312 6423
5102 788
6410 520
3549 1137
9260 3514
7650 1294
3562 8392
3767 5210
3129 6170
6332 5379
724 6684
1700 6159
3700 8592
6636 110
9992 4316
7201 2797
6566 8832
6871 8653
4538 7311
8122 1571
6062 5013
9881 1072
248 8823
4892 5811
2463 8150
6821 7041
4541 4135
2238 920
1991 7816
8837 3879
9879 5006
967 8642
4574 8682
4565 5969
5193 9880
7116 2467
7967 6415
3369 8891
4178 2854
5224 3330
2142 5412
2602 7431
3330 8752
9666 1246
4574 5418
3359 7892
4298 8591
8556 5572
3563 1027
7068 5430
2080 5650
9267 986
3170 8189
1150 2086
2096 447
546 5884
2601 6292
8558 328
8919 1654
5676 518
5207 9688
3481 8772
4305 4441
1876 2947
5848 1044
5306 7771
8354 6275
4263 4305
8384 6769
3057 5296
912 146
8916 8198
8270 8369
820 4602
6139 3623
3107 8084
7395 2541
5775 6347
1397 2971
3418 4693
881 963
6083 5584
9239 4203
752 1973
4478 9724
1411 1880
1996 12
6429 1802
2011 1823
5087 1508
2337 3437
4914 8697
9887 8289
9048 2466
4101 8317
9151 186
3067 8602
509 4767
5906 7187
9907 2940
5928 2098
6735 3551
6140 3720
141 4504
9322 9909
5020 9076
9347 574
9184 7842
3519 7569
4287 6196
6846 9127
5648 2249
8845 918
5803 4827
2192 9351
