10000 9999
870 6298
2197 9653
7523 2392
3150 9259
8689 2406
2690 3670
7629 5826
109 4861
5576 4935
1156 2349
2373 2370
8398 8241
8900 4947
2171 9595
7448 9558
8295 4821
1367 3452
7144 8620
7354 4616
9801 6079
6496 2341
2164 5029
6905 9282
3755 8275
4627 1270
7931 5994
8948 6563
2891 4814
6432 6527
7919 8243
6640 4845
7751 9089
5591 1677
4275 6509
7489 7744
3913 3949
5127 9260
8762 3528
1304 3588
649 7843
8205 1562
3553 436
4129 8334
9616 8340
3998 9552
877 9388
3148 2298
9985 1903
7332 77
9097 5248
7623 4073
2219 2811
5203 1222
9251 102
4523 1038
2770 8299
6699 2462
471 8221
5446 895
1052 9498
4889 2186
2995 9504
298 2479
6510 7330
4512 1745
5227 8449
5752 8419
4868 4155
6589 8992
6512 3394
1009 635
4759 3547
6675 8744
2937 4522
6579 4015
7702 3170
3800 7707
93 711
3854 4036
6788 714
302 200
151 458
5367 2102
4071 5683
1469 1788
2559 9018
8604 5084
741 9542
7251 544
28 6847
95 25
2692 9492
9545 1314
9345 1081
3634 1621
1212 4938
9704 4541
1225 1122
7817 8438
6336 4781
1729 6113
2291 2034
7933 3803
6139 7317
924 5618
6892 4072
9062 2950
7264 22
4532 5
3362 7101
6067 4265
4980 6656
1790 251
9773 5281
9319 9228
465 8887
1032 7451
2764 2801
9844 2619
8567 9022
3182 6617
7818 8249
7753 257
7274 4882
488 6140
3981 2671
7761 6756
9669 4663
7169 2681
5967 695
3446 2902
421 8095
4294 4096
5682 2898
3047 447
2070 5287
7856 4371
6632 5012
277 1410
225 4796
7403 8533
8201 9586
1851 525
71 5021
7894 4915
6347 6915
6860 5
8198 3951
921 8607
6511 7912
383 242
1866 8145
518 8189
1451 3497
6583 6177
9557 3304
9286 6995
9318 9631
9091 2357
7120 8026
9859 3366
9699 7086
2737 8693
3826 8732
7177 2327
5778 6042
2533 4668
8518 4557
1641 3959
6032 7551
6039 2003
7740 1588
5797 9331
6844 1298
5311 1986
7626 5112
8380 5296
4581 4188
5315 6103
7141 9177
1004 1737
3638 2029
1439 9467
8506 9543
3419 1841
1684 6987
2719 1303
3039 5860
4658 5760
4319 3666
4001 4821
6597 3716
6773 500
308 5507
1896 742
7767 6093
9440 1563
9494 5370
9712 1058
6457 9231
5583 4724
6145 9043
5288 5834
6250 9055
2724 8276
7890 7429
5918 1494
1244 902
2018 727
3255 11
5492 8855
91 7568
6314 3588
8848 4722
4660 121
1188 3080
614 975
9886 7887
7521 5627
4105 5553
7618 7783
83 8690
9210 9863
4148 3585
8883 5029
9888 263
247 3474
2229 8796
839 951
4114 5778
6397 9944
9946 6787
3990 9753
1873 5534
9780 6595
9201 6007
3367 6031
5496 115
9559 4600
446 3275
981 2692
1597 9538
616 250
7506 5011
722 6270
5675 451
2316 9316
8649 6051
4485 6927
482 525
9811 5357
1417 1994
8096 4397
5426 8530
7234 7807
7588 9447
463 385
7373 4297
6765 2948
1746 8708
2921 9944
891 6656
4716 3982
4209 3526
3149 7549
5071 4278
1340 742
2714 4953
1871 6601
3785 486
4606 9246
8602 3709
4972 8650
6554 4804
1339 5385
2270 1651
8033 9466
2539 9365
5471 5883
5010 2949
5508 5907
8574 3394
2098 9134
3984 7056
7547 7282
9187 6627
326 3568
2337 5874
2674 9799
9264 9672
4855 4518
8126 722
4925 7018
7039 8828
3123 8203
4397 3328
5648 8195
1176 8752
1562 2504
5412 3181
9329 4752
4182 9882
6528 1583
1357 6356
9308 6168
2523 9996
4681 2407
5763 6011
7116 1478
1295 6706
6712 6087
2872 8284
699 8928
7322 1387
8119 1771
959 4154
2223 5271
1775 3881
2201 8758
9027 3039
3274 3509
8462 9827
3946 7036
727 8736
4349 7463
9840 4307
2881 3332
977 3938
9282 9454
8625 4072
5886 1561
1383 4774
982 3304
6724 4493
2505 2540
5948 1379
7804 6176
8662 1274
4847 6756
119 3053
6792 8187
3986 276
467 5875
4492 8886
9646 8737
9555 5897
1698 445
1870 2180
6955 585
324 618
3120 3678
6406 5071
5231 1005
5376 2083
3173 9776
8378 4351
9994 7131
5710 7237
6935 6090
3607 8168
659 3031
433 8374
667 7692
1353 3966
1160 6208
411 7942
7681 3336
7311 3523
9281 3584
5501 6922
1880 1931
910 6113
1232 9002
5824 7676
7262 1125
9635 4423
7103 7929
5846 2110
3937 8536
1172 7113
6594 9096
6727 1003
6719 4
3129 1187
6710 2725
4830 1452
3187 9965
220 7489
4175 7452
3186 1071
9250 4783
6535 3828
4671 5642
4460 9104
3640 1245
7083 9539
8270 239
2235 5863
8843 297
8739 8827
6078 2405
3647 2650
9293 3774
5054 6725
8968 979
1596 2191
2955 6531
8389 4937
3811 7987
3635 714
7467 7507
5865 1677
1767 7181
4550 2574
6802 7429
4979 118
3269 9108
9096 4815
6974 5204
8580 7213
4991 3784
386 2216
5707 1714
4879 6588
8277 3474
6597 6588
5427 8841
3957 1091
4132 519
1450 2771
8009 6205
5279 9485
4655 5177
9131 2443
7564 636
3748 3596
1868 2159
6988 9247
4047 4139
3574 5971
6951 4607
9751 2672
6174 2681
5950 1816
4375 5191
1564 3219
9308 3870
7538 4516
9378 8004
3374 7760
6786 6061
7832 5632
3595 5038
6230 7266
9868 4736
9812 331
7950 3428
4588 2168
3671 8936
39 3757
3518 7897
3512 7473
8383 4774
3056 3756
1699 4138
6963 8827
8124 7582
576 5743
3001 1135
7396 2602
5622 2252
6100 7498
4904 3371
4750 3133
559 1974
4463 3257
8297 7615
1783 689
3784 8392
7042 6720
9659 6168
4561 7418
1375 891
9962 5783
797 769
2706 2061
5959 2039
2122 5719
2814 3998
6378 9779
6350 1841
7892 9917
208 7183
551 6184
3676 1667
8455 8530
3561 689
5125 5043
56 6613
1627 1359
8615 6472
4961 1819
729 5514
2841 1960
7953 1624
9686 88
9982 9745
2630 484
3352 1432
338 8521
2352 179
4127 1473
3077 3832
1861 5365
3006 6031
6841 3324
3666 3085
3614 8037
2407 3692
5210 9880
2433 7720
8003 7591
2078 6689
5658 6998
9932 387
8895 8285
2755 3280
2763 4486
3554 2434
5911 8343
9749 1130
2949 9328
6896 5965
7404 4018
5833 3850
7534 4811
8579 5
6947 4427
2947 7532
2469 5180
2702 9262
8623 8245
3701 9369
1045 1653
4515 4493
2806 2629
7283 2305
7945 8145
2315 8933
7658 1772
2027 3819
6590 2374
8949 548
2398 5874
4267 4914
1852 6359
4774 9274
6097 9459
4725 7362
733 4495
4411 9282
2217 1817
7297 3753
509 9857
1472 862
3206 7997
2286 9266
1881 4814
3914 9718
6530 200
2280 9730
8294 2755
5097 7967
4845 7109
1540 3411
590 705
8957 4503
792 851
3266 845
5687 5988
8133 2577
1946 126
4282 8924
6906 7238
4452 4328
6768 1632
1548 9142
8532 1163
2517 9811
1772 7118
7134 1303
3636 902
6538 6055
1132 3220
5928 4262
102 1166
3230 2075
8092 1845
4266 9880
8925 7046
6214 6406
2061 7944
9342 9515
212 9348
6612 6373
1990 8336
8816 3545
5142 8109
762 431
8365 7081
3013 3246
6863 1090
3812 9280
6455 1716
617 4334
4471 6266
3473 5552
3894 8103
5046 3131
5774 5913
2000 5181
8777 4095
9043 3396
7657 3416
2711 6557
1569 8816
6736 3044
1081 7648
2488 4321
4491 5631
4944 7723
9634 8181
8754 575
2510 3885
9141 7758
3002 9777
803 5340
5517 3822
8291 3041
1550 531
5806 7035
494 5810
7201 3741
3075 848
3547 1931
498 754
4034 168
5782 7175
4825 3254
5371 8875
426 9191
8889 1937
9456 4256
1663 4294
4987 357
1425 147
9522 8079
2838 7696
5864 985
1717 9761
8315 2354
3531 9287
1462 4783
7664 8889
9725 1066
6367 8427
9899 4909
1215 9174
8626 472
5512 7681
1578 9892
2958 6402
1179 8093
6409 7165
4534 229
4589 8875
4384 8036
5609 2668
1697 8676
4060 8063
801 2367
849 3982
2722 4462
3786 6385
8164 3095
9549 7860
239 4873
1443 1860
4945 6346
6194 9555
1104 3836
9702 5221
9135 4621
9392 3260
6972 2649
5657 6936
4597 4425
4659 4391
2254 9391
1616 5984
9202 8837
6005 6691
8442 6725
3818 9538
9026 3510
3817 1982
4907 9790
4739 7515
9230 2925
3080 3100
2608 6693
9341 9333
5701 5420
1224 5872
4170 3793
5785 685
352 2769
8667 2275
5535 2877
6814 22
1628 2667
3115 3314
6838 6784
831 5242
8012 7902
4250 7837
6448 4269
7318 768
6379 2264
9098 2476
7421 8203
4324 6583
914 517
5564 3969
4500 6014
7211 2108
7614 3464
7065 4935
2103 6675
5562 5971
8312 2261
2127 2114
8384 6596
5157 8027
5554 2805
6371 6456
7966 902
7215 398
2241 1899
5418 9925
2478 8834
3524 6889
8785 4140
5248 7266
4235 1339
510 9493
6331 1640
6033 4001
2048 199
8956 2885
1890 8992
5462 944
6207 1805
8791 4044
8856 3959
9262 795
5038 804
491 1152
1848 5406
1613 6505
9019 675
2035 3633
1186 1646
8576 1398
1454 3162
4300 3055
2482 1774
7259 174
8946 2579
5328 9021
8068 4649
470 9090
4303 1139
9352 2020
3947 5208
1664 6184
2612 3622
1849 9649
6607 7811
8311 2
5430 6114
2548 806
5866 7588
2826 6939
8565 4906
2326 3243
9219 6311
9853 1825
879 7827
6273 7964
4851 4747
6088 6087
6582 339
203 9148
2871 7131
9256 36
7204 3740
1230 5760
8325 2419
3043 5669
7893 2320
6195 2407
2205 615
2481 1319
7217 4323
6965 3869
1499 5771
4647 4957
2819 9705
4115 3489
7344 7202
74 4226
8029 6355
1265 2344
9415 8243
9869 4566
7710 2011
8429 6759
1685 9973
9596 3936
3427 5145
3395 9142
1411 868
9738 7171
4468 6369
9677 9229
7969 167
7071 1182
147 4845
1234 9214
9041 5143
4244 911
3891 7644
5261 4164
9578 3165
2501 6947
9258 5172
3780 4712
7058 3967
5514 4223
6252 9899
7714 700
2139 2545
8569 4008
9260 8673
4682 2510
9409 6731
9175 1396
2564 496
1940 7057
9891 5537
6804 7994
94 3330
5778 8686
8731 8971
4059 1345
5463 6498
4024 7524
8541 9745
3935 6051
7697 6980
8289 6228
1419 1172
3746 3412
1573 6331
7178 8654
1994 5
3331 2260
7787 8392
5748 5288
9813 3325
4055 6172
6212 4783
9092 8816
9428 4633
6320 7841
7475 173
6463 2111
5422 7268
3704 9154
2742 3191
9908 2231
5661 1544
3566 508
4536 430
9670 3655
5396 1797
8729 907
7284 1190
4273 6617
3387 1291
3389 8778
5436 5400
4819 2920
1334 9939
7784 9223
6608 1024
4734 7739
9848 5033
4772 3550
3307 4740
4414 1493
4382 7266
5926 3693
8265 5997
5443 1852
2823 2085
6096 1291
2311 9906
1917 2236
5051 2166
4080 4555
2698 4741
313 1819
9761 6228
9453 1608
3927 5893
6422 7936
4423 8391
8997 179
6660 892
6092 1381
5425 2418
6953 7837
5341 5394
8151 1553
7511 6094
4255 1188
1 4188
2867 5993
787 672
2166 9645
9485 226
6270 6828
2927 8130
1209 6549
513 6911
2153 5452
1246 6605
9802 9499
2667 2554
538 3143
5068 1493
5214 2620
537 8732
8216 2135
5347 1379
8671 6152
1979 8960
1664 8969
6049 3658
949 8081
4332 6540
971 1038
8577 59
2705 9663
3869 5260
7478 3677
240 3824
7212 4737
3933 9994
8586 7546
122 4866
6593 5151
8123 5436
3617 3590
2510 9274
8355 8752
985 6879
1838 2369
9692 902
8515 6651
2710 1158
4222 2996
5646 8744
4793 6902
7634 126
9058 8540
2238 1172
5303 3363
8749 8901
5661 2693
8876 9090
1512 7266
6898 8692
1859 6665
153 7482
4576 7551
4296 3988
3802 736
832 572
5032 2397
4078 5505
1508 8218
8560 3830
1440 5942
9924 2276
3119 8630
136 5557
5803 9250
7699 7925
3174 5997
26 6311
6527 7145
5313 229
5023 2661
3275 7040
3649 6210
70 7280
3317 9001
3227 3476
4838 6330
214 2703
1363 3343
3495 2695
1840 5576
3390 3022
2811 5642
9963 8976
6690 4656
3370 4341
5033 6291
3313 3909
4849 9668
9974 1788
1113 4050
8654 4646
1387 3384
3198 7468
9099 9995
5162 9721
5668 4575
5608 1125
4554 6893
913 9605
5529 9785
3105 1880
449 7624
1448 4867
3054 1736
5395 6001
6628 2204
4595 6203
1666 3760
1976 925
6642 1538
8915 9684
7254 7649
2020 8582
9583 8167
9521 8675
5073 6009
1515 6929
3319 234
2278 4956
783 6602
3099 2090
7261 4802
2795 4939
1169 8119
394 7579
7496 9277
4388 9623
2095 4562
1726 5145
9029 7812
5448 445
323 9002
4931 9363
519 8654
2426 9993
8944 2447
725 2169
7555 3606
1393 5451
1577 3336
1029 9505
1553 4463
8152 2411
4910 5960
2452 6837
1401 3972
8585 6132
2461 6918
4285 5391
6199 7317
1546 2619
4635 8778
6471 8534
9993 9631
2218 4155
7620 6608
4896 7788
9900 2029
9668 4019
4845 2
142 6809
5131 9925
2191 5064
1839 1303
5516 5970
1455 8275
656 5925
118 2105
7026 5946
5004 3347
96 5637
5685 3198
3188 8650
2829 7320
4856 3259
408 8522
2628 4925
3905 1880
1885 7407
4049 9254
3696 199
557 9659
8683 6416
7705 9446
1795 7927
1315 3876
5931 8002
4026 9814
4806 5332
3626 1591
5917 8609
8837 9310
9819 3678
5541 9205
5604 3013
3753 4227
21 35
2187 42
4839 6551
654 9454
6386 1007
6197 4196
2408 6374
4531 7644
7793 247
8998 7912
2045 2846
514 4867
740 5228
2102 7783
5739 8911
9714 9712
9189 9368
7635 3888
6027 3169
3761 3117
4729 7647
7721 4708
1647 328
9313 2016
1089 3213
3509 36
78 3247
3424 3854
9930 5078
6271 1108
6543 7035
4362 5022
3680 2351
9124 8579
4245 6029
635 2670
4081 7368
905 7229
2284 2745
9235 8443
265 9411
1211 5841
9489 572
8300 1760
926 6653
9902 5086
3820 6087
3710 7984
5914 4741
9873 5128
6914 763
7993 3836
7775 8259
7017 566
1142 9385
7253 2205
7661 7049
7426 3683
6207 6492
5580 3846
3526 8004
2010 4641
7340 2674
6344 564
4433 1577
216 4176
8575 6161
9857 4409
2751 2693
4395 5377
8180 1860
6732 380
9585 6489
3995 925
3468 5946
5808 9625
2802 5909
4817 5758
3586 687
5593 3192
1150 3263
6025 4270
5823 1764
9537 4963
6912 8898
7079 9148
1398 5608
4673 8180
8971 2493
1635 3145
7816 2971
5230 1715
5420 8885
9739 2320
1420 1677
1308 1500
1103 2170
6643 4524
6498 7772
9158 1328
2963 207
9400 5943
6229 9003
9384 3678
2123 2154
1316 6173
6897 3705
833 9221
4095 3269
4514 8342
6399 8180
5698 7615
8299 9015
4427 379
2846 6378
2756 1309
4990 5771
1653 2039
2847 8571
192 5239
8141 7298
3085 6265
3991 9977
772 5549
9455 9656
3726 7997
1115 3339
3615 8582
9850 5914
7990 1466
1253 4637
6256 1014
7682 2535
6168 1092
6837 8208
973 1458
7778 4096
7455 5974
8875 5834
5838 3368
8607 9965
7643 2267
8062 5693
169 9031
1830 7494
9884 8767
3908 5039
6832 5319
5003 2902
343 795
636 8290
9314 4430
1220 4703
5292 9971
7441 6900
5070 7546
8204 4898
909 4428
1853 1309
4599 3124
8831 9057
6117 7314
7867 7655
8941 2731
7608 4938
7237 4616
1900 305
5275 8192
6413 5188
6375 484
7094 1060
9363 4017
7902 9369
5861 9730
5411 3166
7536 2502
2874 393
4687 1978
3904 4179
4039 1886
6272 3078
1543 6094
1551 1377
124 3619
3713 917
9867 1190
7655 5329
7805 1641
4181 3529
7005 149
9427 422
2550 3116
4153 5472
2747 2092
9663 6419
4040 4340
4088 2032
9958 6820
2108 9695
4407 6822
4844 9930
4010 5418
163 4657
3031 4352
160 3340
9030 3466
3070 8773
2342 2319
2911 4250
6041 2916
1369 880
1831 9083
3876 1241
2366 5155
3916 5148
5269 1020
1335 4627
9439 4045
8448 9306
2988 3257
5697 196
1345 4358
2267 1653
8345 7418
3212 5771
6800 3922
1076 529
5272 9425
7597 5968
9349 4001
6903 1298
9238 2411
16 8988
6332 9733
8762 9539
5399 2824
5603 7335
7009 176
3982 6458
3476 7358
9488 1801
6737 2340
3216 247
6948 2574
3997 2722
5791 5676
6920 4245
9565 4317
1018 5704
1630 2715
9764 9925
851 6814
9398 9692
9822 5461
4495 5863
8073 3156
2742 7963
5382 7293
8460 3604
7980 7062
3095 9310
8918 8536
9914 2001
9498 4703
6264 4894
5223 8291
1210 2693
4727 7186
3996 6041
9926 3087
3290 6595
3199 54
701 7958
3915 5262
9495 2511
5552 2502
9283 5533
5409 6929
9107 3301
4570 3136
1645 8390
3179 8348
6486 6493
6567 1553
6502 7099
6205 8833
5947 5848
629 3546
2175 2629
6274 7388
6917 4947
4911 767
2834 6302
773 1000
3378 9254
7205 5075
5391 6092
6090 961
5323 3260
8809 9996
5257 445
8690 5984
7267 8104
7747 6273
4800 6315
5561 3824
4854 9119
2169 8438
8624 4315
5438 321
6752 4793
9148 4607
7138 5490
9265 2932
1509 5893
7921 9342
81 836
1111 6289
5297 7452
1741 6522
980 294
9317 2966
8034 1102
8987 2350
6288 1120
9707 192
8089 3734
3460 1380
2580 2014
2959 4523
3323 1316
2810 1218
4631 6438
6275 392
2815 8716
7743 2594
8642 2678
9552 4074
8589 3424
5939 5120
9143 5993
4887 247
959 371
6985 6060
2494 3205
8210 287
6390 7501
3769 6512
9448 2164
5693 8336
5106 1015
7567 2490
5339 4413
726 6113
1024 5976
5953 2242
4941 6952
6436 2832
6046 9754
5421 420
8249 9413
8790 5357
3539 3415
9794 2479
9653 709
2146 550
8065 239
5104 6933
901 3309
3621 8243
2432 6652
6035 328
3552 9847
1781 316
1998 1245
3398 1108
1429 3209
3861 7888
589 4106
9277 9582
7336 7251
2843 6243
5892 8115
8838 4619
276 8180
4497 4001
397 1533
2257 9911
8128 263
744 4187
3022 5394
8099 3213
2755 8318
4966 6463
5560 4278
351 1091
9232 9363
8972 3207
2959 8521
8664 9826
2194 999
737 174
5344 5173
1240 4111
9033 7052
1164 1788
6123 5778
4782 5294
9417 8337
3456 8647
2177 6132
8359 8732
8771 5559
9697 642
2520 9866
5077 2319
7678 6920
6155 4578
932 7831
3645 7239
6410 2650
8773 1174
1761 1285
9795 8582
8788 5607
9507 934
968 166
1570 6762
6189 5496
950 6232
7291 1953
2208 2719
924 809
7413 6706
2701 523
6749 2943
3779 987
3587 7196
9742 7190
1827 3241
1354 1010
171 5235
9968 8827
6107 5328
4022 7781
1481 5914
4390 881
474 6941
5559 7348
2409 6117
5102 4621
3560 1647
6672 7448
866 6977
8643 7633
6542 8017
8760 1660
9689 9968
3660 8379
3044 7216
4794 9695
6923 5583
1022 9385
6086 8180
6128 5777
8058 3752
3918 5348
3716 8519
2835 6060
7716 3900
7273 4758
6167 427
3260 3452
2054 5745
3118 8647
1958 7962
3570 8716
5091 3006
2271 4586
1021 7196
9830 7862
7268 3529
3659 443
6840 4343
6433 641
2438 1588
7575 1233
608 5826
6624 1108
8993 8548
1706 3223
5624 9030
6784 1762
9937 8246
6563 1172
1016 3218
6357 557
4685 2154
8734 9333
2012 5688
8004 8176
4864 9447
443 719
9460 7558
6597 4413
8992 3460
8176 6927
7504 7902
4878 8370
591 6088
5724 635
3858 411
7105 2659
7769 5106
5582 3182
6625 9328
620 2924
7852 2577
3834 3375
7367 939
4704 2789
2689 9320
6705 7734
5209 7252
210 5683
9081 4268
9137 8806
9622 8117
7934 3613
8637 8663
9750 4143
9142 4260
4338 1125
1106 8486
64 2105
4798 3942
1581 1994
4091 7007
9734 9825
8143 5707
6879 9455
5570 374
825 9654
1239 1324
7709 1782
7432 8877
4327 8831
4692 4120
2866 1012
6616 1418
807 9725
8252 3282
2929 4788
3192 346
1269 8035
4747 7073
1590 3653
1384 4244
8750 4147
1783 8933
2717 5940
5156 5345
5696 5833
7321 4744
3110 5339
7343 2434
3285 7278
4009 3155
9997 1090
841 3216
9152 2580
9604 576
8159 6038
8808 5244
8890 5771
1386 578
3014 9154
6251 9861
3793 9262
2813 5265
6578 9402
2344 4227
4672 1511
4829 229
2970 3111
8375 6983
5542 7025
7252 9439
5979 5461
560 7547
6657 5361
9718 9898
5875 8427
5683 9570
5880 4313
5236 3602
6064 7014
6533 7609
1056 4490
9129 1081
31 305
7036 5704
6622 1202
6836 843
2620 1176
4669 8468
5977 2853
8025 2183
9607 5814
2686 2276
3665 3448
5655 6208
6374 2805
4315 1478
4892 9179
44 4315
1031 6277
3089 3222
6665 494
3034 648
6581 1319
6056 9949
5491 5311
3853 5552
1600 4093
7584 8845
9796 9680
5647 1575
8163 1609
6584 7013
6806 2722
9463 9782
1689 4205
2816 9515
4033 3830
1809 7602
1951 6021
2182 3164
2420 3901
3767 9202
1878 3140
4066 3172
7010 2839
5755 6608
5497 6153
177 1981
6595 9880
6979 552
735 7504
1175 5933
3827 681
1950 7352
2437 62
8468 8219
2313 767
4065 4237
3430 458
6624 516
2919 6895
8293 6713
9623 4223
332 1921
4003 9625
3668 6063
4276 7984
2274 967
9387 5167
623 2823
2719 6742
1534 1664
1774 2691
3535 379
9591 8613
6771 3709
936 9193
6348 7906
2272 3499
1033 485
7247 7049
1043 2662
7320 6801
4720 1562
6952 1120
2161 8831
9285 4465
7474 2031
398 5229
7987 9692
2615 9457
4652 9203
3658 8537
3929 2924
6713 6617
5845 6895
3288 5193
1072 6411
3501 3745
3291 3627
6116 3137
4370 2322
1832 2759
5689 4479
6937 5934
2597 954
9368 8388
9544 8231
7393 242
159 6991
2250 1436
2028 5345
6325 5164
90 9197
9315 3382
957 9320
8921 6746
4870 1501
4438 9229
8963 7802
2199 234
2263 6352
1995 8025
9075 7821
3727 3545
6202 4640
2468 2766
9367 9828
4740 3420
9209 5956
2636 958
9079 2966
6219 4950
9475 4927
48 5135
5909 8733
6210 3758
8558 3192
184 3205
9350 2559
1477 59
1285 4620
5262 1563
7380 827
8862 4274
7692 9740
6213 4113
3843 3545
5114 4947
3066 8109
8091 5781
5474 7616
3775 1372
3932 3082
8435 5250
6701 5781
5159 2941
4100 2255
2799 1849
7424 5157
9951 9806
7870 7589
8973 4570
9849 3599
4149 9726
9865 6420
804 7099
536 521
4674 9567
7729 4294
8827 283
2969 3637
5298 1688
7139 6329
1942 4928
3506 2490
9744 1365
2386 3992
2495 8421
9087 4036
358 4235
3867 4930
7125 3870
2029 9455
9198 2305
7389 467
6815 3342
4619 5685
2480 6367
7600 9211
1712 6991
1423 2588
6479 9875
3244 7963
4371 7555
8548 2849
3497 8060
9601 1143
2853 7346
6437 5413
6278 9949
6282 7258
4140 6678
3314 1397
6242 226
1359 8271
6878 3500
5964 5194
9774 5287
2223 8285
2456 1762
789 8145
8113 6517
8737 9648
3145 2755
2654 5686
4481 6285
815 8492
4367 6319
1380 7595
5629 6548
2868 1389
2032 6540
3786 2668
9391 4645
768 8736
8106 5798
4510 3208
7390 4036
4957 8724
2260 3447
2748 1202
7089 2469
5224 2241
7669 262
3706 257
3678 7533
6188 7942
4611 4706
9403 3307
9446 2519
1763 1336
9564 5430
4450 1391
5644 2678
7414 4139
7898 4883
4295 4744
168 2667
1174 5428
3960 1582
7802 7451
5445 429
2322 3394
2625 8634
2641 1360
8271 7168
4215 6192
5103 8733
3695 4856
5590 7694
8200 1901
7222 9844
425 7224
4629 8122
1391 422
8464 7237
2999 4587
2318 3303
7707 885
7330 1637
5738 2737
9979 7624
8067 4356
7044 3090
7282 9484
4441 2845
4666 9270
4326 6609
4807 9331
1213 2080
5901 3635
6662 3257
5825 6270
5745 9077
6245 2932
2353 2823
9737 9709
2642 9384
4006 9047
2309 4555
2023 1976
8000 4130
6723 9390
7794 8573
5280 5735
6796 9877
3142 2661
6986 4643
823 8181
8233 2462
3249 6720
5165 1755
4021 8396
2725 9408
6240 3213
9351 8604
955 8439
3556 7536
4223 6127
1863 2640
331 2047
8368 2262
8046 5707
3632 8324
1671 6298
1432 7810
8042 168
4560 9663
3804 6353
4707 8527
2854 8210
5672 8766
2413 445
8478 5802
7951 9424
6134 3690
9104 6305
5055 5149
4473 1113
8496 8536
927 9057
1841 2276
7481 9868
2067 5539
7248 4410
7442 2091
4164 4920
47 3534
5621 1014
9546 8678
9540 8154
1771 9142
4253 6808
3546 7521
8263 2662
7631 6730
6970 2953
874 4977
8786 7862
3745 9484
3564 7082
8533 9716
4226 1464
6809 3366
4505 9892
8202 1615
890 5225
8542 7452
2489 1696
7772 9453
5014 9113
972 1529
1091 7532
6058 7339
9743 6265
8156 6313
8484 6093
6381 8478
2359 2125
7981 8816
1100 2575
8427 3322
3200 6190
3863 4323
5796 8250
2577 7329
981 3637
5525 4226
6177 8210
646 1449
5809 5299
3028 6102
8512 3375
5754 5841
1114 127
8884 2166
9980 7301
5475 3640
6668 9452
8988 7866
2740 1521
4709 862
9673 6665
4869 2755
4608 9461
9992 6088
2845 6756
5026 7042
211 4553
7591 8693
3562 1353
9424 4774
748 1036
3534 7994
1093 7084
9654 2618
880 4093
416 1336
9935 5922
6363 8591
2638 2350
988 7465
8529 2397
4269 3467
9721 6244
1362 7113
3325 6621
4150 8808
4622 1182
7975 9104
7351 3970
3027 2997
9416 1634
8980 8803
788 9695
8461 4062
2504 8275
1510 6266
8744 7944
9200 9963
9624 7592
3297 8652
5037 4499
6884 7183
4818 5833
8020 1145
1452 9745
1687 8762
9480 4741
4403 2452
30 8415
4973 3131
619 94
4675 4885
1259 7842
5109 3464
468 5921
9729 1398
8568 9669
2341 1959
9988 6787
7917 3116
7279 7468
6656 5810
4575 7977
796 3360
5954 2909
8041 6405
9464 9113
4513 4247
9528 6959
1991 651
8456 4534
8430 7622
4719 172
1637 8446
8494 3899
8685 2798
3608 9709
1044 7294
2406 4328
543 3510
1714 3557
1167 8374
2678 6173
8688 8353
6834 5318
5994 7592
1683 1101
9766 1512
5524 749
5066 9505
8011 7974
6989 2667
4206 7005
6688 4205
5028 8143
1538 7060
7202 9414
8049 4645
8387 6390
9641 6595
2749 7893
541 6055
1453 8614
8059 9092
8449 7387
1469 1817
7711 9841
4520 7352
8778 5126
5844 4472
3455 7470
7000 4503
6392 3994
9772 2750
2001 8454
5124 8465
4986 4816
8658 7809
9845 2356
3311 5371
3781 1728
3672 32
1909 9096
168 4596
5464 7314
4289 6016
3343 4808
2728 2678
3373 551
8673 7272
615 9050
7782 1563
4551 596
6545 8730
8218 1252
5062 7989
6957 6787
4156 6285
4477 2406
3729 5400
6259 7936
7693 4423
7549 3257
3126 7919
7786 6995
1324 9453
981 1899
6341 6596
751 4861
1147 5865
7282 7783
8817 9092
2277 3235
4652 8176
2514 797
8953 4715
2661 7388
5614 2341
6248 9433
540 7047
9483 5515
2377 858
2483 9554
5005 7637
7154 7153
9249 5924
8705 5657
7099 2654
6193 834
4225 5539
8264 908
7168 902
9157 1654
2019 9502
7982 8692
2943 6299
8179 5426
1501 4771
3686 8495
5616 3461
6574 9730
613 8233
565 4377
8952 4815
5079 5637
9014 575
6547 6499
8528 3931
1516 9892
3550 7714
7173 7419
3259 6900
5916 238
4084 3031
508 9100
9762 4568
1435 1333
3090 9309
6468 4840
5044 8731
8617 7418
2245 6505
6408 2791
2156 7694
5151 3235
9183 8148
1203 2751
7544 2164
4814 490
7886 3463
6537 6595
1537 8527
3440 2084
6186 5810
9703 6993
2486 2960
603 6269
29 1233
4526 6164
1301 9090
5677 1092
3627 6382
5659 2702
1941 1704
289 3841
4971 7116
2898 6624
7902 7691
2087 6052
3700 2124
930 1608
962 3422
4133 9066
7911 1585
7535 8275
525 5244
8301 6693
6577 131
4689 8736
8870 5469
9094 3203
9331 5925
7108 2511
760 6527
6337 8853
1350 205
4472 2504
6740 1046
6300 8727
3656 4678
1895 9180
6575 2083
4453 9977
4711 2494
5099 706
9830 4535
80 805
9222 1057
9493 8875
9375 7344
4766 6098
827 9880
5509 7387
9788 7055
9423 3246
6280 8690
4152 1092
3410 5029
3597 1588
5817 5888
7257 713
9226 183
1468 1621
6992 55
3742 2450
9321 8634
9240 4578
3759 6683
284 2565
8995 6931
7074 7451
627 7576
4307 8046
3516 4938
409 5225
7102 7942
3652 5681
7345 4406
1818 8323
8741 5781
8019 3404
4605 241
7573 5868
2105 6743
2385 6925
4470 60
4992 9073
2939 2583
1152 7125
9511 8947
85 239
6416 5631
274 643
3428 4560
8769 8061
857 746
3737 843
2434 6353
6209 4227
3434 4490
9072 7674
9305 6945
5413 2085
268 4637
3482 3957
505 1699
4886 2439
9048 1728
9359 2039
685 238
7429 6009
8160 7039
1555 3604
9153 1055
8105 1771
6414 1825
2761 9692
1978 5674
2513 3321
4874 1571
2828 9948
6016 5364
3322 4237
1807 7253
4016 2752
7355 4785
5158 4742
2220 4468
9076 9997
8547 2171
8185 2995
4348 6004
3487 1091
7477 410
5321 8827
747 8841
1633 5694
248 318
7106 4998
7872 9791
6166 7156
2080 9825
941 5141
1190 459
9025 7908
6499 4113
9500 6591
2292 8201
5249 6914
1471 9307
2905 4796
1394 4054
3603 5954
5988 9442
7507 2523
1489 7738
8038 6335
8510 3471
8443 5459
9406 7466
3094 5163
894 7786
6000 5783
2412 7756
8571 848
1105 8371
140 309
9566 4922
4563 762
4056 4599
2290 8672
7685 1991
1371 3166
5215 8849
7944 9455
5008 3114
2336 6856
2745 9454
8333 4158
1821 9440
5394 1690
6872 3803
6564 2639
7758 5033
7632 4781
8867 6293
1290 2776
4106 1038
9952 1687
5975 8095
1867 2387
5377 3384
221 7140
858 4616
9852 5023
6973 4328
2800 8012
422 164
9871 749
4667 3748
8550 2672
888 573
7219 9381
7482 3447
7846 8454
4832 7590
4724 6726
4034 1714
1877 1647
8726 8916
3087 6826
453 3314
101 6139
2327 9539
7246 4621
4501 1276
3438 8031
6418 876
4670 5592
1639 1452
7927 4912
9119 242
5168 4707
8340 525
4130 7224
2298 2888
7208 1086
7469 8289
402 9425
3016 7528
9023 1272
7554 1805
4408 2915
5723 1312
3494 4793
2358 6112
6087 514
4213 1245
4584 372
1725 8911
1235 8703
8744 4315
6623 2102
434 1380
139 561
7446 1219
8531 3980
166 6145
7231 857
144 5324
1275 193
6787 5974
7531 2619
5407 9735
5637 3762
8906 9842
7305 4374
1724 8531
3010 2100
6113 1091
5378 6166
2860 87
8696 4791
4000 9106
6351 1542
8420 3794
6356 2853
8874 8159
4724 9996
718 5171
391 844
7540 9152
1796 2447
4665 377
4989 4816
3326 7430
6491 8040
5972 9429
1149 179
9225 6966
7038 6559
8352 4211
2896 4063
7384 6301
3060 7109
3601 5241
5264 3544
2387 1538
7813 652
5870 5965
9110 7649
7423 1475
8318 8324
532 4906
4128 6640
5908 161
5147 1982
1681 8335
6924 4476
8934 3519
4549 3233
3240 1264
4351 7868
5898 862
1992 8860
173 4283
2395 8427
7957 9538
4012 942
9987 4015
8911 1364
1255 751
9376 9912
7725 2725
3619 8069
1739 9528
6635 9748
2973 8882
655 3787
350 1604
1999 2590
3964 3260
1270 484
6966 4724
7851 5709
9663 5904
3974 1757
4485 4045
9611 7889
5694 9408
9093 2752
5020 2038
3527 1527
963 6639
7912 2429
1815 9656
7132 749
7176 3812
5040 3397
9821 9934
2072 4762
7890 1910
640 7295
7737 1187
164 173
9173 8070
9836 183
7438 5554
8511 969
1955 2977
6044 5593
605 2902
2577 6638
846 9453
2944 5916
8169 688
2849 7297
1254 1024
1674 3339
517 8208
3529 1023
709 6060
8886 2557
8213 1836
9300 104
7519 1390
7290 8972
2033 3139
4023 8427
4610 6366
9252 9346
8115 652
2632 6510
1422 4493
9186 4909
3673 4908
6710 8176
1460 8472
4443 2522
4138 8533
4919 8443
6426 9824
4337 2905
1064 3832
5733 5793
6539 622
6490 2866
7399 3688
1927 4747
3872 9422
250 4164
5943 8709
5493 3264
1759 1481
8008 783
3758 3942
9759 6200
8698 4508
7680 3153
2850 2995
2616 1115
4702 6860
4842 3861
8103 6208
7140 9726
7189 6188
7558 8199
8795 6087
8923 6703
6515 6727
7785 3793
3833 2165
113 2079
6173 1793
5922 4747
3061 7387
1243 8781
6874 4331
533 6948
4179 9011
6942 4718
1602 3528
2735 8227
3393 941
516 8693
2060 4373
7450 3394
3725 7997
2192 6259
8132 7047
3522 6286
8176 1563
7014 2682
7636 5530
6933 3315
5332 9050
3829 8227
7995 5577
4038 9806
7035 8900
983 4040
8314 4846
1810 9726
8639 5162
1267 8870
6998 7987
5478 1687
3678 7060
5100 5155
1559 1830
1129 6956
2774 232
4355 3300
466 6732
2293 2624
7824 5080
4258 5586
4790 6213
572 2586
7016 9215
784 6499
266 8487
811 5252
7574 5482
2773 6458
1773 9134
6745 1115
3540 8395
3965 8652
9700 1917
7172 1128
7615 7995
778 5779
8406 6206
7408 4724
8583 8100
7748 2869
9797 3699
9170 4631
1791 3260
9727 9230
8830 9316
2965 6647
5772 6088
2248 7294
6222 1068
9482 5661
8150 9811
6429 4747
5080 527
8668 7708
8952 6885
8283 8053
596 924
6458 2696
8917 2059
4798 4641
1557 8503
1249 4882
2138 860
689 9944
9010 5980
9943 2742
3391 3085
6452 7639
9358 2851
8834 9527
5831 5449
6890 7109
948 917
1630 9212
7115 3915
1893 3558
9791 1540
6113 1494
5714 989
6420 3812
697 784
1736 9798
852 5263
3928 8758
448 8865
5234 6384
4556 6153
149 5586
7955 4174
7932 6009
9144 4224
5018 8619
8381 537
3203 9835
6246 748
4724 941
2605 2357
3536 1000
2956 2739
8433 6152
45 8736
8298 4205
6042 9430
6008 9583
5654 110
6161 3164
9105 3731
8043 6140
4465 8728
3107 7630
4482 5285
976 4237
5057 4508
5327 7046
5300 8654
2571 5221
4036 7929
7100 3423
1064 5783
2880 3771
8109 6266
2465 2431
3667 566
1814 8165
5152 4663
3972 2181
2744 943
126 2266
871 3474
8187 4849
5435 7558
9402 6408
6637 5496
6091 9256
7308 1927
8060 3026
7840 9342
4339 1175
8432 8453
6093 7624
6544 7661
5695 5192
3594 9539
7688 5476
7836 2862
2149 5650
3724 735
9147 2150
9290 7807
1566 9987
8402 5858
731 2683
9814 3922
9741 6450
1442 8079
592 6187
4954 9079
5539 9203
3346 4031
6646 2631
9193 2428
3909 7536
5709 4089
7440 4621
5243 8958
4463 3147
3301 4054
1713 2245
3749 8086
3577 2181
6570 7248
2206 3976
4469 9317
9736 1381
2512 742
8476 698
9396 3823
2697 8652
1250 27
3181 7504
2684 1563
2081 3452
6051 6928
6396 3461
7916 5045
8311 7886
8039 6898
1677 2734
1682 4557
9469 3841
2390 2668
4758 36
3798 3391
4050 5351
301 1439
6232 3531
1436 2242
1484 3177
8078 7960
3751 342
3168 7295
6338 5116
1430 6811
1796 6980
4110 9475
523 2524
6 8007
2100 659
9192 2558
9709 6242
4444 5892
7361 4380
802 1336
420 858
1080 8873
7427 5914
1294 4113
3013 6360
8349 2871
4074 440
4571 8588
7097 6153
3980 7135
657 3218
1180 8318
8182 61
5871 5914
3639 2249
691 2644
8481 5450
840 5349
5703 1746
853 3271
8373 3417
9661 6001
3278 9738
9864 9220
2379 2944
399 1591
7516 9875
3347 1803
329 3588
8395 8104
5725 4130
8215 441
4076 7021
7316 8972
6757 2098
8789 4461
2392 3519
7382 5629
7001 902
5766 642
6438 5868
3442 500
3177 3384
5461 842
5669 4600
2713 3701
3705 8423
7085 2982
7147 2574
1464 4172
9692 8893
1993 8663
3371 1415
8303 6226
6082 574
3830 6384
6224 2603
7185 4820
8500 8533
2570 2766
3225 5342
8438 6876
7739 6038
1547 4360
1843 186
6253 254
6291 7673
2324 3112
9574 3442
3678 5021
8393 9726
5231 5155
6217 9212
7895 8277
1854 6531
4650 8212
1626 7215
8508 6776
9610 4373
5794 9755
3348 8374
8640 1845
2662 9161
1594 7221
8137 2028
1400 2765
194 1357
3464 8176
481 3625
3846 6214
7195 5085
8361 2644
3365 1248
5594 4736
9275 8075
1064 1087
4415 5021
6063 1011
154 4857
9671 7965
4398 8379
7650 9679
5998 7689
1350 3870
7220 2972
223 5608
675 637
2065 9906
9176 3219
9510 7447
3173 9589
4027 7747
368 3629
3068 1476
8714 8317
9452 1678
7412 4099
7233 4750
9177 5400
9763 2899
7306 8625
126 7944
1329 6143
1174 2421
7991 5625
4368 8810
7561 9000
3246 9171
3124 4920
2334 65
9467 924
8377 4227
9216 675
5925 7294
1487 5634
7388 4715
8044 4773
7552 7293
9747 9002
4413 942
6131 6210
791 5335
2361 2824
7334 9015
6133 9184
4171 6865
5267 6866
4538 8754
2696 8330
8969 727
3519 700
5222 2169
9786 5985
8258 1604
5650 7346
3942 892
6513 8342
9389 8334
2485 2596
5814 199
1020 8537
8744 9984
222 2666
9244 8561
4417 6852
3999 1256
9404 7776
178 6003
4627 6493
1368 2756
1680 1516
234 5369
8573 9960
837 2014
5633 7959
9711 7155
1548 5958
8877 7500
1792 2913
5345 5295
3217 3054
6183 8115
2903 7516
2935 8909
3431 3491
4379 1257
677 3551
6774 8570
8899 6122
8142 4179
9377 2290
5260 5287
4943 7851
4738 1721
8715 462
899 5685
1193 3256
2086 4524
2332 8482
953 1172
7580 2947
2660 1208
9354 8090
4458 9347
2521 364
279 2354
2820 3256
8728 5296
9418 5592
7514 5960
8535 3409
1679 6453
555 118
9204 6534
8477 1832
8522 4958
4064 5006
4653 294
3499 3717
8214 3510
7255 4335
6388 7603
7589 4390
7902 8077
6022 8868
3630 8893
6298 5618
7281 5239
1135 7452
552 2684
9233 9388
528 5912
820 9171
5790 4055
6423 8359
6055 5646
2206 8183
881 769
8694 486
293 9909
6442 2734
7385 6821
8665 7713
8242 606
6919 5592
9978 7240
3627 178
299 2970
460 6489
1017 769
11 5637
8079 4387
562 9859
5767 1575
7405 6207
7082 109
9589 375
823 8207
6110 4365
4564 7712
4927 5734
7645 492
956 173
1664 4570
5087 9518
2709 8231
6882 3939
4416 460
4436 2327
5729 2755
2297 1844
5111 7793
1846 8139
107 8505
2374 428
845 1876
1733 8285
4247 3237
9603 625
8709 7790
8498 1024
1407 3407
7886 7449
8031 4306
3267 4406
7460 4019
9851 2274
3178 5194
4540 3039
6913 1178
781 7175
9267 8427
2910 1805
5936 1788
9729 3875
4013 7007
3413 9596
8057 691
5371 660
7983 8261
3950 1250
55 4649
6401 5082
8268 4378
9000 7947
417 9034
7612 6120
52 88
1921 9726
8672 4262
8975 5933
5868 4490
8076 9234
9806 7082
6948 6753
2230 1026
5989 6524
4935 4794
684 9097
8647 8287
883 9988
757 6276
1079 5567
6267 7142
2560 8947
8670 1339
8474 726
5307 9582
6187 3596
8863 4643
2510 3870
7999 226
2982 242
2034 7459
547 2490
774 7348
2504 2940
1990 1090
3940 4362
456 7726
8223 8717
2985 5426
3975 1607
8681 8221
2629 4200
4220 5089
2509 5849
3590 8909
3264 3866
1008 554
4882 1337
4593 9965
6936 5553
7123 847
7151 7243
9957 289
9435 8140
2673 8234
9847 385
8079 3082
1485 7310
442 4800
3180 6382
3770 7206
6781 8109
4676 3772
8833 6276
5329 3125
6626 4967
5966 3422
4483 7209
2663 1775
2302 833
9921 5043
9223 3112
8313 4843
3360 477
4428 6214
3604 985
2572 1844
8415 3581
3450 7387
5216 7109
4999 7904
1740 2478
112 2459
9790 5571
2729 7128
2680 532
7807 9467
9916 1869
4649 5814
5985 5144
3490 1309
8459 8437
9637 8053
1492 6135
2268 9459
4048 9179
7238 6710
1721 9933
9049 3272
7822 7030
5541 5957
7347 9162
4522 4930
9234 7169
5129 2851
5264 7395
9361 9938
7691 4287
7760 6509
3738 5310
6817 8567
3038 4083
9271 8398
4621 9277
173 4154
4449 7555
7271 7960
105 7884
6900 7101
4069 9623
7342 4840
5154 6692
6895 8154
665 2738
2532 4413
1889 2487
5567 9285
4569 1343
2266 8372
5982 6162
6829 9238
8588 6099
4959 8617
2839 3411
9287 4096
3534 2577
998 3801
5707 7572
8695 6835
9937 5868
7483 1567
2725 4953
9036 6099
8122 2297
3836 7859
4691 7053
7622 3022
9303 1829
9151 5974
3345 7249
2851 4621
1929 5998
1092 964
5461 6706
3364 3733
8211 8263
6349 5986
183 9057
8467 2516
8619 7145
4661 2624
2251 8225
3973 8343
8116 1145
7206 6173
7329 4724
7779 1431
4334 846
5245 8784
1343 3164
3655 876
1624 6549
5211 3026
1497 489
7047 9134
7984 9602
6938 5956
3121 4622
7542 5442
8901 1056
6048 8447
6268 3019
9456 4912
1170 8268
1797 5129
9442 252
7188 3898
1496 6043
475 5045
67 7320
7285 8127
1434 6534
5161 2772
2757 1945
2006 1044
9513 3582
9074 3186
1994 3789
6733 884
1598 4072
8835 1452
8929 4316
6620 4885
363 597
7266 9532
1644 3668
1205 4867
5852 1120
2236 110
9382 9148
5181 8743
7935 9566
5770 285
7159 5018
1904 2043
7022 6918
1110 8590
8942 7869
2231 9317
5317 3286
5835 1412
3587 7866
9506 5202
8850 356
82 5776
3304 6540
6292 9731
7996 8984
3336 6007
6943 7059
3448 3971
1732 8786
4897 7522
7048 153
6853 1449
8339 8331
6782 7074
2760 2005
1620 9909
6328 2719
1585 344
1947 2778
5660 3939
5343 2068
2027 286
3477 8744
9383 7911
8551 4792
3806 529
8054 8887
8138 6485
9112 1400
9327 2391
6819 9311
233 4840
5595 7439
929 2358
6639 4410
4121 7257
6431 4699
6385 8127
6603 9229
5119 6452
4969 4015
8985 9398
4998 5150
6130 118
1023 6850
3646 618
1822 6596
3823 9922
8055 7521
4017 88
9961 7890
9465 7981
4400 9390
9587 1364
9287 2169
2858 1937
5615 3949
7621 285
1377 1346
1967 7645
6323 7767
4231 5250
5294 473
7354 3808
4337 3356
4903 6764
710 8248
8632 8619
7359 2181
8153 3188
2157 9515
4542 8165
712 1008
7437 9292
7003 8899
8084 7655
1660 1252
2750 9228
2766 7494
3987 1011
7791 4399
6981 7226
8397 9260
455 3042
7713 7590
53 6273
5177 5526
437 4970
5312 7107
1493 1184
8361 7976
2581 8365
1800 3489
5963 3758
9061 7535
15 7233
2522 5810
1618 9018
7888 9026
9247 5573
761 3739
7723 393
8385 2510
2354 4463
9817 1813
3245 3905
4494 5580
2303 8203
8872 1098
2467 7569
9274 7524
534 8977
6877 2320
1619 8347
4254 5708
5811 2756
9722 6245
8820 9154
5381 2554
5334 2576
4002 2925
9248 1697
674 6147
3004 6495
8963 4929
8410 5151
8256 7304
2974 7782
8416 4883
9949 6619
9778 8839
7562 7929
5304 9104
4975 6518
2833 2410
2390 8161
9894 7327
1123 2808
5969 3809
2682 5075
8577 6370
5398 2772
1588 4337
2162 6520
3132 17
9043 6648
7109 7763
818 5500
8775 3597
2317 7059
9009 8255
7088 5691
9259 1563
2817 3198
664 8624
4537 3110
5970 1069
8940 4784
7452 6835
7952 2809
2460 8007
3953 2865
1029 8086
2652 7857
1584 7850
3866 4894
1580 2609
4636 1038
2561 3522
5995 6419
4459 1273
862 5686
5361 843
8272 5045
1579 3293
5577 8275
6783 7450
6099 3647
5291 8059
9115 1521
639 5131
6322 585
7133 5450
8157 2772
2015 6411
6443 4181
1525 5385
2885 5090
8046 5932
7525 5030
4995 4633
7923 8924
1985 5633
290 7541
4701 808
2003 9488
647 4522
2365 5863
4504 1388
2258 7458
3008 1469
8350 5808
4611 1013
7032 624
4136 4054
479 1991
7358 8294
6519 2366
7254 3922
7045 3331
5240 9922
2140 7630
7113 8140
7956 1452
5389 5162
704 1242
1907 6080
7649 4710
3295 4785
3310 2842
6772 4974
229 4302
780 9987
1001 6539
5619 5757
4578 5988
8097 1918
4521 5942
9752 9397
6833 1468
8582 4058
2196 5428
6831 6987
8195 8390
4893 5862
610 6524
5744 1758
20 5316
4573 2846
9299 1764
8570 9504
960 219
7647 8907
5306 4637
3549 4860
5314 4146
365 4015
3954 1081
6482 1163
3871 9256
9692 1273
7512 4215
8545 9491
1403 1463
5342 9631
1800 9104
2451 1927
7537 5974
1903 8656
304 6081
6306 7175
3465 6619
3329 1032
9882 8026
5574 7739
351 4234
935 9997
8679 3559
911 2887
4837 8360
8961 3078
8166 6207
8158 5294
6140 7739
3097 1128
9598 7421
3221 4971
8370 3545
5643 6524
8914 7654
5212 1475
9709 635
1165 7540
607 9493
7443 1130
3359 133
7046 1091
1379 7638
5370 6903
1166 1793
7241 351
5324 2246
6565 1095
2857 5065
8520 3090
7825 641
73 6056
3511 5678
4609 713
4374 2474
2720 8108
3723 7362
3429 7708
3357 6407
3674 1539
6803 6976
9950 6288
8738 9783
6658 802
8071 2194
2333 3456
1126 8558
9017 4619
6916 5893
8171 4949
8933 9142
127 2631
6484 9961
3470 4948
9876 8473
6855 6200
5982 971
3402 367
3053 4391
1519 1745
8114 6318
6286 3756
5146 4320
3220 8584
6260 976
3888 8634
7363 320
1468 1542
2170 8293
621 6340
4137 4931
6680 6752
7181 2547
2242 5227
1523 7741
6505 9090
235 5191
4067 867
1672 5826
7726 9327
9432 4544
9433 6611
3422 270
4317 479
7364 3136
2863 7564
4321 2886
1751 4812
1287 3301
4474 9302
2367 7125
3299 4284
1226 1961
2547 1317
922 3647
9730 3773
388 3534
6634 4854
1174 3544
7559 6653
7069 6803
4188 7733
2118 9441
2884 2978
4163 9068
4077 8532
3444 8096
1426 9704
720 8090
4280 5597
8072 3126
1536 4239
9184 7094
4951 4167
4915 7418
5388 5452
9211 4915
7553 125
9805 3586
6859 238
5402 2761
2932 3219
6188 5881
3289 9717
6825 8590
1524 9880
1922 294
7712 106
2068 6885
6151 9363
5171 5651
544 311
3250 9776
8677 1174
8753 7723
9002 4030
4042 6598
2708 1312
271 1491
9905 6722
5038 6776
844 425
2492 8857
3214 7254
4455 6845
2666 4167
1820 8910
9770 520
8601 8416
2519 9538
7777 2062
4211 3355
7977 791
1971 488
4315 1768
1258 3477
8793 1481
7543 280
5415 1277
4199 4004
1764 1060
7732 2058
4284 6125
5132 1752
8194 5765
9213 1090
1700 2185
8556 3259
7466 398
120 9780
8416 6726
2699 6598
8050 880
7517 5997
2424 258
2837 4323
2830 1377
3917 1742
3012 1303
5316 4007
4241 5449
1783 8525
6527 5394
7855 7948
9273 2430
8530 9995
1657 4063
4717 9457
542 7575
3158 5451
4700 4265
886 2910
6967 3704
895 2299
9478 2634
1063 2740
8210 2065
7787 8922
5719 3934
7739 8572
4950 919
6406 5208
9443 5597
9858 6028
8534 5515
1326 2995
1098 9415
2647 7223
9988 8733
3286 2926
125 5031
4173 6220
4694 9238
7946 9701
1572 6384
6560 5634
2532 9161
8145 7293
9808 4762
2852 3926
8631 9828
3733 5781
2069 3716
1367 2785
9561 7180
3568 1174
4172 2697
6993 4949
904 2401
5902 4436
366 2065
1112 5605
1306 8680
6758 8468
9609 9076
1066 8426
746 59
2281 2735
2734 2577
2397 7086
5252 8069
9573 1144
5536 320
2038 4839
9617 6691
3955 7024
5642 2887
8237 42
916 2739
3336 5307
635 8207
9615 9532
9436 2557
8388 1642
7607 6401
4652 1337
4743 4670
1897 1077
5232 2715
4624 2049
295 7809
3713 4645
2200 1600
1738 9251
7114 1407
1352 2256
9920 96
3874 53
2869 8744
2120 7327
5144 5533
1982 2466
7096 5271
7341 2275
1965 5334
5615 9066
9134 4031
9896 2419
6871 5578
628 798
5730 9820
6383 1327
6391 5676
6013 2317
9195 4976
1780 332
4823 3176
5244 8976
232 3783
1065 5525
2890 3868
4249 4567
643 4935
5338 5318
7765 8552
2391 5874
9810 8559
9518 1195
4810 3117
1615 3783
7314 5848
6961 1905
6228 931
6770 2692
334 6308
8317 713
7416 8591
2360 1291
7476 7533
5283 6242
5477 7481
5252 7944
2031 6815
2135 6722
7497 3572
2644 4108
2934 1844
4194 4523
8880 4947
5873 3054
5476 2036
7790 3923
1864 7994
7262 8703
4035 8090
4329 6001
2715 5734
6460 5070
9830 3366
2805 1319
3797 4775
8336 7798
8217 5007
7350 4830
6941 8103
7954 4627
6826 3769
5862 2941
4840 8709
5406 4570
9735 2418
3685 7202
7498 8690
6661 488
2787 5211
180 357
2779 5153
1208 7256
4993 1936
9407 1493
7570 3268
5185 3114
5713 1081
6171 8259
6750 5338
3021 5431
5089 3959
19 8468
8086 8616
204 5781
6843 2715
7309 666
9758 7251
7566 1617
3528 7213
6373 1379
3449 7030
5540 5706
4079 4743
6164 5201
303 1914
4286 8459
3825 9842
2606 4981
8405 5313
7315 3587
695 9414
987 2145
6389 9185
4210 9681
3899 5083
8514 2722
61 1323
5667 3173
3464 4311
6377 4371
9326 6590
5801 5429
7086 7637
5015 2210
521 2085
1778 9010
7240 7944
3385 5658
7418 7118
5084 50
6647 6234
1181 203
5758 4158
8101 8752
130 1995
485 3922
5588 1074
4958 3584
7585 4633
8859 9713
7081 2166
6026 527
5850 964
4089 1163
6006 6801
8245 4025
7789 3725
378 7925
4751 1032
7485 5084
668 9732
3952 546
9713 9855
9466 9092
4664 6786
676 3969
9755 2691
7908 4652
8709 9381
1812 6148
1218 3062
2308 7260
7757 4817
8847 7573
9471 2487
524 1165
9531 2450
8748 6169
8825 8302
9937 6991
2535 8041
380 5658
3605 2269
2370 6270
1299 4935
3049 3769
7795 1319
2516 2224
9268 9897
9676 1051
6135 8346
611 4285
4050 5239
2055 4526
8868 9909
6476 1270
4641 9199
1828 6410
3040 5040
7905 6757
6865 5880
2971 4479
9898 4203
173 711
2909 636
7183 5134
6316 4509
3417 6992
5363 9593
2335 4758
3548 5362
6572 7709
1385 8681
893 6916
6830 9454
8910 8523
499 148
4342 7286
9715 7450
2314 7794
4031 5505
9025 6580
364 335
5510 6932
1612 8333
1568 1082
7656 6257
3774 685
6380 8097
6494 7892
4073 1128
9622 3209
8898 3298
642 4840
1576 5160
9451 9508
2101 3628
7398 7055
1552 6195
9533 4559
6073 1123
3976 2661
3270 1511
5749 7871
4883 3226
9037 642
8657 8178
9480 6334
5907 875
3127 8472
6842 1295
3086 6526
6190 2130
4139 8385
2758 7739
9996 7754
584 5290
3328 3491
5661 5
69 4787
5235 2414
1464 3557
2107 4119
9960 6499
6288 1500
5627 8536
2933 5306
316 354
1623 6640
5012 6123
9162 7569
6095 126
5083 3819
7199 3766
1159 4387
8815 9582
8066 7684
4858 3763
4804 2818
6785 8080
1804 2133
5990 9104
3838 5126
6307 6712
3642 4440
8524 380
2516 4234
3691 387
9336 3896
2755 8108
9056 4577
6685 1111
5726 9528
6613 9880
8857 917
7973 190
8166 7362
1389 5285
5207 3820
322 816
1191 7148
3029 9786
2739 9647
2655 8608
1272 4555
2295 3540
6283 111
7652 4472
2926 14
751 6404
882 6271
8605 8388
2907 2237
3963 6427
5387 5126
3507 5758
4568 8418
7391 7747
2158 8388
2754 6828
3600 8813
2453 1541
4109 6093
4340 7171
7586 3098
2889 630
5031 1960
4118 5478
9142 5946
4240 7311
6191 9207
9365 9390
4628 7049
6861 3817
8715 2525
9188 626
8135 8739
9266 7444
2913 5246
8069 8967
8635 8329
5914 297
4117 7773
3170 5544
2136 4191
173 6453
2011 4882
1891 9190
7260 8656
2025 4473
631 2816
2172 3337
9562 2596
8701 9938
9719 6552
9039 3104
2402 4983
4162 2899
7810 2022
3786 8176
7336 1948
401 9229
5356 66
8812 5188
410 8618
5884 6966
5718 2299
6730 8416
5625 2554
1256 3382
6446 5814
511 5085
1039 5412
9586 5757
8784 4883
8701 430
7345 2176
2651 3039
978 3595
7814 8438
7642 1324
1008 8231
805 6934
5377 3521
6591 559
7174 6157
8323 3326
5094 8882
1691 6325
2613 1339
9108 1762
6072 2637
970 5242
4480 7486
2650 6522
2532 3567
5799 2673
5052 4937
7007 4656
3051 6489
2105 8391
3007 1943
717 8482
3392 2923
8953 7526
8723 5505
6163 2036
7742 1207
1806 848
6982 7952
3069 3318
6200 4338
318 9430
3436 4289
3037 9309
3931 9363
8265 6663
708 6065
6689 4167
4534 9554
5857 2
5769 2795
351 8118
7986 2523
8800 1160
2619 3064
1104 7040
8527 885
9990 1051
117 7465
5506 9629
1144 3160
7830 1142
9608 78
6929 8660
178 5856
4176 7957
1399 510
4196 1868
76 9837
8978 6789
1195 4315
8480 2120
7175 7832
1498 5348
9846 1546
550 17
3618 7482
3862 8967
5896 3507
3590 3596
5380 4973
9030 5921
559 1745
6109 464
9901 3789
6481 563
9649 4937
7097 9047
5592 2524
167 4060
9119 797
4052 6754
1608 6717
2633 6153
1911 7161
4143 3258
7126 1969
6940 9412
8708 4434
5630 4877
9203 1067
2198 3417
2526 8303
5174 3359
1095 9281
1087 4323
2898 1136
5853 8723
7616 5421
9491 9642
3388 6452
3576 7964
6681 2326
7831 1657
8819 4382
3848 769
1901 4130
7976 354
6093 1916
746 3670
259 1428
6541 9232
9632 1567
575 7371
4668 4007
3447 981
493 9231
9551 9509
5431 8052
2930 8847
7295 9880
460 9765
2232 4575
7640 1375
8246 9104
8828 6766
896 7080
6922 4462
7820 9951
2736 7747
3757 5387
2862 3792
6875 9428
600 7617
9308 1521
6799 9124
5819 3243
5900 4367
5924 1252
3731 3194
5219 4313
5354 4964
173 2210
8212 7938
6828 7524
8578 8821
8475 3163
3083 3398
696 9380
9053 8761
3042 1271
3327 5400
2658 8980
897 6445
5721 5103
1104 5049
2967 127
96 632
3810 3249
5602 7204
3677 4689
3092 2897
1528 5956
6873 8773
1247 4794
4323 8253
4603 2266
8822 8185
3772 680
884 8868
3681 5486
1688 7414
5244 1841
8804 8624
5615 7987
2114 1135
8720 3784
4094 698
5860 981
7292 518
1648 7082
3073 1678
9509 5632
3252 9329
4019 6334
3492 6387
5805 5748
3082 9861
811 8017
991 623
579 9443
9701 3577
9709 5655
1530 6149
3856 9649
1585 4744
7386 8724
9657 4058
3956 1128
1482 8858
7194 3528
2804 9093
9003 6710
7390 7576
8999 543
3475 9696
9274 4757
6125 9592
7244 7459
133 2294
5566 793
3081 6483
7802 4501
8307 6640
9989 5259
8296 7742
2918 4509
8981 1974
452 802
2879 4457
3063 6038
7185 4714
5227 7471
8224 9384
3682 4857
9662 2776
3262 3516
4335 316
7866 9060
1085 6746
753 2480
1995 7770
3708 4840
5584 6536
7124 2899
2042 8641
544 2204
1914 1985
599 27
3683 4048
5486 2165
9503 6474
8351 9433
7494 5024
3534 8388
6597 5997
3728 2319
292 9823
3819 4190
3041 2039
8651 4581
1902 980
3160 3971
6769 6573
2355 731
9324 9218
6521 6726
5940 7409
8428 5089
187 3117
8562 709
4191 1541
6704 1903
6989 736
2722 1237
1716 500
981 4427
1024 6277
4768 1038
6293 2095
5053 1043
9203 9949
5956 4036
8407 5650
1728 1046
9754 6947
7059 3222
1483 7759
2591 8652
4208 5591
3866 934
6441 9030
7197 7965
7056 9504
1370 6760
5827 6612
5384 1361
7606 1592
1349 6326
3147 2507
270 6410
9449 553
9134 376
4087 6052
196 3026
5350 2883
6156 5972
9335 459
2916 9197
8851 2391
2145 3384
6178 1045
4640 4996
2167 730
9486 5038
526 3268
3461 1991
8781 5411
8516 2391
8928 1850
4404 5743
2367 7295
229 9776
5692 9566
3189 6924
1784 1395
7454 859
3801 7960
9412 5860
4978 5948
6870 6369
1005 3208
8854 2455
7216 935
6231 2681
6108 58
2780 4508
2209 4065
8093 7179
5058 3452
8704 499
9116 3869
5786 2356
783 5757
1185 2869
7033 3942
8117 8131
5148 643
246 218
763 1458
5504 7015
3233 8216
7499 3721
8127 1130
2399 8805
8488 4933
5144 5431
3258 6753
6465 274
7560 6701
3750 603
7397 5718
6968 437
2822 3119
8871 6833
4479 4786
7420 9854
3703 47
260 968
8048 3111
3382 3241
5959 5891
5364 636
182 7357
5719 8744
2154 4194
6462 8863
1939 7452
2834 4337
1101 4989
8907 8166
5309 9197
3763 8573
9414 5351
7021 8081
8454 8748
4473 2005
3157 7471
8170 7520
7948 288
3486 5180
1805 9397
925 8816
6172 5683
7585 2346
8549 2656
3557 431
1299 800
2582 6480
8450 3876
4979 2339
6759 9086
13 1538
4451 9942
109 9422
7520 4079
504 4460
355 7579
1617 6168
1995 3881
7598 9668
6385 4947
4004 9092
2174 5279
9688 924
5418 5485
6743 3263
1953 8734
2121 367
9827 1772
3542 3692
9966 7434
1743 2990
5558 8022
5060 9995
1088 823
267 1642
7509 7117
8395 4402
8005 997
3372 7148
3545 1174
7152 6093
6088 3041
3551 6780
5798 5387
1991 2294
1849 4718
4134 4199
2950 2796
3985 7329
5955 7
8452 7395
9169 2164
8878 2656
3332 4700
2046 6756
4166 50
3567 1424
571 5776
5255 1931
4827 6034
2661 36
2400 1246
4900 8336
2568 9992
2563 3769
8012 8493
5952 7849
4679 2469
9246 5743
7303 2016
6499 4652
8610 7182
6451 3607
1402 2189
8445 4893
9937 2430
5470 1576
7056 7212
3032 3447
9618 5724
8958 1011
3962 7088
9228 558
4935 9278
8030 8727
2587 1556
1221 4211
9294 7931
7456 6286
6340 4670
1882 4147
3277 3539
7810 2075
9644 8799
5518 9948
368 6930
7518 4993
4406 7609
4642 9098
9648 8190
149 4923
5162 5578
2565 9798
8327 74
1279 9207
8927 3523
5699 4714
1320 3164
2475 5865
5116 9780
3764 5383
2304 3282
8046 5309
362 6767
2545 6473
1109 6820
7113 5128
3678 9847
2527 390
829 560
4194 9068
1659 5216
2083 4752
6764 9348
2703 7249
2931 8063
5556 5445
5253 5403
2948 2614
7774 4281
7210 8251
2528 7134
9516 8667
5781 6928
5069 5011
7269 9251
6160 3307
2777 8963
315 6515
9291 7504
3571 7630
9748 775
8745 3984
2629 4356
5016 5922
1331 4914
9370 1255
3381 7674
8274 8324
6105 852
9217 9315
8403 8381
8909 8077
694 2072
5363 8690
7665 2139
1135 244
6106 9825
7736 4117
7338 1902
6065 4472
8783 6326
6372 3064
703 5655
3433 7804
4046 4835
3534 9443
9944 22
3316 8512
9353 329
1348 4517
134 696
8839 477
8256 1300
5048 6710
2375 3785
3271 7615
8634 1023
3186 496
1887 7549
8881 9888
9150 8754
7897 4170
5063 3665
7162 4140
7036 1133
8581 837
4292 3123
6746 4646
9847 6228
1241 8023
2234 9047
3795 9673
2243 2674
4028 4272
9207 876
170 4683
941 3396
1664 4312
641 6509
9140 5321
5895 6646
464 4443
2732 7793
8220 7742
7965 5304
3116 3192
9928 4381
4014 5633
8294 653
8708 7499
986 1136
7111 7809
8238 5898
257 3091
4320 5125
7229 5719
2693 7296
6994 9987
9084 9939
6470 2459
7896 1756
7005 3545
7812 5451
6339 812
2195 7546
7660 7476
7165 8367
1091 2510
4523 9101
2326 281
2077 7966
990 6305
9073 9799
7908 6266
3005 6761
2712 7336
4795 6331
5461 3709
596 5550
148 4054
4010 1281
9640 5391
1625 4087
185 6953
3135 6995
1730 1325
9426 8582
728 5224
7275 6524
7908 7987
9139 6793
3257 6743
445 4034
418 9932
9121 8328
6682 6128
6748 6979
7109 5459
1318 2503
1286 1480
9665 7533
370 1391
8955 4922
6591 1416
4373 5982
2193 7049
6734 2601
4005 462
6731 6708
8965 5392
4212 8649
1926 1611
1381 4081
6718 2361
2111 9833
6525 5316
5720 8677
2310 1349
6387 3992
9419 9357
3464 9190
8472 6302
7839 2558
4154 7604
5072 846
6076 6552
3339 7190
6340 7207
7329 3117
9956 6615
7232 5778
9000 7239
4399 9023
1073 3760
2057 5
8250 2259
228 1280
690 5693
8792 8188
4278 7097
96 4544
2913 6622
7815 8104
8913 7517
1793 8336
6571 4485
3416 358
7695 5567
5893 4534
1658 3647
6069 2983
9838 5525
7547 1936
7803 6909
6505 7902
8773 3159
5417 8055
912 7455
1204 8241
1268 4775
9833 2899
5787 9067
6722 3515
7218 234
8120 6121
3493 9823
630 4386
5136 9831
5732 4820
2392 1860
6617 1961
4633 4616
5912 3991
1365 5985
4131 9985
3736 518
5887 1127
4183 9068
4662 4113
9508 2304
1260 6406
4466 4546
7755 5084
9872 5787
9747 8332
6697 4646
368 1865
9166 9859
1826 5868
4297 2474
2244 9452
5379 783
8717 5610
2765 431
2059 3923
497 7336
1358 8789
2106 2036
2119 6813
4898 9092
8175 5846
3664 7021
4804 5553
981 7118
8888 8971
1727 5128
168 8744
1229 3568
4426 9179
512 3915
9841 4783
3967 445
7602 9057
9769 5926
1266 2404
9728 2979
1456 9102
7987 7226
8873 9967
1257 8708
9749 4476
8755 9776
8210 5441
7506 4498
7908 6834
1233 5711
5242 4570
1006 7174
6089 2206
1667 3747
7701 8437
4929 1041
436 5875
2159 2642
2805 5854
4187 4645
8845 9647
6828 4205
2753 5934
8661 9243
9854 2525
1981 3139
5301 9790
72 2339
1086 3154
1794 4078
6942 2255
3211 982
5990 2575
1845 6947
6895 7734
8193 1859
586 9548
4238 3280
5200 7233
6445 7658
4454 3592
3860 2367
4850 3725
1083 1268
6629 3478
8742 2595
1783 8004
1841 4960
9468 9385
9501 1300
1338 3428
1973 605
8470 7945
9892 5521
285 420
535 6713
3048 4911
1577 5365
2403 8003
4866 3180
816 7239
8139 1368
9667 9256
4769 6112
5205 4433
2901 2433
1327 3460
11 3977
8010 6054
8579 8423
5059 3799
8284 132
9207 6060
8882 6203
3009 5632
5353 4143
743 9541
6195 9834
3415 7583
3758 7280
4122 4188
7910 7109
3479 2169
2617 1571
6862 5028
4394 1120
502 8910
7006 1200
6910 4195
4753 1465
6653 4883
4981 2027
1145 6304
4304 7441
3663 4845
6254 7153
1933 3783
4848 5661
5847 2660
6611 7145
261 9794
68 7486
6601 9394
3172 3409
5374 2484
7334 2184
9570 7433
2419 7837
6683 9138
7070 8774
2624 4869
3284 5662
5802 4079
477 156
7034 2935
3243 1486
8302 5007
5992 6233
6030 1886
9649 7243
8722 9976
7508 6712
5990 6317
2472 4194
8752 3491
8755 5522
5519 1398
1997 6081
1602 5746
5198 6419
917 6895
6561 8002
1711 9473
4846 7964
5098 6916
3791 100
3958 6999
8053 8172
3757 8333
9261 7364
3483 3585
8951 4909
4801 3908
9547 2733
8417 5183
5107 1788
7015 6228
7206 104
3123 9534
7808 153
207 3719
2134 8833
9874 3065
8451 627
6735 3137
8333 9582
777 7473
6092 4155
262 7055
9599 5929
8923 342
1532 6762
7302 4316
219 5194
8376 8667
8938 4468
9301 3556
8492 5527
9080 2555
1621 8246
7524 4141
1027 709
1431 3152
8085 4977
7903 6006
7419 672
4995 3135
5250 7738
2703 4499
3065 4546
7375 6633
2377 5498
994 1433
9923 775
707 828
5433 9897
865 7530
9059 1056
2730 8180
6608 7783
9913 7659
9085 4902
3662 3346
1847 2451
2883 6114
9541 8132
2792 961
6034 3499
4023 9179
6893 3836
3787 6150
6075 9375
5875 4743
2464 1685
4051 7696
8002 1714
4413 5683
7668 376
7164 3285
2848 995
2610 6897
9035 8752
1143 8405
6346 3945
3268 6247
8577 7374
2036 5869
6345 2852
6045 1239
12 1833
8952 4241
7987 219
8329 7589
2584 5520
1441 2388
7331 4556
5549 5709
6393 6370
669 431
7018 1323
3441 9369
6355 7418
3730 9398
1228 5809
4204 6369
6655 1152
4813 947
3281 6676
9548 1521
5456 5483
9731 306
2295 5274
2444 7305
3003 7555
4202 8832
3568 423
4964 2936
4034 4946
9021 4079
1704 4230
4119 1280
6262 4857
3194 5866
9826 532
9582 9414
3580 5030
3084 5778
6159 6306
3625 5234
4523 1763
2679 484
663 5439
8069 4316
5691 1348
2499 2498
4930 8336
742 2075
1875 2347
8712 5180
5783 2186
2381 3270
6506 8716
7706 1813
8933 1731
1802 9788
503 1008
9682 8132
7256 5460
6149 1723
6489 4816
8487 6801
1757 5289
876 5965
1003 7731
928 4277
7529 6693
6057 4479
1042 6617
5082 2963
1899 5527
5507 1380
2211 3976
1609 5391
6204 8234
6241 1473
1173 2450
2037 7059
876 8471
2516 4546
3467 8852
7630 5511
1553 3712
9724 3869
2130 6780
2246 1398
6797 9708
6305 3504
4799 5131
4913 2485
2922 9350
2053 1455
4930 4845
242 8491
2152 7345
2622 38
5440 9625
3045 9788
1974 1608
6868 9191
6011 750
1982 9274
1217 3074
9892 3407
7802 9401
4939 7387
2079 4049
4288 4787
7431 6744
3852 1361
1883 8663
4617 4689
1313 847
8504 4574
7599 7187
8287 3613
3254 9656
6824 1379
3886 58
415 3574
8411 9930
2989 7468
7121 8052
7401 1587
6124 6520
7063 4786
7299 7444
337 4418
349 4234
7744 7062
1706 2388
3322 573
1888 3480
8699 5021
7266 530
4841 3983
7601 5621
9824 1988
4201 8089
6553 7073
4820 558
992 1624
3697 8526
2467 1461
2184 2429
3294 7809
7329 131
7463 9071
9164 6678
6684 9356
1517 3139
1058 3489
2536 297
5683 9675
8250 1014
7213 2299
8845 719
9523 10
7776 7654
1903 8564
835 6378
3276 716
1231 6489
5326 262
5192 4203
9348 2405
2273 9237
995 1345
8655 863
1319 7528
317 8766
1367 4383
5393 596
172 1726
4734 7548
2842 7465
9365 3790
1980 2811
5684 9720
4627 7974
59 8004
7568 3856
2091 3009
25 4670
7502 9928
6606 1023
2179 6177
9783 7776
7799 8606
5539 7941
3898 1028
8827 9928
2330 6942
3806 3877
1127 9510
7685 7881
5452 930
8802 7947
4299 4552
2861 2072
4615 3843
7667 8346
9674 9526
9675 7914
587 3963
1062 7827
8155 6827
8228 1685
998 263
2347 7960
3351 4993
943 3181
9889 1039
5742 6701
9991 7247
2943 4103
339 3714
714 4523
6234 3699
514 7689
2411 1879
5906 3266
2120 9954
2496 8037
6225 9130
672 2430
9257 6545
7287 4781
4252 2867
7877 4289
2599 4262
6596 5255
8853 3687
7145 9362
3537 2210
2976 10
7468 719
257 5914
5914 8659
2524 1829
6208 4083
7581 7983
3786 3366
3702 6546
8727 9543
6644 3097
9355 1015
427 4537
5355 1233
8444 7534
1614 4299
126 3766
6504 7258
2737 511
923 6953
2225 8390
8885 7276
379 8740
5709 2504
2320 9696
9720 4712
8718 3662
7414 5225
1148 6515
8768 54
6886 533
6918 7084
1801 1350
8458 9100
4688 2839
1177 2831
2307 4979
1415 8719
3103 9780
6858 1678
6523 5471
9977 3207
5484 5367
8543 7368
8620 9764
5122 7342
2300 9193
2990 6735
858 5681
4322 8805
1833 2357
4491 9680
2190 8426
8809 8173
4541 976
162 2184
5185 4459
478 6665
4933 951
8991 3698
5067 555
5194 3243
8482 2144
3 8648
57 7673
2491 6385
9782 3447
46 1863
7182 5637
1789 8633
3420 9233
330 8454
6059 1713
8899 8180
3380 7962
5728 4874
8140 5141
2382 7165
9263 2031
8914 4050
4405 9891
989 5869
1330 9539
7166 8911
6472 9514
1351 6669
1673 2740
2665 3758
693 6235
9690 3696
516 3042
2004 6979
3176 7534
9662 8608
6154 6175
9505 6879
3754 5178
9306 8295
4358 4912
278 4287
2859 3752
2832 3424
4808 3088
2126 3650
5605 1005
9696 2586
1162 3241
4713 4216
2531 5564
7011 1187
264 4343
3765 7666
35 8036
2180 1744
3819 8290
9745 3477
7860 5837
4274 7260
8362 1280
1236 1374
5538 2295
4413 1222
7451 7117
2253 574
697 1427
769 4477
9237 3336
3248 5358
47 8896
7878 8055
3959 4106
5170 7272
8404 7021
3190 9916
8864 5426
1277 3411
4112 5601
9522 1238
7223 4699
9128 6989
1810 1783
4212 393
6216 3298
2925 559
3787 6060
4277 7431
7939 3782
8463 1279
7974 8259
1652 4986
7577 3500
559 5606
1646 1388
1704 5530
5322 6789
8937 9861
2534 4472
7558 3740
1768 6376
1693 9145
4881 5022
3033 1090
242 3889
5999 9930
6450 5121
8564 3263
1718 8870
1986 110
1782 4366
2867 5779
557 4365
5098 1571
5980 7768
2249 1732
5450 1344
5672 8577
1706 1118
9310 3050
6672 1248
8969 7167
7186 5102
7319 5552
2350 7084
8097 2063
1163 2256
2726 3439
1799 8161
7407 859
7618 520
3256 8573
1087 6093
2008 472
3528 3396
624 9492
7264 9395
7479 9642
4242 197
8979 4197
7689 6353
5201 6340
2888 6228
487 7031
7915 9599
9185 3198
6651 3485
4486 478
3165 8167
3306 7688
1198 3269
43 2150
381 566
7871 5974
6562 1609
4741 8666
3900 7484
1449 7547
7324 4373
3905 4197
283 8893
6472 5610
1708 7828
157 8025
4413 8951
7491 9079
1961 578
2639 981
7992 6617
3505 7552
5071 8950
9879 5060
4073 7670
9931 4505
3161 4397
1749 6435
6964 8868
5035 3500
9238 5455
3295 133
2864 4756
9219 7571
6196 1136
2112 6634
7320 7212
9988 2892
9472 6612
8960 1449
9948 1390
4652 675
5369 5990
2731 8173
1959 8572
666 1916
6425 477
3130 5228
779 4297
1446 4392
3197 9796
5868 3131
1312 4050
6943 1395
7691 8990
6720 9221
5997 3926
9651 8985
2723 4843
8226 326
5408 7900
5460 7821
2590 6609
9054 3825
3612 8428
8573 251
4406 7407
2914 4989
2239 9651
6104 7123
3598 2738
5144 6173
5130 9812
734 8207
3659 3945
1934 5186
6791 9278
9866 8027
8409 3944
5017 5497
4587 2846
1395 5064
5237 837
9297 4270
8490 912
9474 6953
111 4502
5781 7317
1281 4224
9262 6242
7366 1782
6848 837
2014 4723
5737 9065
6767 4683
2051 9595
6585 6259
9726 9022
5002 5455
9185 1057
1745 9588
3100 7486
6789 9420
4673 1611
9330 5513
3377 2504
7109 7372
4353 5445
280 7618
918 7964
66 3155
4591 8288
193 3511
7131 4248
6085 2027
4532 8681
8205 9302
8459 88
9254 5735
1029 9322
9829 7554
5118 7300
7503 6375
3155 8807
8260 6128
6279 7336
2972 8115
7445 1538
8279 988
7513 200
2971 4061
4238 3650
1028 7772
952 4112
6512 2618
7289 3866
3292 2252
7551 3849
4534 6845
3336 9777
2442 2383
8772 4385
6236 5591
5359 3133
4721 7785
4427 5530
135 9008
4875 6411
2259 2667
3279 7771
9741 412
4092 9348
5573 2879
3545 2392
4743 747
4169 1031
9344 4333
9664 8427
6487 5466
2096 8791
1297 971
6180 4784
1638 7365
5308 2219
8984 3883
9941 5646
2553 5361
7181 7809
1137 4861
8117 4863
4448 2415
838 4664
4259 8748
7638 8168
3133 5997
8613 6017
9013 6226
3923 2064
2696 4736
5400 8984
5488 9062
7286 1091
3139 1205
8507 8758
6181 4572
3457 8971
9543 8468
6127 5893
4309 5472
4419 9014
7964 9385
7353 721
3637 3921
4215 8788
969 8302
7050 7128
9847 2809
1388 7459
2151 8808
8185 2458
4916 4295
3739 9278
4422 13
9681 7213
6947 9558
2993 2556
4503 8523
625 6442
861 9199
2783 7160
2904 1239
8767 1130
2593 380
309 4559
6119 7531
7327 5307
9881 7383
2973 4151
5022 5313
4631 1575
571 2289
9320 5194
3815 691
2771 9247
1720 8582
9399 5860
6395 1449
985 4174
9268 3394
346 8708
392 5607
5186 1125
5029 5296
5450 7057
8982 797
2237 1585
5108 2060
5813 8323
6588 4018
6495 5686
8357 1730
6101 4462
2773 810
18 2188
341 3013
830 343
7764 1634
1183 3135
8697 5466
2987 1062
9298 4074
6080 8664
7009 3855
4306 6290
4111 6974
286 9590
5405 4072
3633 842
7127 5518
1406 4491
1473 8952
2168 7377
1966 3708
4518 6726
626 6228
9708 9268
1707 805
2017 3944
6137 2812
6614 6911
996 8598
1504 5248
7588 2216
7278 9295
7135 5787
4784 6310
9907 1765
9445 4828
8186 3585
7790 6711
8996 5886
2977 2657
2329 8041
3513 6052
4106 5618
2853 3198
6034 6475
5776 730
4168 7955
3532 11
8275 9645
1195 3466
5747 2252
287 9215
3477 865
8935 7434
6297 9410
9454 1071
1983 4155
3887 4853
9348 9221
4072 857
675 8240
4924 9180
1945 9233
9517 7938
5916 59
2783 1977
1961 2039
6263 8188
7288 121
4891 9450
5045 1872
9627 3424
6343 799
2902 9755
3824 1760
6586 4763
7314 7998
4098 9948
9432 8663
9781 434
7301 9280
6359 4767
567 5221
3714 960
183 3567
9461 4909
9622 6290
4828 5182
5962 6169
2226 6302
3772 8672
9429 375
5892 229
7387 7883
850 9602
2393 8757
444 8853
9024 1039
2402 2223
7428 8819
2357 8016
2346 9007
4318 6281
4363 4540
8682 197
8203 3716
7101 981
5573 9953
836 9575
3831 4833
3622 7904
711 236
9333 7546
5618 4641
4936 1511
4237 6558
1857 7997
736 3253
5081 2626
3111 2109
7157 1400
2928 4345
4177 5261
5258 7784
9095 4503
2245 9038
6902 2619
9945 7276
7158 6867
1735 1195
4180 9123
898 5591
9810 8762
9012 3821
4427 6568
5444 3604
9270 7414
9415 7473
7936 2783
3923 7891
8394 8190
4053 3259
9535 6463
1954 8640
2058 5122
406 437
3030 6787
6716 7447
5135 1464
9657 9365
2245 7429
8439 2491
224 6742
4104 3854
545 8750
875 5274
49 514
9229 2516
687 2577
5107 2953
4418 2559
8149 6014
1769 7635
8290 2673
3177 9830
8143 4268
2343 7170
3983 8318
7050 2041
4773 8590
3294 1168
5271 4147
7230 3577
776 1336
4604 7335
9340 9730
9560 9826
8336 2247
240 2767
9588 6415
8180 8923
8897 2410
2847 7675
2264 3181
9391 7522
4995 6062
5092 5818
7819 973
3445 9554
868 3376
5572 5075
3709 444
7185 5656
17 483
3386 9151
4970 2693
6352 8557
1518 5762
7864 1619
3735 3998
7900 4607
7265 730
8190 7235
4811 5930
8973 5788
9818 2795
9683 7091
1567 4063
7859 6520
4252 8286
7077 4216
4789 1421
9108 9191
2943 721
1656 317
2014 3976
2169 8984
8466 1539
1696 387
3648 6457
9496 5554
9447 3263
6214 3151
4159 6580
9764 3498
8400 4906
6551 8060
8540 3205
4643 7021
5903 7498
1005 3424
7899 3787
8636 5084
9842 7945
5704 3510
1414 4561
4074 9051
6128 1856
6384 2465
7806 1182
6311 4525
2960 7155
9887 8337
674 8331
6450 750
9077 6466
2066 799
8779 24
1239 3268
8897 1974
5019 4544
5693 3968
7375 2973
92 384
6261 6376
1322 8149
2217 3575
5261 4461
8466 6649
2124 900
1616 4430
9411 1463
1189 676
8121 3124
9806 594
307 3563
3993 7254
6501 9942
4200 8773
8865 9726
8939 5697
2558 3599
9476 143
1589 7547
5610 1962
8499 122
9930 1757
1842 7533
6627 7025
4376 106
7539 8852
3563 9893
8074 6256
3523 2204
8132 5877
6726 4062
8962 2439
2110 52
3880 6540
5944 7346
2614 382
400 8299
1884 5988
9330 1826
361 5941
9470 2450
1805 7821
4770 3040
2084 2350
933 7408
4369 3717
6709 8330
5704 1789
1341 847
6956 7636
9109 4947
6050 8411
4908 7688
8136 8493
7728 9656
5011 3155
5537 7290
5346 9363
4372 336
8180 7006
1172 9055
4044 2755
473 5849
4585 3519
3546 7180
1785 6786
8107 2654
3050 5587
6880 9453
3994 3554
4612 5943
7861 18
6613 6811
3153 9174
6557 3979
6671 4087
8287 5715
7683 2671
6427 1929
4677 450
5110 2080
8994 9281
9070 8428
2321 7633
1037 8178
4876 3024
5320 2964
2653 1370
5996 7712
5815 4634
707 321
5997 6915
2530 6127
919 559
7672 2083
4101 2734
9672 596
2470 8783
1376 6172
3716 5183
1064 5642
8147 2127
9570 1030
5302 565
7536 7365
966 5064
9636 1512
7988 6612
413 5521
673 4495
4731 1031
9622 5916
6311 1139
648 3784
7468 7860
7985 4869
1564 1819
2879 6111
2416 6697
3593 6528
217 3897
7930 5412
6775 951
814 4241
6641 9940
7107 5252
5340 8658
9776 8449
8422 7884
4337 2725
5285 1668
7752 9463
5352 8739
4745 1022
6959 1610
3849 3843
2217 2338
2517 7845
4564 4343
4519 7690
1404 9256
7750 9036
9011 443
4583 4106
231 5313
3193 3661
9776 7906
3533 6725
2743 9138
9746 2832
3185 8755
6474 8391
1571 7676
6556 8353
9477 8167
4873 8722
3057 1049
8265 500
5238 9807
8338 6450
6088 1222
5569 8043
1332 484
8399 7699
1526 7955
9006 7346
6083 3999
4341 367
1289 6078
1621 4542
2910 9018
3382 7908
9328 3095
5313 1836
3942 7684
4613 3062
4493 7407
889 3839
4393 2018
5655 6483
4477 4086
7023 9164
754 7368
2462 6992
6177 9454
6139 860
9999 5459
8006 5966
7449 6904
2738 1597
1270 6424
4786 4157
9223 1174
1482 1379
2769 5418
9281 9052
7329 3693
6146 4947
4158 3912
5166 5170
9487 7620
3511 5661
3865 2033
3341 5385
111 2887
9108 5615
7422 9406
3072 5333
346 4154
4948 334
8527 5551
8519 3629
4359 5959
5909 5163
588 7392
3828 3672
9172 4663
2762 4190
556 1685
448 1173
9346 478
4112 7718
8081 6649
289 33
1412 8911
5140 1545
2546 590
6238 9642
632 4822
8358 8552
1421 645
3368 5503
9917 1038
911 4730
5607 6029
2463 9277
7004 6837
3481 7029
2839 3836
1651 2629
2964 4810
7519 4281
8650 4985
9983 4946
5442 421
837 8516
4947 6411
709 3866
4136 3204
3690 1761
2544 9221
8336 834
8882 5573
9572 1331
7624 1280
124 732
7163 2312
3236 3491
5548 1199
4186 2853
8716 1841
335 2772
4651 7480
6926 1762
476 7644
6120 8521
6098 8636
8596 5959
7073 6070
8247 1602
1957 8825
4529 742
4918 304
514 7848
282 9688
3841 5573
8969 975
8924 3447
6552 7327
1935 9818
6103 5607
8356 8292
5007 8630
4877 8412
3912 1305
2755 2917
8180 8342
864 9474
6227 3933
3019 1604
2667 7595
5807 9550
9343 8220
4396 3860
3330 1410
4680 4328
5615 5949
2619 8613
6021 738
179 6307
6615 9936
2936 9947
6269 7918
2097 282
5024 3359
3628 5085
4733 6153
6622 9684
1931 8686
5 9887
7288 1692
3611 6677
6776 1074
903 229
4205 141
8854 3635
8833 7112
8798 6575
2566 9447
6517 439
6430 7221
5465 2059
2619 6987
8539 6401
2215 1057
4236 2631
9981 8550
727 2752
5812 709
5251 5183
7762 2320
487 2297
4427 8853
6894 2567
6428 8086
8132 6324
8544 4869
9944 1789
7092 8708
4278 5045
8953 8082
1531 4211
7378 9892
6439 8807
3766 2083
6763 7582
6295 5839
645 4641
3805 9347
6948 1313
4758 3405
2794 6346
4833 7740
5067 595
2643 5250
3368 1803
1940 8061
4068 9573
38 5321
1050 4489
457 8001
4527 6996
9348 4743
5816 6782
6152 4106
3920 5717
7327 5218
7495 1433
3565 9570
8741 5666
3421 7940
5597 1514
5620 4058
4386 3046
2119 5642
5220 6756
9723 7947
817 7278
756 9045
5633 3229
8020 34
1377 8716
5385 4883
7799 3100
4836 5394
6512 7272
4257 8821
717 5757
5479 8216
5045 5254
973 2971
7206 61
8826 8591
6361 8848
1061 2049
602 751
1342 7698
3219 6473
863 7408
7017 4590
804 6002
8986 4638
5083 2165
1870 8111
1036 8416
1714 9002
1238 6534
2422 1259
6518 7278
5286 4466
1068 5385
3629 100
8080 3949
1049 5322
549 9077
597 8724
3096 2634
8343 307
4392 9242
1219 5131
4075 4757
6330 5615
7563 5229
8578 7843
6201 5793
8281 7790
8411 402
6358 8952
8669 343
3851 8495
609 4382
6702 6895
9877 9145
2188 7335
9936 6247
1387 4325
9458 2815
5910 4420
5727 9930
5804 6329
3772 4641
6524 8081
9348 3394
3672 2510
1714 5673
4737 4354
4305 3282
1601 4468
1378 7847
7464 8780
9532 3587
4902 1925
8392 4547
398 8852
7054 27
6480 6839
4054 3122
8604 7853
4697 1445
7184 4785
1048 6575
3232 1859
2180 8537
3228 5101
6944 326
1175 7781
6400 5
6505 9194
8701 6497
9554 3911
9877 6710
5483 5679
5299 8347
6206 4323
2672 8866
2733 5693
256 4039
7913 7881
4174 5133
4777 2571
7563 1676
4288 1855
7804 4032
8919 228
4801 5206
5649 6932
3643 2645
2036 6677
6788 7323
4532 3771
4264 164
2323 985
3167 6768
2873 515
2716 721
4029 5921
6794 5300
3452 828
944 3088
5961 7911
7759 6289
5842 2393
1834 1562
2752 598
9909 9199
327 3266
5293 8628
5923 325
2688 3702
9502 2790
1490 2578
2506 4893
7960 3589
3989 4418
2645 911
8079 4041
6746 8004
5968 6041
1035 9000
7179 4765
9658 7868
3018 3902
9371 982
3246 5974
8931 156
5047 1573
6782 1010
2510 836
6421 4448
6710 7479
2147 9712
8780 59
742 5627
197 4929
4413 1541
6827 7310
7780 8670
8644 2190
89 9821
8597 9101
4566 2412
5061 488
3361 5622
7565 5870
5981 624
2221 1069
2783 5404
4301 1153
7214 1299
8306 2346
9582 8335
637 671
2349 226
2503 1468
5708 8849
6406 5480
5599 4894
4726 8675
4112 9491
9705 6844
6960 6143
2104 3902
2082 7712
9763 4508
6464 5039
9272 5693
2574 9438
2675 5915
252 7154
5024 6112
3134 7042
6883 8060
9790 3213
4478 8260
3921 3602
2089 108
5839 3943
8304 8407
727 7407
1077 8080
3119 8255
938 4607
9173 7851
1284 3563
8691 6747
1522 479
8537 8920
1844 2043
7717 6233
7527 8374
2993 3854
8945 4742
3596 8855
2085 3492
6456 5387
6303 348
396 5549
1664 554
3768 6375
1158 8526
3880 8801
813 7047
9863 1546
4315 5709
8344 6936
23 1270
7 6713
7388 4161
3347 855
8751 9142
4435 7599
6285 9538
152 2582
6949 8836
771 2602
5080 5834
9825 554
559 97
2946 5199
6610 2809
678 8606
789 5038
745 2223
2345 5888
6929 4935
7834 571
7889 5029
9255 6766
8525 715
451 6449
9122 2176
4771 3869
1117 9623
6789 35
1744 599
4377 106
3067 6602
3641 3195
7975 872
4888 7221
226 8821
5945 8573
7494 6798
7489 9721
8770 8765
6869 1114
304 3587
3857 5223
4735 247
1808 9907
2532 410
7587 9069
5645 5638
2543 5272
1798 8009
5179 3462
7095 516
9638 2776
7857 7436
2484 3168
983 6141
8916 6700
6969 2898
3349 6692
3616 9871
1731 8199
3758 6517
1356 1367
8730 4570
4506 7368
5883 8255
3256 2844
3296 5882
6630 2350
5929 8052
1894 1134
7458 845
1154 7499
6394 557
700 202
2551 5973
1138 9937
4706 5164
4189 8404
6821 4406
7372 5138
865 1788
3543 7833
2502 4999
2588 706
4070 2312
1989 5904
5568 8971
8905 1185
4921 805
5924 7846
5581 9836
6674 537
8013 1989
6129 6153
4955 8670
5920 8648
3201 4695
7117 4228
1800 4938
460 47
9887 2073
2725 7501
9130 9576
368 8756
1131 765
1677 1206
7492 1036
4626 3661
5178 7902
1470 2547
8759 1284
3583 2175
8020 7484
8216 3969
4698 3918
3166 2215
9542 7782
115 2275
2900 8007
5667 1905
6780 6242
1912 2177
758 7346
8827 2282
3807 1154
2994 2562
3337 5466
4760 7387
1932 2899
3978 6215
1102 3442
3973 5039
4356 5927
6375 7055
9538 5373
9007 9550
5978 3105
7927 9567
8267 7941
6958 2754
3085 2115
9971 300
8088 8588
8094 1216
2522 6249
254 2988
5036 785
4776 835
1140 6879
9146 791
6478 4841
9706 5711
6410 1314
4428 5282
2423 4154
7625 1077
4412 5412
4158 5773
9977 5023
2504 2125
3055 163
3766 3975
1099 9166
5775 6951
4793 6500
8746 9015
1222 1303
6147 8609
1192 5084
7958 645
6609 5075
9919 8466
9480 961
3459 3133
6074 459
7854 5075
3850 2105
9000 9779
7357 5505
3076 5878
8902 829
8970 800
9208 349
5112 4340
5776 114
4928 3564
5615 5960
6649 5719
9357 3430
4219 2960
7880 3159
3334 2697
1020 6467
9906 6977
6808 8962
8178 3268
1195 8321
7425 2914
8800 145
9002 5325
5652 1207
8943 8944
8489 8399
1690 4432
2778 6561
3609 8799
5366 365
9428 7610
8308 7572
22 1493
7090 842
2945 336
35 4871
3243 4696
7942 3064
2840 7835
3678 5933
5915 5493
1245 6315
8599 7212
4684 7499
6687 5162
4804 2696
3875 3108
5227 5030
7515 3828
2803 9924
1770 7703
5348 8244
632 2600
8552 5316
5553 294
5439 7407
4337 9413
1640 5960
2761 1307
9514 9031
3497 5937
3733 4440
4193 1538
1291 8866
946 6693
4198 2395
1963 9460
5549 9279
1182 2368
2654 1463
5416 8778
7154 5683
657 6402
2695 3024
4543 1760
6927 4401
4940 5481
7997 5565
1025 2311
9459 8903
2727 8964
2135 4756
1310 581
8 8184
6760 3135
212 6102
4130 1364
1151 5403
3816 9922
7926 2183
5890 5472
1605 3771
7339 7035
3782 3672
3568 2397
6822 9106
5468 4503
2056 7763
8708 5313
9847 3339
9694 783
7453 2396
645 4865
6516 7419
6237 5319
1505 3803
7550 7607
988 7051
3324 8419
148 5923
7766 5683
3803 5172
4037 7149
8257 7320
3271 9823
7376 6518
9334 4703
1000 9981
5670 7010
4347 1266
2164 4742
4586 544
1816 5409
5565 4707
9374 3492
2275 8553
6899 2989
9804 7699
1268 2014
2720 8810
8728 5199
8284 6574
8980 6854
6348 3404
9481 7504
3623 9697
2245 4630
7644 4615
7756 7479
7863 3081
4582 9162
6077 843
189 6243
8814 6856
5843 8108
5225 4713
5277 9910
6284 3702
6619 5173
2356 9066
4429 2791
6852 7251
6215 3539
7212 2966
5001 889
4330 7948
8110 5226
5023 1134
9831 7562
5511 8519
6587 6726
8457 4687
9360 5486
4461 237
8566 8994
766 7879
8261 5121
7277 9844
7113 5828
7074 319
3581 7109
495 3893
1527 2170
9613 8924
9118 9623
7792 7883
4446 8347
7922 2854
6079 9930
1849 1182
4545 3918
686 5235
2934 3631
9580 6653
2131 3163
3741 9415
6176 9130
7611 8074
4180 6656
1705 1244
3991 1026
5615 9993
2549 8351
3976 1007
253 5030
3821 9710
1756 490
123 4526
7237 1835
3488 1692
4145 3530
4779 7265
4097 8537
4620 3606
249 3569
7730 5832
4463 8276
9337 3167
8836 6993
9203 4413
7185 6235
9745 4564
1810 8707
5466 6864
6766 7370
3060 1325
6128 7240
2897 2169
6559 9467
637 6696
359 2591
8322 6608
6259 2143
3806 9532
5476 8339
3104 2899
9453 6879
2165 2583
4743 9385
4648 6557
3778 7393
9969 4925
7254 7488
5664 9346
9595 960
1533 7612
8075 5614
1670 4438
4041 8757
4031 7783
2128 4234
5992 1779
9016 6016
5169 85
9525 1585
9837 143
5187 4180
4706 9408
8109 9136
1026 4693
3335 7504
4586 7771
7579 6142
5412 9828
4797 8512
9717 2404
4865 4425
3025 9645
8530 8726
438 5718
4081 8063
9067 3471
4499 7489
4126 4241
7193 5391
6452 1833
3426 8001
6990 3006
7886 115
9918 7386
7369 1960
8766 845
6115 9333
4634 8741
3143 8870
6743 7829
219 1190
6879 7459
9453 2253
564 6279
6452 7128
9883 4841
7276 1666
3903 5007
9629 1561
3979 9554
7518 7633
2893 9324
17 5750
3492 486
5397 1121
9928 3000
9276 4894
1696 4101
3453 4977
6546 7410
4843 4706
2781 3506
3399 5734
1837 8249
1825 4356
9828 9034
674 4310
1512 2951
4699 7095
8611 3561
9120 3526
4988 4717
5457 175
645 6714
3073 2759
9430 5761
1302 4216
8752 6440
4968 2428
1049 37
9512 3821
3474 2018
4614 6678
454 4860
1554 7592
7936 9993
1592 4910
6976 795
6602 7546
5992 7427
7239 5960
5543 4654
9342 752
6762 8743
4797 7245
7613 2514
870 658
6052 6132
2789 103
4794 1518
6410 9622
7823 1714
412 9568
5904 9716
2210 9373
1075 1978
62 3039
4050 9069
2411 4136
4265 6435
8672 6040
178 5093
2854 489
143 5150
910 9323
5167 7206
8209 9435
9709 2013
8453 6711
346 9612
320 1535
1715 9616
6276 1943
9986 6125
1786 6814
5810 4517
2020 4746
8310 2568
377 4649
657 404
2938 8516
2692 1174
2498 4671
1655 3716
3273 8383
5247 5814
2050 1309
3886 4798
6936 6529
5143 1222
8189 5925
2943 4302
2639 4885
2093 8967
2722 4616
9967 984
7490 2654
9394 8395
2241 6132
4575 450
775 4465
4034 3340
3125 75
6714 6754
1396 7833
7649 8395
9973 79
2538 5547
1288 8048
1758 374
6061 3171
1869 5436
2594 1714
3458 4193
5143 5740
5458 7505
6173 7960
768 2283
1476 7379
2532 3483
6018 2085
8650 9468
2235 3397
7012 9785
872 3448
8001 7072
4447 5080
3638 5153
5434 3564
8930 4479
51 3675
5792 7808
1560 1309
7227 247
8305 7638
9134 5661
8684 1116
8977 3923
993 2820
4224 6068
9281 7858
1379 1296
6664 5816
1390 8882
4291 7276
5608 902
5690 8959
8319 6925
3113 5908
2853 5555
8396 763
1175 9174
3753 4409
5784 287
1553 7415
5557 4774
1091 4717
1845 92
4007 6154
3041 3572
7122 826
7479 6560
2656 7125
7417 4620
4308 2947
137 2542
5337 7049
8002 8505
5999 3859
8098 6150
1195 4448
9662 6132
1197 2240
2462 428
2062 9160
4552 2574
8359 9965
2474 50
8087 1086
2351 3934
1297 1587
7799 5467
1040 9487
3878 8479
793 1175
8755 6333
3966 6304
8675 9413
207 1919
8710 570
6599 2485
4555 2557
2013 3144
4707 6412
4767 7251
1057 188
9993 4350
6450 657
8538 9997
8027 7390
7618 8288
5042 3335
7768 4200
3020 8880
4986 6015
5096 1236
174 4441
501 9595
5088 122
8527 9532
2059 5500
681 7190
3102 17
4741 9018
3535 3948
9800 3951
3405 5149
6071 7763
6532 5071
2021 4788
8961 6061
4562 4089
4215 7300
3941 2901
2018 9307
5787 5607
8454 5033
4410 9104
148 2585
2502 8079
9090 8355
7659 7155
3579 1488
7119 4821
7037 3005
9018 7874
531 5158
2036 3794
1054 7991
1793 8744
3569 2796
6793 9161
2983 2235
1669 5318
1437 4307
3078 5101
1991 447
3265 5947
8598 8681
3732 4889
824 6539
5837 869
6652 2217
3210 3672
3090 8257
3239 4862
1752 8080
3803 7683
7653 2375
7387 2252
4171 2877
9127 192
3722 296
2417 1989
4598 5663
5331 5637
4215 3257
4947 7002
4424 1418
1603 6610
1563 4690
310 7506
1783 9732
1034 8742
3923 3318
3559 8136
8983 2544
3452 8797
4054 2036
1512 8591
2968 5766
8424 2565
9056 3023
7294 9639
4539 6451
5596 967
2718 2449
9050 6895
7198 8360
5137 6031
4346 3175
6898 7541
3997 2511
1147 1055
3592 6720
8755 2371
3368 7649
2444 4732
3599 5727
7480 5830
5741 3817
8051 7267
1998 3312
5546 3118
3477 4517
7944 232
5860 1011
3927 5702
1892 9223
5607 7546
2640 5592
5860 5284
785 5652
1092 3403
4917 4252
8750 6888
3202 1257
4532 3588
4344 8901
173 9236
1187 8017
7746 6884
6531 6430
3629 7165
5466 2611
6387 1783
22 3247
5618 4413
1398 4386
8232 3334
5833 8045
9538 6925
2878 7059
3414 1174
3183 9159
9111 3809
1194 70
6908 2062
7940 5168
4124 2502
5358 7533
6605 7411
6984 8834
7796 9970
2786 6500
5934 4840
5899 4215
6812 1543
3140 3698
7052 8295
8207 8509
7613 3901
5832 335
79 4267
5987 3992
5905 3064
6597 6362
7663 829
8366 2817
4073 1558
2784 7125
5095 6412
6218 1055
5860 618
5090 345
9366 1342
2487 2539
5285 4967
2952 8402
9260 7080
3844 1260
7487 2105
2252 2394
5971 9372
6948 2824
7354 3563
1595 768
2998 9008
8115 5705
8449 4668
3892 9539
2831 5897
7920 6182
2380 4918
4950 8392
8318 8401
3229 1640
3927 3234
9563 2347
9171 6909
6321 3216
4067 1916
7944 3180
6438 3824
2328 8606
6255 2490
8824 5386
8503 2443
1519 6978
906 7412
3439 3773
4802 3840
3261 5943
3480 6738
3537 7641
9717 7758
707 8292
4170 5951
7592 110
8725 1789
269 3225
4473 3919
1597 1293
2372 442
4369 2390
9289 8388
924 9365
9044 8388
9843 8716
920 221
7720 4906
2886 6700
3907 7596
5310 7879
1092 3842
63 3131
6315 6405
1466 5199
4784 8634
2598 3921
8964 6558
2623 6928
320 6037
1410 467
8627 2119
5372 7829
8222 5658
488 1649
3219 6883
7593 1431
7091 726
8278 1763
2910 473
7715 6602
2687 3369
8681 539
8787 2057
2265 1320
86 7946
4901 6782
5228 3198
5305 4516
2163 2367
6327 5605
146 3698
6762 3263
4824 4825
826 3362
5633 3924
9786 5623
2119 9925
4030 8813
4085 4083
245 8409
1175 9156
2579 1841
6987 288
6366 5700
6281 4312
7371 4288
9348 1678
9447 4895
7028 2638
2797 2123
5263 4892
3036 5473
3375 2430
6936 698
3692 5742
2588 6820
4488 4164
1793 5531
6257 8336
3469 2667
9005 4199
4389 6266
7066 9093
3540 985
1208 6604
3011 3832
6734 6573
360 7755
4780 9685
4011 3646
4952 8688
5271 334
175 2083
3740 5765
4778 1469
5757 2567
2586 5274
8706 329
7236 7238
4618 6548
5268 7380
5936 9519
9578 1311
7326 1396
6959 652
6977 2092
9241 6537
5935 6109
2001 5821
3610 9852
5506 6617
1930 9757
8282 9245
9691 9981
3344 8472
6214 6319
150 859
5262 7799
1694 7602
6983 4529
8413 3745
3637 336
3320 6849
1223 8794
2183 8
3621 2908
785 6296
3538 5339
2910 6895
6200 4165
317 2203
8537 7368
3332 6382
9930 454
2627 9475
1309 4036
9493 5424
2656 9284
4834 7797
942 9304
5295 6895
6031 846
716 9347
2589 336
7546 7087
5833 1374
4718 2052
8210 8708
9273 1898
1591 5250
3753 3803
2751 6600
4845 6144
2649 9906
2384 1961
6308 8584
3406 1138
1562 1507
6931 2555
1119 5410
2474 4958
9944 5013
3401 7500
7209 980
9134 7943
7392 605
7739 4899
5760 3699
4572 7825
5270 6883
9332 2092
4891 4144
1758 1239
5213 763
3747 8726
1261 6393
5403 2873
1298 4652
7727 8511
5256 9240
530 6755
181 3442
9844 9154
5319 9997
5382 3303
1874 2236
4324 3661
8302 924
4724 9771
2902 8678
9525 2809
7972 1477
4413 8788
6707 8128
1408 4846
5458 6092
2290 2602
3068 2529
2746 555
9847 7452
2113 9027
2696 8708
1328 7297
4683 3966
2160 9812
4075 458
4263 9975
2963 4519
7449 7053
1408 1428
7447 7524
478 8015
6488 4333
8021 4254
9398 3071
9409 8629
6148 8303
4965 7763
9106 6747
7938 3944
7043 6447
2755 9582
3177 3215
8546 7968
5937 1199
4942 2616
2555 5875
8686 8803
8923 1431
8100 3760
3957 1529
5986 2909
5293 915
1264 7468
2573 4691
9788 7200
7842 2659
908 8398
8867 3744
2462 1495
9882 9242
2189 5254
3109 6001
8353 7683
3443 9607
9910 462
2882 5720
6759 9554
3191 4808
1053 4512
805 942
4932 9314
5469 2301
4507 1508
4232 1347
3839 2238
8933 7288
8243 5134
1819 563
1541 3728
7556 5141
2842 8773
5655 6549
2246 4489
8346 5483
6461 6354
6954 3046
4831 5365
1178 8530
320 4607
683 1145
5625 8328
8763 5679
272 9751
7044 2626
9793 3947
8408 5966
546 6922
7854 9479
6024 9109
5544 4810
9606 8933
6691 3698
7712 4185
1351 9457
9117 5788
5117 9466
622 821
8458 6380
662 6659
5851 6407
215 585
980 812
1996 381
804 6756
8557 7434
2755 6678
9579 3090
8316 5168
1171 2414
9084 6679
4744 2419
96 2440
1023 189
2047 7689
258 5176
9186 3093
9386 5168
1763 373
4943 2798
954 3119
6036 669
7078 7854
480 8098
3847 6106
767 2176
9001 1044
682 3209
3752 5314
1964 1397
8869 7945
5296 9453
9631 4749
769 1223
828 2772
3530 5998
2294 799
9206 9124
198 4112
8733 432
9136 569
348 2993
937 6967
354 6512
7869 96
9753 5083
7040 6721
7068 622
3407 8736
8926 173
5259 1357
3101 5243
3147 7865
6975 762
8640 4123
833 4361
900 5857
6901 2084
8875 7809
7694 5965
4336 7902
1397 2734
1046 180
8219 4025
3897 3083
9091 8056
8641 2991
5062 5636
6816 9800
440 5090
3077 8974
2094 4484
3485 5219
4829 242
8120 7142
7838 8456
1722 3792
7146 6613
1675 3407
4616 6014
549 2474
746 7161
1511 1002
7334 5872
5034 3540
7557 8582
6731 8004
4708 9199
2954 7791
9697 9338
6708 5889
2312 1332
7368 5626
5357 3497
6550 4828
6549 1347
1641 4976
1972 2812
5711 2173
3146 3714
7749 2520
742 5820
749 3621
1084 4004
8262 3792
8823 5107
688 4472
4703 7435
935 6729
4857 2294
4238 713
7624 5120
2538 6319
5627 1214
8379 1222
419 7170
7937 9613
8320 7975
704 9885
1222 2971
8130 3678
8355 3484
8172 9437
5822 3240
7313 6992
6626 7722
9777 1467
4625 8842
1270 9993
7075 17
7381 3942
7084 9320
7006 3337
5867 6820
5545 7604
9594 4615
9388 4007
6818 9356
2831 4542
1097 9002
6179 8096
1019 5676
4212 4644
1793 227
9004 7321
2518 4040
9803 7249
3432 3382
1565 2341
4602 9418
4229 7831
4243 5713
3813 7733
435 9282
3110 4270
6354 7145
1012 9566
798 8148
8989 6726
7131 7938
8840 888
9875 7455
6294 2724
4652 8708
4865 1066
472 8143
4756 2574
2036 2185
7777 8412
2821 3915
7206 9032
808 7918
3520 1285
5368 6638
7194 3342
6226 1482
5848 5893
8291 951
3056 3401
8218 8047
9809 9116
6454 6789
9556 8707
3350 2657
7073 769
9492 2141
1153 8171
6805 42
2895 3608
3355 4262
5202 4516
1118 8197
9046 650
6170 3465
5858 4083
1714 7148
4535 5771
7798 3938
8309 3460
8174 3753
1222 8796
7208 5386
5424 8028
8205 127
5266 3496
1472 5628
3243 1300
2040 2407
5383 9808
353 4446
2607 9053
5233 8650
9280 9090
2016 9385
7860 8
369 7271
5607 6636
3305 4209
8363 1020
6946 1588
6431 3718
6070 1207
5637 2735
854 4987
2339 4974
3052 6420
9633 3007
1038 5722
766 4465
5035 5585
7696 2299
7987 707
5075 7072
3088 794
5115 4840
5598 3229
9185 9855
7611 1750
1770 6677
6444 3456
2664 5931
7024 1130
765 3447
6605 8617
9527 8732
5951 7149
981 3191
9071 3041
9992 8886
9775 4737
9431 2205
3237 9420
9862 4314
4164 7479
5281 1146
8162 9490
4852 985
3582 8752
8083 9779
9787 9745
9220 7360
8374 9576
1558 7924
2554 9998
5635 7221
4559 7821
7407 3009
2024 8828
9133 8895
4574 372
4991 8414
7067 3159
8765 305
2490 5011
9959 770
6923 8280
1544 1643
2245 5539
1323 3454
2447 2296
389 8190
3684 4051
9180 8438
1094 9706
1959 742
1695 3439
2348 5971
2088 6156
5855 5882
4207 2869
241 297
4859 4549
1553 7019
8212 1381
1766 8410
1239 6289
2085 2441
7325 8026
8550 4195
9895 6150
7563 8172
24 7047
2986 9207
9400 2825
8434 5062
4846 2915
5604 3058
5162 8273
3018 3854
7925 6622
1631 772
9089 1195
2730 7850
3138 3681
2429 1919
6779 5377
810 190
305 17
8088 6043
3072 747
8578 4654
1458 7470
5122 108
833 5641
5539 1263
5157 2261
5367 3287
5459 3098
3949 5360
3492 9524
2942 3451
4345 6438
6023 7102
1038 5991
3866 1513
8469 6630
9733 5121
419 880
1024 8266
4717 1321
8526 9782
3423 7902
8811 1389
8519 5651
55 3678
2510 5285
230 484
6005 3156
314 8167
8086 2542
9993 3819
6746 3760
5671 885
1610 8887
2245 8747
5680 6911
3076 2228
4821 9119
4215 6004
4982 999
9929 9365
6412 583
8501 2950
3453 9870
9152 4812
9666 1966
3777 4295
5314 1865
55 3786
1748 3708
7110 9503
2074 8954
1474 8284
1841 9570
1413 792
581 8892
2537 6373
979 8845
6996 1857
4880 1641
6867 9218
158 308
1502 3118
4302 8551
8702 2834
791 8355
98 7768
6126 6690
5045 7329
9657 9514
8454 727
3707 1836
6411 1813
3366 9807
5273 8416
6053 5873
7700 1370
4074 6407
5963 1465
8744 2305
9940 5768
4223 3017
1003 7415
6673 9543
2677 9516
6010 3999
8342 9652
5193 2346
702 3407
4215 2853
1520 4976
4601 1058
213 4413
5661 6142
6403 783
2684 6449
1600 1850
7651 8138
3788 1243
8102 1002
8239 5715
7859 9955
5007 3500
8517 3339
2479 6620
9421 1036
1984 5915
571 5959
1841 8916
8275 8603
3480 9903
402 2493
9106 4215
3147 1969
584 7150
5350 4762
5481 7618
577 9417
3659 3939
8592 6333
8437 2875
7135 407
606 8370
7448 4239
9400 1549
444 661
4422 9904
8431 5565
5403 860
8425 5701
9776 4271
1242 5650
9856 8710
8341 6029
6834 8732
1405 7107
4572 9685
4829 8287
3619 3591
2450 390
9600 4481
4922 6980
9515 6404
3678 5350
7012 2755
3716 405
5 6960
1157 7040
5874 4705
6214 4020
9182 385
9125 1584
5579 7811
8580 2856
8963 5195
4618 9692
5862 6608
4755 1397
9405 7720
3198 6592
3477 9028
5483 8191
6312 7346
3155 8711
2116 4643
273 4193
59 5287
848 9018
9756 9077
7971 3314
8962 1227
5606 7928
6365 9556
1303 4
1321 8680
1764 403
6746 9450
95 4826
5021 246
8020 7849
5153 7628
8354 3439
6084 5153
9224 1678
6112 1146
5913 9535
4413 9709
6672 5050
1583 1270
5993 9996
1118 6047
191 4129
5144 4805
5494 6915
9799 8755
2649 9339
9181 8002
8346 4313
3934 99
2768 4097
7312 5409
2906 7135
4528 1981
8654 798
9108 5056
1906 9073
1347 7061
8112 2135
3944 3376
8622 6753
7938 1361
4192 4032
60 7210
7596 2887
6375 8037
9787 4984
7433 1908
4381 3496
1734 5717
1469 8479
5609 4120
5628 4533
8773 9625
9445 2644
5363 5290
7130 4155
7187 5925
828 7968
1482 7013
3223 6691
9942 3141
3353 8619
1004 2865
201 1615
2924 2347
1582 4269
3836 8481
4523 7333
1930 501
1481 782
790 6712
8653 5679
2695 1735
1787 9752
971 8007
5143 5423
923 9220
9655 7631
7298 9971
7061 7439
8018 819
608 3511
3419 1051
6398 5339
7191 8914
8707 4632
4413 6452
7161 8764
6947 8446
7918 1195
4160 6452
7409 305
8818 3584
8614 5783
7192 5368
4773 6885
9132 297
5505 856
429 8464
7634 3338
1464 9592
522 3938
2325 4084
9595 3882
2681 9002
2383 3647
226 3753
6028 5050
6438 8176
1172 9312
2793 8225
982 6313
1262 2509
7460 2807
7594 9738
3125 696
3137 6631
4518 7619
5941 4194
7970 252
4565 3464
2722 4728
8726 1479
3271 6654
6537 1777
2425 9462
180 96
6597 8744
4788 1449
1593 1244
7662 2738
5885 1959
5226 1494
5221 3585
2629 5336
7825 8844
1092 1959
5511 430
8561 4808
2 5888
6849 6717
3711 5147
6751 7640
6851 334
3845 3473
2030 972
1047 5083
6777 4337
4781 317
3558 4978
314 6088
1824 8741
5265 8234
9364 109
6178 414
1118 4063
4795 3300
1709 1244
2155 7278
5228 9253
6666 4367
8894 3982
5483 2195
8390 2834
8230 462
9342 4456
6874 8674
9288 3354
306 1382
2414 1982
4872 7933
8144 8114
7441 5640
7603 6903
9308 2214
5575 2720
8776 7637
2685 5427
4579 7884
1956 8379
1038 5038
4420 4434
3075 5717
5228 8963
5318 2637
3703 4712
118 2137
2178 1561
670 7534
8736 938
5918 5390
892 9296
8344 597
9239 834
2075 7328
1636 1789
1345 1204
8485 1664
5631 9493
3635 2401
9060 2449
5031 3814
4178 717
7471 6157
1540 5473
6287 9549
3169 6639
9566 5607
6698 3298
2418 7101
2428 8288
7280 2369
5799 9621
6081 9473
2410 3651
6503 5083
3128 8391
3383 2094
3453 8649
6340 3111
9584 604
1007 9167
5437 2905
8243 8557
6928 5894
9597 5591
6366 9142
1360 8288
8124 9839
255 3361
6438 7984
7242 5158
7156 2568
2241 9008
7041 3424
1373 5525
4452 1061
8022 4337
9626 5711
8456 9196
2142 8353
1233 5612
8269 9344
568 6242
6966 1447
6012 892
9379 6907
84 1202
449 2378
7479 65
4167 750
9569 1298
4107 442
340 5589
8060 7987
7307 3460
8755 5322
3837 901
2876 1826
6945 1064
3540 2431
5499 3838
8744 2502
4985 8891
1057 9614
219 1241
6810 3405
5447 5173
3895 3522
3604 3369
2692 6042
9389 4467
424 6634
4381 1654
6939 9490
2609 4369
3183 1145
6866 3556
317 1122
3354 2640
1860 4638
8440 1417
3579 7646
4421 5391
5065 3141
2733 4487
3106 4101
7029 6969
3654 2357
6891 6574
1078 5573
9290 4678
2619 6686
9927 379
3850 9218
2733 5836
7228 8423
3930 6000
9518 9911
5747 7583
1039 6971
340 4175
4445 7979
1591 1125
3864 8519
7997 2604
2696 8188
6040 679
2476 5633
3425 6638
1152 6621
243 4422
3573 5315
5662 5603
2148 8479
3902 1155
5424 6887
1482 9789
5683 4272
3784 7885
61 4934
1599 2045
8017 7907
5831 5780
2599 161
8145 9490
8780 5451
6622 1319
7617 4720
4935 3693
258 1910
9731 2202
6188 5919
8917 2979
2009 2445
6720 6118
1145 283
6434 4596
3835 5927
9179 8465
6611 7841
9970 4087
612 813
3224 5831
9155 9675
8713 7165
307 8032
8897 3480
5964 7462
7112 1722
155 8514
5840 1544
3503 9292
9553 8815
35 492
9581 3091
8735 4126
5528 8992
5839 4312
9168 6695
4708 2635
5196 1978
8134 9443
1127 8805
5736 9821
3172 2083
2592 330
5511 692
4313 9082
1457 7944
1866 5495
1574 5023
604 305
3310 2975
880 4251
5930 8347
2899 6895
7582 3105
7400 7412
6895 544
8758 6753
3556 1218
9792 3931
4577 7908
9447 7674
4439 3377
9172 8733
6477 5525
8091 9767
1125 1372
3453 2704
5665 3131
4475 4200
5653 371
6270 7129
2206 4829
4670 8936
8716 5189
9993 4511
1714 1686
5074 9111
200 1710
9934 482
9737 2389
7884 1575
6020 4581
3001 2741
165 3893
1013 3988
7546 7329
7027 4476
9721 4241
9421 1366
1770 7801
5397 7071
2306 8941
9790 9649
2576 3018
6555 9269
7356 9270
4803 3857
5076 6722
6857 6744
3906 398
6999 3121
6136 5
1124 7042
7770 3868
2188 1410
8904 3725
3447 9083
8892 5956
5482 6360
2562 2947
9857 9912
6694 9451
3694 7906
3412 8012
9692 7510
5974 4278
6809 7210
9064 9728
3347 5330
8687 6443
9325 8645
1703 89
3555 4950
2936 6376
5224 6019
4142 3995
9393 6229
8285 9620
6480 8481
8459 7213
9088 1772
2173 5489
7989 4909
1433 5862
5190 6741
4364 8823
9917 3925
9214 5607
4616 3257
8721 9116
4695 2002
5502 8183
7679 8513
6850 6795
9660 99
5453 8342
3205 1187
5841 8344
3309 5377
2233 2762
5144 2304
7437 9455
2377 1925
2455 7337
6288 8762
7923 8436
4496 5669
5166 3502
2099 4171
1445 3982
9681 5712
2132 8405
367 6743
4640 3309
6693 8287
5278 7180
6301 2755
7666 2311
1355 4284
2227 4736
6315 797
7264 3776
4746 7250
1396 2453
709 2926
4762 2997
454 3173
3798 5414
8481 242
5541 1915
4509 4798
2603 5875
3162 3192
4427 8801
1478 4093
2551 1575
8969 3257
8336 3814
8829 9110
6566 8342
8292 3283
5637 8951
7000 9815
4535 9040
6606 9243
6192 1491
5329 9514
4808 516
5927 5716
116 2275
379 2619
1444 11
5025 1095
5183 561
8246 110
766 8860
5708 7496
5706 7102
3969 2454
6314 8229
9971 4914
6066 3677
5946 8550
7605 3301
4671 2363
2921 3184
2183 7679
4949 8336
7231 6847
2213 5685
4307 7735
622 4336
7879 7406
6529 5305
2981 463
6950 2159
5319 6735
6715 2331
5857 1196
1622 8130
3223 7320
4034 4203
127 6739
333 3055
4567 1114
9678 2554
4227 739
7719 6726
5175 8785
5362 9772
495 764
9997 9316
6907 6577
4081 4523
1862 6311
6198 1691
7185 3177
7744 1174
1924 9445
2683 3819
3637 5394
195 8053
5756 6551
103 7994
6617 9835
4323 738
3873 1850
7545 636
881 6808
2806 469
312 8191
6123 6220
3116 6645
1665 9316
6790 9285
2195 2574
7067 9165
1677 7745
2693 6223
3624 1826
5757 9650
1620 1811
176 5505
1754 7406
1141 55
9138 1333
7569 2696
8951 3936
5224 2074
3796 1758
6744 7692
7435 347
1664 4290
4963 3634
6326 5554
8602 8641
8893 5419
4246 4481
3333 2390
533 9526
1333 9520
1070 4633
8932 5505
8178 6846
1475 3703
4914 6943
7207 5043
2276 206
6505 8374
4433 5663
440 4378
3110 2596
9223 5942
8062 6695
445 7224
9128 9231
1356 6659
9530 10
3657 2316
2996 837
1201 6560
5271 4845
7788 4279
5613 628
3079 6122
4380 2271
4094 6054
436 7235
5646 6962
1397 8026
26 3641
7741 1506
644 1837
8557 8934
9365 9942
1719 7913
4136 5075
1937 8752
9429 5190
3855 5563
9245 9247
4798 8486
4293 7009
7847 5000
6165 1147
2477 3903
3295 2707
6508 8619
8405 4099
8079 1023
6895 2525
4036 229
8954 5983
7365 9922
291 1539
3110 7909
2897 129
6138 6708
5771 8225
6708 1661
4218 1761
7677 2740
1736 2027
2128 3015
6802 5086
4600 5470
3065 9497
5043 967
8774 8988
25 2961
2457 20
7686 8418
334 9820
3169 2980
553 8108
7086 7773
3293 8047
242 3302
7901 4980
6175 3517
6728 816
8555 8606
7698 4402
5583 4279
3970 1788
7882 329
506 4648
1938 5764
2487 8421
2832 5676
4748 5705
6526 4639
9933 5923
9878 1334
3799 3244
4834 4004
4057 5658
1701 6257
6574 3131
5193 2094
8418 5141
5056 4809
7724 1688
4424 461
2117 6898
4277 9529
2957 1959
750 1974
6228 5348
5449 6598
6242 461
9149 4428
6963 5688
126 3223
9114 8218
147 570
8040 5541
8447 5168
3217 2569
974 7595
3720 1562
2694 5
35 4352
1503 2081
5375 1046
3231 8162
8206 1768
1500 9311
4201 7137
5541 5515
8386 5262
7084 5429
4357 6701
6569 4705
5520 8717
7366 1564
4703 7649
1987 8728
6833 3675
2646 1112
806 7655
634 7648
7504 3688
9566 8846
925 2782
9221 751
4078 8120
3358 3984
4998 4623
8434 1753
5526 2465
8827 3155
8419 1273
7225 1397
5787 947
3219 3734
2497 9726
1244 1988
6824 6823
3067 3669
4023 1650
3707 5818
3472 2287
645 3851
277 1476
8331 5361
6329 6701
138 2348
7286 5145
4214 6224
4079 3315
2669 2877
9776 5661
3951 8571
8773 5904
2436 2362
4064 1392
4272 1949
5219 5751
4873 544
6094 2177
6342 1544
6368 668
7383 9918
209 1823
8842 4292
5313 8192
8236 8351
9260 4261
445 638
8966 624
4267 6889
7472 6169
6382 4233
3163 3577
441 3999
512 4905
2808 633
8634 4574
3164 59
7457 371
8090 5992
1968 3100
3403 9939
2427 3401
5795 595
4639 2644
207 5027
5289 2071
2332 999
6881 3456
4007 7800
8618 3514
8648 6899
1747 2984
3824 3418
6152 1737
6802 1015
9444 4904
3109 9224
6364 6121
4184 557
6387 3154
8561 395
2920 6599
4997 3991
4294 1928
5690 5899
8595 6127
9934 9434
3850 5611
3854 1632
7300 8334
7285 5105
3579 7518
9445 5793
8593 6580
9453 2552
246 997
6921 3545
6309 1123
1893 3435
791 165
6923 1069
5683 1064
7873 356
8636 1702
8724 7949
3886 186
6485 1358
8719 2288
6911 1451
6588 4256
3478 4414
4630 1747
2519 705
9740 1899
7402 9298
2036 9134
5750 1629
3578 3855
7967 7024
1268 8095
3052 6507
9656 710
9063 7215
5319 2181
3272 9395
7976 5490
9522 4015
715 8196
5172 1776
1438 2267
2429 5683
9679 4657
8799 5033
6265 59
3755 9571
7505 7876
2552 4331
2671 2445
6942 8828
2275 9964
326 4637
4125 7747
8235 454
5479 5041
43 7030
532 6459
7043 2064
3207 6698
4095 4686
8961 2668
9212 5607
2396 4622
9256 3400
316 2062
3620 5973
6856 5100
5922 8692
7008 1248
8502 4841
1283 9853
816 7461
9768 9294
162 3019
126 6380
6536 9302
9065 7489
2269 4553
7444 1011
9123 4391
4884 6306
6481 770
5188 646
8024 7336
5617 6186
9203 3841
4783 478
2240 8916
5392 3541
9317 9356
9462 8516
3961 3854
9536 50
3238 3771
1292 4761
2515 4845
4906 9944
4956 46
1920 7609
1886 8145
5534 4462
6597 549
4221 5459
822 6849
7704 168
1278 8191
1913 1228
4724 5674
1038 3606
5436 4135
8497 8431
9862 8217
8114 1961
2279 8074
2870 7846
9921 6650
6311 8014
2483 7310
7857 9119
4883 5971
9538 8180
2801 5550
2942 2596
870 548
8516 7873
1082 6472
8782 8060
7020 9525
2730 8563
6807 8825
4910 1970
2500 4811
4335 3175
1563 4102
3467 2508
4530 6072
9907 64
9832 7652
1409 7102
6715 5265
6259 1378
6560 9915
2734 873
8645 7603
9126 9622
7060 1944
4188 2129
494 9078
1994 4651
6052 2934
8503 279
6211 8649
8525 4008
4645 7104
4203 8018
7860 5645
5573 8761
5392 9408
3716 9385
183 3408
5974 2090
6514 1974
4926 260
7919 6509
2459 1696
5711 4616
7025 9212
6137 4805
8483 9516
6863 8879
3756 6546
9347 5993
5349 8118
6029 7887
7708 5594
7432 2207
5928 1274
4764 3194
5994 2595
3644 8673
2973 2301
7280 41
9860 5743
4360 8439
9710 5943
6962 5401
7962 6492
2817 1415
9816 187
8181 9693
6932 5678
1586 9787
3715 8035
6288 1755
9459 3196
650 6096
2667 9532
1282 5413
5095 2435
9870 1161
9142 9972
8600 4490
6402 2962
4205 4503
2992 2691
4853 7486
5180 2
7648 636
4193 2376
9356 5532
3242 3534
984 657
7813 4263
878 566
8744 3866
5065 1480
8318 9499
4767 907
2294 757
7578 846
8714 5006
4940 6158
654 2775
4176 4558
2841 6221
6778 5221
7342 6667
3050 4337
2540 4649
9256 7258
4791 9279
7394 4508
982 296
9833 4288
9687 755
6505 7811
3708 1545
4763 5073
6670 1972
2657 1516
6322 2076
8806 2930
6928 2788
3743 3587
1849 2668
2418 2902
5261 5759
9890 3857
1056 7961
5241 1903
2259 3239
2827 3619
3817 9269
2166 582
6624 4594
9643 4410
8364 2027
6701 1938
4116 7908
4338 6761
8638 1234
6725 5931
4410 2700
420 5930
3622 2721
2524 8360
4073 3508
8861 7259
6234 618
8130 6692
3747 1858
2268 5916
3363 9525
9316 1096
1116 7125
5866 4722
7278 96
87 9388
3768 5743
3013 4217
7934 4082
5758 4188
3053 6576
5607 4994
9679 973
7408 755
8371 8321
354 7049
6239 5962
4463 9254
7493 3876
3462 4891
8326 1189
6665 2541
483 700
9274 3366
5781 3870
4557 6776
6226 8744
6307 4464
5639 6639
5229 4802
7900 9619
9389 9020
2909 5160
8788 981
9577 5796
5564 6185
4548 7807
8438 3637
5863 5239
9651 965
1062 919
3679 7522
4431 4369
5855 7458
8676 2693
6369 2210
9787 2026
7377 3177
5009 9729
880 4754
5410 5285
1991 3235
2018 7563
4920 8094
4618 5731
1938 5204
9163 7094
1059 5062
3114 54
7875 8618
9102 1235
5941 7098
6820 3180
9784 4057
2855 5369
2471 166
1365 3379
7327 9111
7840 2836
5191 4193
3822 1662
4437 3456
2176 6258
335 5113
1109 4553
3547 786
8832 7833
1172 3472
1723 5239
55 507
4835 1983
8441 2379
5144 7828
724 422
4724 1823
4340 7532
2649 7842
2654 8382
9630 3134
6335 636
6495 3035
7202 4656
5027 6469
7093 5747
379 1634
5878 566
7676 1606
7860 601
5085 7076
4592 9496
8208 8853
3201 9078
4869 8690
1333 3537
490 3604
366 9227
4089 3653
3492 5123
52 5293
7352 5787
1128 2971
7143 1085
57 8064
1520 887
5463 7270
3896 9861
4298 7183
4576 3910
8788 2910
8554 5680
7430 9066
5829 4620
3525 4137
6452 7590
5690 5454
3901 7136
1662 730
4580 6993
43 9221
6676 6311
2148 3308
8365 7687
2755 8755
8940 8912
740 958
43 4333
4761 8219
7073 7179
4442 6336
9780 1107
7064 4605
3715 7681
4598 2923
4043 7740
9554 3437
8525 2364
2212 7818
8747 940
40 5697
5876 6721
8146 3619
585 9662
9716 6182
5753 8691
945 7339
7505 5859
7993 7263
723 7686
759 4549
6768 5789
4191 3879
2262 2733
7979 7299
8594 7737
5938 7363
3966 2340
4756 7348
3890 3081
8254 9943
5523 1998
5197 1273
5419 8129
1031 6417
6620 10000
5879 1407
566 8167
5800 5684
5632 7978
3789 8177
8612 1627
4672 4890
4914 1222
4112 580
8750 4962
7319 5139
5440 7844
9589 2621
128 410
3074 4996
2912 1150
8348 367
4309 220
2446 7584
8700 3107
2601 2502
9104 2614
1672 9698
5957 7349
4991 2894
3689 1940
4717 2222
2734 9731
8947 8527
2285 4794
1556 3692
7113 939
8108 1060
4772 5487
6099 2648
3766 8587
6997 7007
7671 9651
9178 3434
8788 7868
2634 8356
5864 9940
1608 9113
2840 9348
3257 4840
9774 9760
8839 219
3110 8621
7205 9605
8464 9103
7825 593
7975 2362
2133 5888
7712 143
2007 6021
860 5432
7756 2791
6613 7826
9 2512
9492 9493
3175 9410
5657 3251
7627 4203
7203 3403
305 8125
9593 4378
895 77
3569 6995
7569 1139
6575 1923
6618 5085
2808 8882
3771 1511
9060 2978
9749 9042
5276 6705
3756 9556
3040 1251
7294 934
2790 8953
275 9185
2676 3606
2693 7925
3785 8908
2254 3321
1506 8199
5115 5184
8237 4031
1330 2473
4524 2649
1742 4180
5213 8646
3995 8369
8473 4577
4669 9492
976 2044
2430 9205
9260 5217
2411 9045
9441 8509
3059 7804
3447 200
3860 4090
1459 4361
9136 4385
2448 1377
2294 5339
1020 1952
8291 1975
1011 10
6531 1608
328 8212
5600 5833
3334 9628
2578 6253
7155 5783
3884 8265
